1515905417.73 2 22 118 94 2 2 2 1 1 2, 0 0 1 0 0 0 0 0 0 0
1515905418.74 13295 11595 10093 10304 11986 13407 3 45 2 2, 0 0 1 0 0 0 0 0 0 0
1515905419.74 21944 14683 13603 16831 15091 18676 4 45 4 3, 0 0 1 0 0 0 0 0 0 0
1515905420.75 21988 15606 15724 16677 18789 22498 2 13 2 2, 0 0 1 0 0 0 0 0 0 0
1515905421.76 21988 15606 15724 16677 18789 22498 2 13 2 2, 0 0 1 0 0 0 0 0 0 0
1515905422.76 21259 17591 16860 13707 15884 19400 7 662 2 4, 0 0 1 0 0 0 0 0 0 0
1515905423.78 17118 15784 15299 13526 15690 16468 1 1056 2 0, 0 0 1 0 0 0 0 0 0 0
1515905424.8 22465 21353 17110 13880 15150 18348 2 425 0 3, 0 0 1 0 0 0 0 0 0 0
1515905425.81 25378 22113 17297 16079 17276 20026 5 1052 5 4, 0 0 1 0 0 0 0 0 0 0
1515905426.81 27221 22724 16698 13974 14649 20889 4 1050 2 1, 0 0 1 0 0 0 0 0 0 0
1515905427.82 26037 18919 17174 15595 13267 21144 3 15 1 2, 0 0 1 0 0 0 0 0 0 0
1515905428.83 26453 19003 15547 14639 13511 20279 3 4 2 4, 0 0 1 0 0 0 0 0 0 0
1515905429.83 26132 19335 11713 12463 14181 21137 2 3 3 2, 0 0 1 0 0 0 0 0 0 0
1515905430.83 25939 20400 13915 11743 12639 19141 2 6 2 1, 0 0 1 0 0 0 0 0 0 0
1515905431.84 22181 20994 11749 12059 11970 16334 4 180 1 3, 0 0 1 0 0 0 0 0 0 0
1515905432.84 19367 16819 12068 10903 12265 16179 4 1184 5 3, 0 0 1 0 0 0 0 0 0 0
1515905433.86 16043 13503 11723 9069 11493 14139 9 1551 5 7, 0 0 1 0 0 0 0 0 0 0
1515905434.86 17184 13359 12822 12313 12902 16389 5 1010 3 7, 0 0 1 0 0 0 0 0 0 0
1515905435.86 22500 16548 13615 12061 13033 19386 7 1766 4 5, 0 0 1 0 0 0 0 0 0 0
1515905436.87 21784 17020 16329 14408 13632 18020 5 1226 5 5, 0 0 1 0 0 0 0 0 0 0
1515905437.88 21902 20709 16025 16110 14120 16963 2 895 3 4, 0 0 1 0 0 0 0 0 0 0
1515905438.89 21420 20245 17637 16067 13711 16195 2 1890 2 3, 0 0 1 0 0 0 0 0 0 0
1515905439.89 20077 20030 19875 15508 13989 17108 3 1638 3 1, 0 0 1 0 0 0 0 0 0 0
1515905440.89 20557 21607 21176 17105 16097 16588 4 1949 3 3, 0 0 1 0 0 0 0 0 0 0
1515905441.89 21363 20719 17761 15372 16275 18256 4 1570 1 4, 0 0 1 0 0 0 0 0 0 0
1515905442.9 23391 18431 15219 16242 17524 20189 3 547 4 5, 0 0 1 0 0 0 0 0 0 0
1515905443.93 24517 17517 12308 13469 15179 21842 4 398 1 3, 0 0 1 0 0 0 0 0 0 0
1515905444.93 24517 17517 12308 13469 15179 21842 4 398 1 3, 0 0 1 0 0 0 0 0 0 0
1515905445.93 14160 9415 8191 13452 15585 15952 3 869 3 4, 0 0 1 0 0 0 0 0 0 0
1515905446.93 32665 26409 13557 12685 16016 24258 8 173 6 8, 0 0 1 0 0 0 0 0 0 0
1515905447.93 27721 17575 10548 12790 15199 24722 9 271 4 6, 0 0 1 0 0 0 0 0 0 0
1515905448.94 33604 16730 10381 12790 15199 30980 9 293 4 6, 0 0 1 0 0 0 0 0 0 0
1515905449.94 25613 16953 10167 11925 15611 22727 7 469 7 11, 0 0 1 0 0 0 0 0 0 0
1515905450.95 29047 17748 12382 12505 14321 23081 2 891 6 6, 0 0 1 0 0 0 0 0 0 0
1515905451.95 26871 18176 15634 16723 14307 19105 13 1510 6 9, 0 0 1 0 0 0 0 0 0 0
1515905452.96 26806 18604 16310 16723 14307 18484 7 1246 6 9, 0 0 1 0 0 0 0 0 0 0
1515905453.97 28296 21935 16105 11501 12070 17322 4 2289 3 2, 0 0 1 0 0 0 0 0 0 0
1515905454.97 27286 23094 13640 11686 13181 18046 6 542 4 7, 0 0 1 0 0 0 0 0 0 0
1515905456.01 23925 21027 16711 13093 12303 16396 9 1104 4 7, 0 0 1 0 0 0 0 0 0 0
1515905457.02 22611 19562 17386 12172 12949 14350 5 1810 7 5, 0 0 1 0 0 0 0 0 0 0
1515905458.02 25552 19677 15659 12168 14322 16427 4 1661 6 4, 0 0 1 0 0 0 0 0 0 0
1515905459.04 24869 18343 15217 11764 14178 17692 5 1374 5 6, 0 0 1 0 0 0 0 0 0 0
1515905460.04 23917 15538 14231 11678 14164 16517 8 1333 9 7, 0 0 1 0 0 0 0 0 0 0
1515905461.04 22195 15653 14006 14620 17333 15486 10 786 10 7, 0 0 1 0 0 0 0 0 0 0
1515905462.06 20567 15206 14582 15787 14695 15530 6 1826 4 7, 0 0 1 0 0 0 0 0 0 0
1515905463.07 22335 14821 11069 12321 14821 18688 6 1644 8 9, 0 0 1 0 0 0 0 0 0 0
1515905464.07 23868 15365 9977 9654 12948 17816 8 2241 7 5, 0 0 1 0 0 0 0 0 0 0
1515905465.07 21835 13355 9166 10249 11909 16778 10 1592 8 8, 0 0 1 0 0 0 0 0 0 0
1515905466.07 20750 13349 11164 10265 12253 16153 10 1986 8 8, 0 0 1 0 0 0 0 0 0 0
1515905467.1 19492 12072 11287 10821 12575 14694 8 2610 5 7, 0 0 1 0 0 0 0 0 0 0
1515905468.1 18685 11797 12376 8602 10011 13824 9 3319 7 6, 0 0 1 0 0 0 0 0 0 0
1515905469.11 22157 17121 14378 10331 10958 17031 7 1631 5 8, 0 0 1 0 0 0 0 0 0 0
1515905470.12 20005 15079 15459 8061 10559 14437 9 2517 5 8, 0 0 1 0 0 0 0 0 0 0
1515905471.13 15740 11454 14291 9844 10122 12352 5 2449 4 7, 0 0 1 0 0 0 0 0 0 0
1515905472.13 18825 11612 14615 11416 11768 16995 9 1349 7 5, 0 0 1 0 0 0 0 0 0 0
1515905473.13 21496 12911 12385 10530 12988 20223 5 179 3 5, 0 0 1 0 0 0 0 0 0 0
1515905474.14 21630 14364 12820 9361 12671 19977 7 812 7 10, 0 0 1 0 0 0 0 0 0 0
1515905475.15 18385 12449 12014 7091 10284 16124 7 1002 6 8, 0 0 1 0 0 0 0 0 0 0
1515905476.2 18284 11053 11263 7091 10284 14907 12 1443 6 8, 0 0 1 0 0 0 0 0 0 0
1515905477.2 16993 11647 17352 9363 11332 14533 13 1977 8 11, 0 0 1 0 0 0 0 0 0 0
1515905478.2 15287 11615 17610 7894 11328 14970 8 2084 6 6, 0 0 1 0 0 0 0 0 0 0
1515905479.21 16134 11569 16822 13271 14335 13436 8 2973 4 5, 0 0 1 0 0 0 0 0 0 0
1515905480.21 14378 10079 15455 9151 10234 10612 7 3890 6 4, 0 0 1 0 0 0 0 0 0 0
1515905481.22 14920 9380 13359 6416 8606 10277 12 3061 11 10, 0 0 1 0 0 0 0 0 0 0
1515905482.22 14016 8142 10924 8386 11791 10662 10 3044 6 5, 0 0 1 0 0 0 0 0 0 0
1515905483.22 13323 10597 11417 8793 13031 12287 11 762 9 8, 0 0 1 0 0 0 0 0 0 0
1515905484.22 11592 10061 10543 9226 14016 11064 10 146 6 6, 0 0 1 0 0 0 0 0 0 0
1515905485.25 13615 7507 7231 9922 13692 13394 9 75 4 8, 0 0 1 0 0 0 0 0 0 0
1515905486.25 15059 9002 7203 9613 12789 12977 10 569 7 6, 0 0 1 0 0 0 0 0 0 0
1515905487.25 14824 8539 7063 9818 13623 14250 10 449 8 9, 0 0 1 0 0 0 0 0 0 0
1515905488.26 13940 8406 8423 9001 13054 13913 12 138 10 6, 0 0 1 0 0 0 0 0 0 0
1515905489.26 16665 8566 8196 9030 15526 16306 14 189 12 10, 0 0 1 0 0 0 0 0 0 0
1515905490.27 13290 5659 5821 6399 12235 13748 13 73 11 10, 0 0 1 0 0 0 0 0 0 0
1515905491.29 14240 9580 10969 11650 14242 13881 9 105 9 5, 0 0 1 0 0 0 0 0 0 0
1515905492.29 12186 8882 9817 10028 11690 10490 8 19 6 5, 0 0 1 0 0 0 0 0 0 0
1515905493.33 12169 12675 13771 10163 11417 12545 13 10 3 10, 0 0 1 0 0 0 0 0 0 0
1515905494.33 12585 12787 12169 11362 11785 12850 8 15 7 6, 0 0 1 0 0 0 0 0 0 0
1515905495.33 12865 11778 7876 7589 12376 12787 10 182 9 6, 0 0 1 0 0 0 0 0 0 0
1515905496.34 13812 11292 8078 7551 13020 12725 15 20 11 9, 0 0 1 0 0 0 0 0 0 0
1515905497.34 15036 9461 6608 7093 12989 13619 11 25 6 6, 0 0 1 0 0 0 0 0 0 0
1515905498.34 14160 9681 8361 8056 13276 12778 13 49 9 10, 0 0 1 0 0 0 0 0 0 0
1515905499.34 15890 11512 10053 6662 10886 13926 6 27 4 7, 0 0 1 0 0 0 0 0 0 0
1515905500.34 16073 8707 8260 6133 10844 13050 11 18 6 7, 0 0 1 0 0 0 0 0 0 0
1515905501.35 15239 10196 8795 6092 11604 13888 12 14 4 5, 0 0 1 0 0 0 0 0 0 0
1515905502.35 15131 9185 6459 5015 12873 15594 11 16 10 9, 0 0 1 0 0 0 0 0 0 0
1515905503.35 16475 7736 5757 5091 11858 16748 14 193 7 8, 0 0 1 0 0 0 0 0 0 0
1515905504.39 18007 9605 4315 4044 9963 15686 14 90 10 8, 0 0 1 0 0 0 0 0 0 0
1515905505.39 18687 9802 4084 2101 7825 13601 10 432 6 7, 0 0 1 0 0 0 0 0 0 0
1515905506.42 18047 7959 3830 3486 9081 14864 7 613 4 3, 0 0 1 0 0 0 0 0 0 0
1515905507.42 18473 8928 3497 4384 9009 13479 7 714 5 3, 0 0 1 0 0 0 0 0 0 0
1515905508.42 19083 10307 8713 6341 8146 12221 8 1356 5 6, 0 0 1 0 0 0 0 0 0 0
1515905509.43 18847 8420 6666 4996 6086 13684 16 1715 8 11, 0 0 1 0 0 0 0 0 0 0
1515905510.43 15771 9015 8420 5539 5982 12529 13 202 10 11, 0 0 1 0 0 0 0 0 0 0
1515905511.43 17598 8154 7553 3726 5322 13942 15 1398 8 10, 0 0 1 0 0 0 0 0 0 0
1515905512.43 18661 11150 6335 3776 6390 12894 16 1135 11 12, 0 0 1 0 0 0 0 0 0 0
1515905513.43 21314 11246 6660 3158 4983 14110 10 1424 10 9, 0 0 1 0 0 0 0 0 0 0
1515905514.46 23255 12224 7095 3612 5426 15941 5 430 1 2, 0 0 1 0 0 0 0 0 0 0
1515905515.46 21305 11093 7308 3708 5045 13097 10 14 4 7, 0 0 1 0 0 0 0 0 0 0
1515905516.46 21235 11799 5445 1824 3089 11374 11 13 7 8, 0 0 1 0 0 0 0 0 0 0
1515905517.46 20793 9037 2891 1044 2665 10441 15 21 8 13, 0 0 1 0 0 0 0 0 0 0
1515905518.46 20249 9732 2598 805 2977 8912 11 24 8 9, 0 0 1 0 0 0 0 0 0 0
1515905519.46 19187 8837 2330 1333 3972 10000 10 20 9 7, 0 0 1 0 0 0 0 0 0 0
1515905520.46 19751 9312 2073 326 3326 10440 7 17 5 4, 0 0 1 0 0 0 0 0 0 0
1515905521.46 21611 10439 1910 160 4259 13887 10 18 7 8, 0 0 1 0 0 0 0 0 0 0
1515905522.46 22191 12660 4336 1209 3449 12898 9 19 6 9, 0 0 1 0 0 0 0 0 0 0
1515905523.46 22842 11951 5128 1815 2758 10702 4 1332 3 6, 0 0 1 0 0 0 0 0 0 0
1515905524.46 22140 14755 13772 4112 3519 10423 11 1620 9 9, 0 0 1 0 0 0 0 0 0 0
1515905525.46 19134 14420 16645 4597 3756 9615 10 956 9 11, 0 0 1 0 0 0 0 0 0 0
1515905526.46 17809 13510 15681 4575 3734 8500 11 1814 9 8, 0 0 1 0 0 0 0 0 0 0
1515905527.46 14670 10904 15096 4656 3906 7878 7 1928 5 4, 0 0 1 0 0 0 0 0 0 0
1515905528.46 15931 12579 11717 3365 5623 9081 12 1102 8 7, 0 0 1 0 0 0 0 0 0 0
1515905529.47 16331 14000 10627 2344 4391 8290 12 1366 3 5, 0 0 1 0 0 0 0 0 0 0
1515905530.47 13567 18956 14663 2309 2569 5358 5 771 3 5, 0 0 1 0 0 0 0 0 0 0
1515905531.47 14041 18926 13738 2078 2550 4793 10 1105 3 9, 0 0 1 0 0 0 0 0 0 0
1515905532.47 12608 18528 14111 2932 2793 4967 12 199 6 9, 0 0 1 0 0 0 0 0 0 0
1515905533.48 9456 16757 13397 4269 3519 4548 12 198 5 10, 0 0 1 0 0 0 0 0 0 0
1515905534.48 10511 11642 10783 5795 5421 7907 13 28 4 7, 0 0 1 0 0 0 0 0 0 0
1515905535.49 12542 12330 19936 15282 8883 10391 5 8 2 2, 0 0 1 0 0 0 0 0 0 0
1515905536.5 17581 14059 17213 12054 8512 13840 8 6 3 5, 0 0 1 0 0 0 0 0 0 0
1515905537.5 16453 14859 15831 12015 10686 12118 4 10 5 6, 0 0 1 0 0 0 0 0 0 0
1515905538.5 13755 11185 15496 13802 12157 10800 3 9 3 6, 0 0 1 0 0 0 0 0 0 0
1515905539.51 12999 10576 17291 15055 12157 10670 8 6 5 7, 0 0 1 0 0 0 0 0 0 0
1515905540.52 9756 9846 12088 12713 11130 7276 14 19 12 11, 0 0 1 0 0 0 0 0 0 0
1515905541.52 7343 12398 15871 14703 7445 2904 15 34 9 13, 0 0 1 0 0 0 0 0 0 0
1515905542.52 8682 14208 20793 18592 8361 3065 8 11 4 8, 0 0 1 0 0 0 0 0 0 0
1515905543.52 7587 8919 18140 15916 7424 3448 11 11 8 10, 0 0 1 0 0 0 0 0 0 0
1515905544.52 3263 4410 15505 10387 3717 1501 9 14 3 5, 0 0 1 0 0 0 0 0 0 0
1515905545.53 1395 5478 14602 9326 2988 757 4 11 4 4, 0 0 1 0 0 0 0 0 0 0
1515905546.53 1998 7489 8869 5431 3140 1010 9 12 5 6, 0 0 1 0 0 0 0 0 0 0
1515905547.53 1468 5152 5499 3358 2292 775 9 25 9 9, 0 0 1 0 0 0 0 0 0 0
1515905548.53 973 3597 5356 4357 1971 627 14 23 7 9, 0 0 1 0 0 0 0 0 0 0
1515905549.53 836 2508 5811 9260 7491 2702 11 20 8 9, 0 0 1 0 0 0 0 0 0 0
1515905550.54 203 1302 4773 9449 7051 2095 7 30 8 7, 0 0 1 0 0 0 0 0 0 0
1515905551.56 141 715 3661 9476 6067 2021 11 32 9 5, 0 0 1 0 0 0 0 0 0 0
1515905552.56 173 115 883 8481 7251 2236 13 21 11 10, 0 0 1 0 0 0 0 0 0 0
1515905553.56 157 84 865 5278 4639 1746 10 20 4 9, 0 0 1 0 0 0 0 0 0 0
1515905554.56 366 899 2526 5168 2928 922 9 22 12 9, 0 0 1 0 0 0 0 0 0 0
1515905555.56 1993 4286 8079 7119 3265 2253 9 15 6 7, 0 0 1 0 0 0 0 0 0 0
1515905556.56 1282 3584 9422 5916 2234 1405 7 12 4 6, 0 0 1 0 0 0 0 0 0 0
1515905557.56 1774 4566 11699 6637 2055 1758 11 24 8 8, 0 0 1 0 0 0 0 0 0 0
1515905558.57 6573 10451 15661 7969 1767 2914 17 37 13 12, 0 0 1 0 0 0 0 0 0 0
1515905559.57 7550 11027 11461 2444 3274 6561 15 21 8 8, 0 0 1 0 0 0 0 0 0 0
1515905560.58 11673 10043 6095 1940 2729 8956 13 20 11 11, 0 0 1 0 0 0 0 0 0 0
1515905561.58 10032 10248 5881 2123 2267 6319 10 171 6 7, 0 0 1 0 0 0 0 0 0 0
1515905562.58 11172 10919 4970 1536 2867 7280 9 24 7 6, 0 0 1 0 0 0 0 0 0 0
1515905563.58 11095 13510 4730 1438 1124 4509 12 19 5 8, 0 0 1 0 0 0 0 0 0 0
1515905564.58 13365 15694 6058 1928 778 4460 6 10 6 6, 0 0 1 0 0 0 0 0 0 0
1515905565.58 14501 16786 4680 1360 1035 3596 8 23 11 6, 0 0 1 0 0 0 0 0 0 0
1515905566.6 15606 15978 5882 971 841 5284 6 8 4 3, 0 0 1 0 0 0 0 0 0 0
1515905567.6 14057 16121 5994 1297 873 4053 10 13 10 7, 0 0 1 0 0 0 0 0 0 0
1515905568.6 12587 14552 10204 4119 2514 4407 7 79 7 5, 0 0 1 0 0 0 0 0 0 0
1515905569.61 9087 11972 10204 4119 2514 4189 7 79 9 6, 0 0 1 0 0 0 0 0 0 0
1515905570.61 6535 11339 16000 5025 2556 4994 4 148 6 8, 0 0 1 0 0 0 0 0 0 0
1515905571.61 7358 10617 17729 7860 7021 7488 17 23 9 15, 0 0 1 0 0 0 0 0 0 0
1515905572.62 4710 8534 18805 8594 8767 8219 14 24 10 12, 0 0 1 0 0 0 0 0 0 0
1515905573.62 3401 5114 14376 7108 7783 7114 15 19 9 10, 0 0 1 0 0 0 0 0 0 0
1515905574.63 4095 5812 10641 12044 10914 7266 10 12 6 7, 0 0 1 0 0 0 0 0 0 0
1515905575.63 3795 4987 11951 15666 12164 7487 13 17 12 8, 0 0 1 0 0 0 0 0 0 0
1515905576.63 3581 4872 12982 17304 12432 7245 9 237 7 6, 0 0 1 0 0 0 0 0 0 0
1515905577.63 5562 5789 12643 18863 13316 8308 6 242 6 6, 0 0 1 0 0 0 0 0 0 0
1515905578.64 5262 5473 12512 18863 13316 7030 10 17 6 6, 0 0 1 0 0 0 0 0 0 0
1515905579.64 3606 4324 9454 18416 10772 4050 6 14 3 4, 0 0 1 0 0 0 0 0 0 0
1515905580.64 4646 4699 7483 18537 11208 5334 3 13 3 3, 0 0 1 0 0 0 0 0 0 0
1515905581.64 5236 5999 9244 15988 8102 4446 11 17 9 8, 0 0 1 0 0 0 0 0 0 0
1515905582.65 4152 5380 10322 14247 5788 3075 9 24 8 5, 0 0 1 0 0 0 0 0 0 0
1515905583.65 4564 6525 9972 10054 5300 2962 3 18 4 3, 0 0 1 0 0 0 0 0 0 0
1515905584.66 3451 7830 13207 8002 4077 1859 5 24 5 4, 0 0 1 0 0 0 0 0 0 0
1515905585.66 4231 8576 14944 7930 2379 1043 10 18 4 8, 0 0 1 0 0 0 0 0 0 0
1515905586.66 2588 7481 14738 5375 1328 292 5 8 1 4, 0 0 1 0 0 0 0 0 0 0
1515905587.66 1238 6469 11341 3883 914 120 11 18 9 7, 0 0 1 0 0 0 0 0 0 0
1515905588.66 1500 5441 7039 2314 727 135 12 18 7 8, 0 0 1 0 0 0 0 0 0 0
1515905589.66 1765 5076 4939 1561 813 598 10 23 6 5, 0 0 1 0 0 0 0 0 0 0
1515905590.67 5098 5286 3776 1136 1612 3888 15 27 11 11, 0 0 1 0 0 0 0 0 0 0
1515905591.68 11535 9228 6569 1824 3557 8365 12 22 5 5, 0 0 1 0 0 0 0 0 0 0
1515905592.68 12643 8369 6024 1451 4476 10553 11 17 6 10, 0 0 1 0 0 0 0 0 0 0
1515905593.73 10331 4223 2495 1067 3731 10876 7 15 2 7, 0 0 1 0 0 0 0 0 0 0
1515905594.73 10322 3536 1008 1082 4932 10883 8 13 8 6, 0 0 1 0 0 0 0 0 0 0
1515905595.74 14216 4993 1157 2021 6912 12871 11 15 5 8, 0 0 1 0 0 0 0 0 0 0
1515905596.74 12875 5895 1818 1637 4998 11578 10 16 6 9, 0 0 1 0 0 0 0 0 0 0
1515905597.74 11220 5224 1584 1596 3897 10291 13 21 8 9, 0 0 1 0 0 0 0 0 0 0
1515905598.74 7439 4050 1065 1921 5182 9696 11 20 8 8, 0 0 1 0 0 0 0 0 0 0
1515905599.74 6534 5327 2269 1933 5347 8346 9 96 5 9, 0 0 1 0 0 0 0 0 0 0
1515905600.74 11704 9579 2905 3130 5921 9869 8 32 4 7, 0 0 1 0 0 0 0 0 0 0
1515905601.74 15510 12924 6387 7062 8054 12470 7 22 7 5, 0 0 1 0 0 0 0 0 0 0
1515905602.74 12726 11375 11983 12364 9523 11992 9 15 7 8, 0 0 1 0 0 0 0 0 0 0
1515905603.74 9642 7121 9607 10457 10383 10985 12 21 6 5, 0 0 1 0 0 0 0 0 0 0
1515905604.75 13717 6617 8745 10728 11636 17126 10 16 6 8, 0 0 1 0 0 0 0 0 0 0
1515905605.75 12487 5383 9416 12503 13401 18964 10 18 7 6, 0 0 1 0 0 0 0 0 0 0
1515905606.75 6522 2507 6509 10254 11544 13849 8 23 6 7, 0 0 1 0 0 0 0 0 0 0
1515905607.75 12004 4524 5355 7300 9880 15412 6 385 3 5, 0 0 1 0 0 0 0 0 0 0
1515905608.75 10929 6849 8558 7404 7802 15362 8 19 6 7, 0 0 1 0 0 0 0 0 0 0
1515905609.75 12891 7958 10341 8545 8246 15067 7 13 7 6, 0 0 1 0 0 0 0 0 0 0
1515905610.77 12007 6608 10331 8534 8252 14167 7 11 5 3, 0 0 1 0 0 0 0 0 0 0
1515905611.77 12226 7001 10651 7326 5328 11636 13 15 8 11, 0 0 1 0 0 0 0 0 0 0
1515905612.77 13726 11642 13505 6745 6641 11975 11 17 3 8, 0 0 1 0 0 0 0 0 0 0
1515905613.78 12606 12417 16259 8250 9334 11981 9 24 9 6, 0 0 1 0 0 0 0 0 0 0
1515905614.79 14296 13806 15319 9487 11208 13670 7 10 4 7, 0 0 1 0 0 0 0 0 0 0
1515905615.81 13437 12477 15517 10617 11882 13443 8 24 5 4, 0 0 1 0 0 0 0 0 0 0
1515905616.82 12755 11848 15138 9368 11510 12239 4 6 4 4, 0 0 1 0 0 0 0 0 0 0
1515905617.82 12154 10858 12148 10784 13051 11286 7 15 5 3, 0 0 1 0 0 0 0 0 0 0
1515905618.82 9214 9672 9384 13795 14307 8446 11 27 8 7, 0 0 1 0 0 0 0 0 0 0
1515905619.82 7007 7807 7238 12041 13635 7469 12 28 7 7, 0 0 1 0 0 0 0 0 0 0
1515905620.82 7452 6571 7157 11994 13484 7450 8 25 8 7, 0 0 1 0 0 0 0 0 0 0
1515905621.82 7053 6219 5177 8192 12422 8048 11 15 5 6, 0 0 1 0 0 0 0 0 0 0
1515905622.82 5920 2861 2730 4991 6759 7057 11 15 8 10, 0 0 1 0 0 0 0 0 0 0
1515905623.82 5046 1699 927 2197 4409 5156 14 30 10 10, 0 0 1 0 0 0 0 0 0 0
1515905624.82 5337 2809 640 703 3329 5052 11 26 8 7, 0 0 1 0 0 0 0 0 0 0
1515905625.83 8054 7190 2075 1246 3567 5783 13 17 8 6, 0 0 1 0 0 0 0 0 0 0
1515905626.83 6599 10831 8606 4611 2685 3540 13 23 9 10, 0 0 1 0 0 0 0 0 0 0
1515905627.83 6552 11505 13345 6919 4023 4581 7 16 7 6, 0 0 1 0 0 0 0 0 0 0
1515905628.83 6059 10098 14773 7377 4687 4760 9 16 5 5, 0 0 1 0 0 0 0 0 0 0
1515905629.84 7701 11124 11341 5404 5266 7255 10 18 12 8, 0 0 1 0 0 0 0 0 0 0
1515905630.84 8518 9056 11519 4963 4536 7902 10 16 12 6, 0 0 1 0 0 0 0 0 0 0
1515905631.85 9567 8952 9357 5528 6313 9503 11 10 8 7, 0 0 1 0 0 0 0 0 0 0
1515905632.85 8251 8058 8871 4609 5952 8934 11 24 9 6, 0 0 1 0 0 0 0 0 0 0
1515905633.85 5450 5977 6497 4005 5772 7953 11 21 12 8, 0 0 1 0 0 0 0 0 0 0
1515905634.85 8436 7421 8263 3136 5965 9377 10 16 9 6, 0 0 1 0 0 0 0 0 0 0
1515905635.85 12495 8366 4772 1147 4938 10426 15 26 16 11, 0 0 1 0 0 0 0 0 0 0
1515905636.86 14282 6430 3462 2006 4997 13749 9 68 8 4, 0 0 1 0 0 0 0 0 0 0
1515905637.87 14073 7394 6647 6352 6004 14318 11 31 11 9, 0 0 1 0 0 0 0 0 0 0
1515905638.87 15821 9540 5787 5513 11116 19536 17 29 13 11, 0 0 1 0 0 0 0 0 0 0
1515905639.87 12192 7351 7253 4465 10284 13812 10 15 10 8, 0 0 1 0 0 0 0 0 0 0
1515905640.87 13785 9418 7841 5208 9520 14449 11 17 7 6, 0 0 1 0 0 0 0 0 0 0
1515905641.88 10698 7792 9391 3506 8818 13532 10 37 10 6, 0 0 1 0 0 0 0 0 0 0
1515905642.89 9191 9193 11173 4329 8053 10720 10 25 10 8, 0 0 1 0 0 0 0 0 0 0
1515905643.9 7393 8094 12152 5943 6976 7780 7 12 7 4, 0 0 1 0 0 0 0 0 0 0
1515905644.9 3912 6374 12237 6635 4758 4552 11 22 8 6, 0 0 1 0 0 0 0 0 0 0
1515905645.9 3050 4838 12194 7759 4742 3677 6 15 6 4, 0 0 1 0 0 0 0 0 0 0
1515905646.9 1946 4183 13751 9193 4576 2894 9 12 6 5, 0 0 1 0 0 0 0 0 0 0
1515905647.9 1756 3115 10646 7845 3852 2765 14 23 13 8, 0 0 1 0 0 0 0 0 0 0
1515905648.9 2904 5913 14635 9429 4382 3096 8 21 6 3, 0 0 1 0 0 0 0 0 0 0
1515905649.91 2787 5778 14344 9406 4780 3072 11 14 8 6, 0 0 1 0 0 0 0 0 0 0
1515905650.91 2152 6297 18264 10944 4260 2112 13 209 12 11, 0 0 1 0 0 0 0 0 0 0
1515905651.92 1479 6104 17850 14354 6521 2480 16 25 10 9, 0 0 1 0 0 0 0 0 0 0
1515905652.92 2408 6324 16922 14109 4349 1955 16 20 11 9, 0 0 1 0 0 0 0 0 0 0
1515905653.92 2736 6749 13458 8681 3052 1872 10 15 6 6, 0 0 1 0 0 0 0 0 0 0
1515905654.92 4431 8081 16713 9067 2285 1858 18 31 13 12, 0 0 1 0 0 0 0 0 0 0
1515905655.93 7433 12194 17685 9048 3651 3561 16 30 12 10, 0 0 1 0 0 0 0 0 0 0
1515905656.93 7705 14486 20958 4698 1831 2822 14 14 3 7, 0 0 1 0 0 0 0 0 0 0
1515905657.93 8236 15017 15737 8403 2820 3873 13 21 13 12, 0 0 1 0 0 0 0 0 0 0
1515905658.94 9498 12136 15175 9312 5270 6945 13 15 8 8, 0 0 1 0 0 0 0 0 0 0
1515905659.94 7999 11134 15926 12583 7590 7360 9 11 7 6, 0 0 1 0 0 0 0 0 0 0
1515905660.94 5220 8917 16014 14903 8864 6187 10 114 6 5, 0 0 1 0 0 0 0 0 0 0
1515905661.95 8421 10417 13831 15172 10782 9837 13 21 10 11, 0 0 1 0 0 0 0 0 0 0
1515905662.95 7083 10521 12673 16149 10894 7948 12 10 6 9, 0 0 1 0 0 0 0 0 0 0
1515905663.95 5311 7680 8191 14128 9109 6524 10 170 6 8, 0 0 1 0 0 0 0 0 0 0
1515905664.95 5756 9323 11059 15697 9509 6680 13 17 10 10, 0 0 1 0 0 0 0 0 0 0
1515905665.96 5907 9323 11074 15053 9308 7904 15 33 10 10, 0 0 1 0 0 0 0 0 0 0
1515905666.96 8500 13870 10153 12710 9177 9144 16 44 10 9, 0 0 1 0 0 0 0 0 0 0
1515905667.96 7910 10223 8382 8992 8722 9164 9 15 10 6, 0 0 1 0 0 0 0 0 0 0
1515905668.97 8653 10689 7354 7669 9955 9632 8 17 10 8, 0 0 1 0 0 0 0 0 0 0
1515905669.97 7067 8304 6740 6890 7962 10337 12 25 11 9, 0 0 1 0 0 0 0 0 0 0
1515905670.97 10324 8980 6777 4804 9535 14317 14 14 5 11, 0 0 1 0 0 0 0 0 0 0
1515905671.97 9250 5842 5746 5973 9335 12459 13 15 12 13, 0 0 1 0 0 0 0 0 0 0
1515905672.98 11490 7513 5904 8279 10467 13354 8 24 9 7, 0 0 1 0 0 0 0 0 0 0
1515905673.98 7801 5770 5623 7164 8184 10282 10 17 7 7, 0 0 1 0 0 0 0 0 0 0
1515905674.98 12090 7350 2750 5201 9674 12955 6 9 6 5, 0 0 1 0 0 0 0 0 0 0
1515905675.98 15903 9627 4987 6976 8398 15781 5 9 6 5, 0 0 1 0 0 0 0 0 0 0
1515905676.99 12122 10249 9006 6447 7635 13580 7 7 5 6, 0 0 1 0 0 0 0 0 0 0
1515905677.99 15510 12317 9127 5360 6012 13172 10 11 5 8, 0 0 1 0 0 0 0 0 0 0
1515905679.0 16843 10679 7867 5332 7125 14951 8 10 6 6, 0 0 1 0 0 0 0 0 0 0
1515905680.0 12651 10037 12546 8588 7110 12995 10 12 7 11, 0 0 1 0 0 0 0 0 0 0
1515905681.0 8738 11424 14727 5856 3735 7586 9 22 14 6, 0 0 1 0 0 0 0 0 0 0
1515905682.0 3767 9422 13181 3910 2527 4666 16 23 12 11, 0 0 1 0 0 0 0 0 0 0
1515905683.0 4109 8430 12522 4138 1841 3661 18 229 9 12, 0 0 1 0 0 0 0 0 0 0
1515905684.01 3518 9957 9131 1894 1870 1540 10 16 9 11, 0 0 1 0 0 0 0 0 0 0
1515905685.01 4596 7899 8091 1192 916 2406 20 473 10 12, 0 0 1 0 0 0 0 0 0 0
1515905686.02 15649 13330 9886 911 2743 8483 21 1836 12 12, 0 0 1 0 0 0 0 0 0 0
1515905687.02 16669 13843 9191 539 1953 6294 15 2032 10 9, 0 0 1 0 0 0 0 0 0 0
1515905688.02 16322 11017 5747 1343 3697 8762 12 1787 8 8, 0 0 1 0 0 0 0 0 0 0
1515905689.03 15889 9378 5475 698 3131 6402 13 1772 9 10, 0 0 1 0 0 0 0 0 0 0
1515905690.03 13163 7780 5253 3198 6667 7876 12 1334 12 7, 0 0 1 0 0 0 0 0 0 0
1515905691.03 14204 10089 5589 6925 10105 8626 8 16 6 10, 0 0 1 0 0 0 0 0 0 0
1515905692.04 11162 9833 5401 7298 9590 6920 9 16 10 7, 0 0 1 0 0 0 0 0 0 0
1515905693.05 13509 10686 5396 6899 9199 8368 9 18 8 3, 0 0 1 0 0 0 0 0 0 0
1515905694.05 11940 8093 2140 6096 8117 6618 7 16 6 5, 0 0 1 0 0 0 0 0 0 0
1515905695.05 10837 7840 4930 8149 9528 10453 12 133 4 11, 0 0 1 0 0 0 0 0 0 0
1515905696.06 11173 8068 3610 8812 9425 10820 12 1797 15 11, 0 0 1 0 0 0 0 0 0 0
1515905697.06 12872 7903 3263 9499 11466 12867 9 1924 9 9, 0 0 1 0 0 0 0 0 0 0
1515905698.06 14644 7875 5089 11167 11120 13797 15 1456 12 13, 0 0 1 0 0 0 0 0 0 0
1515905699.06 17626 11577 8904 11545 10410 13733 12 1575 9 13, 0 0 1 0 0 0 0 0 0 0
1515905700.08 20101 10723 8905 11724 10230 14658 11 1410 8 8, 0 0 1 0 0 0 0 0 0 0
1515905701.08 19387 10978 9690 13495 12027 15098 7 491 7 8, 0 0 1 0 0 0 0 0 0 0
1515905702.09 21044 14468 9390 11736 11906 14669 7 217 2 6, 0 0 1 0 0 0 0 0 0 0
1515905703.1 22286 12136 7538 10294 11705 15172 7 2086 6 7, 0 0 1 0 0 0 0 0 0 0
1515905704.12 20599 12546 7232 10965 12554 14572 4 88 7 9, 0 0 1 0 0 0 0 0 0 0
1515905705.12 17677 13424 9814 10004 8098 9220 9 9 3 6, 0 0 1 0 0 0 0 0 0 0
1515905706.14 16610 8878 9432 12569 8774 9945 8 7 4 8, 0 0 1 0 0 0 0 0 0 0
1515905707.14 12566 5540 5255 9364 8193 8491 9 15 7 10, 0 0 1 0 0 0 0 0 0 0
1515905708.14 11767 6710 6659 8866 7077 7171 17 21 11 12, 0 0 1 0 0 0 0 0 0 0
1515905709.16 13303 8425 8003 8042 9532 10524 13 19 10 6, 0 0 1 0 0 0 0 0 0 0
1515905710.17 9124 8328 10998 9724 7777 5859 9 17 6 8, 0 0 1 0 0 0 0 0 0 0
1515905711.17 7534 7216 8427 4743 4776 3574 13 79 8 10, 0 0 1 0 0 0 0 0 0 0
1515905712.2 9689 8665 9475 6966 6384 7990 6 251 7 5, 0 0 1 0 0 0 0 0 0 0
1515905713.2 8743 6330 7711 7780 7320 7348 13 479 7 9, 0 0 1 0 0 0 0 0 0 0
1515905714.2 9379 7100 5597 9578 7122 7806 14 627 7 13, 0 0 1 0 0 0 0 0 0 0
1515905715.2 12004 8314 4220 7099 6492 9314 19 337 12 14, 0 0 1 0 0 0 0 0 0 0
1515905716.2 14301 8884 6336 7075 7398 11241 10 938 5 7, 0 0 1 0 0 0 0 0 0 0
1515905717.2 16611 8854 3378 5233 8476 11292 4 1342 2 4, 0 0 1 0 0 0 0 0 0 0
1515905718.2 19711 14820 5170 3428 8531 14478 5 325 7 5, 0 0 1 0 0 0 0 0 0 0
1515905719.2 19238 14997 6135 3889 8990 15358 12 11 3 7, 0 0 1 0 0 0 0 0 0 0
1515905720.21 20877 15165 4359 1820 8954 16092 5 13 5 4, 0 0 1 0 0 0 0 0 0 0
1515905721.21 22030 15842 5300 2459 8880 16017 5 4 3 3, 0 0 1 0 0 0 0 0 0 0
1515905722.21 20729 17186 5233 1856 9602 15240 5 11 5 6, 0 0 1 0 0 0 0 0 0 0
1515905723.21 21196 15033 3509 1301 10150 18380 11 13 6 9, 0 0 1 0 0 0 0 0 0 0
1515905724.21 20867 12085 2179 3390 11246 16918 6 7 3 5, 0 0 1 0 0 0 0 0 0 0
1515905725.21 19462 12168 1553 2848 12260 17510 3 7 2 5, 0 0 1 0 0 0 0 0 0 0
1515905726.21 14583 10577 2970 2667 10058 13464 7 13 1 6, 0 0 1 0 0 0 0 0 0 0
1515905727.21 11465 10539 5585 2599 9918 13996 5 16 4 4, 0 0 1 0 0 0 0 0 0 0
1515905728.21 10725 8995 5381 3524 9537 11390 5 12 6 7, 0 0 1 0 0 0 0 0 0 0
1515905729.21 10211 9192 6239 2222 7156 8136 6 176 8 7, 0 0 1 0 0 0 0 0 0 0
1515905730.21 12307 12025 10458 6901 9820 11730 9 1018 6 8, 0 0 1 0 0 0 0 0 0 0
1515905731.21 14158 14704 10431 7899 9672 10271 4 1244 1 3, 0 0 1 0 0 0 0 0 0 0
1515905732.22 15257 17199 10387 8559 9630 9744 5 1310 6 5, 0 0 1 0 0 0 0 0 0 0
1515905733.23 17243 16485 8769 9942 10808 12551 6 652 6 7, 0 0 1 0 0 0 0 0 0 0
1515905734.23 18534 16146 7904 10323 11373 14065 8 579 4 7, 0 0 1 0 0 0 0 0 0 0
1515905735.24 19244 16496 7280 7501 9242 14590 3 370 5 2, 0 0 1 0 0 0 0 0 0 0
1515905736.24 20209 16316 6303 7659 8042 16396 7 530 3 10, 0 0 1 0 0 0 0 0 0 0
1515905737.24 19934 12158 6262 6976 8925 19637 5 10 2 4, 0 0 1 0 0 0 0 0 0 0
1515905738.25 20512 13337 5698 6329 8372 18707 10 15 4 10, 0 0 1 0 0 0 0 0 0 0
1515905739.25 16029 10558 5617 6300 8385 17044 12 13 9 9, 0 0 1 0 0 0 0 0 0 0
1515905740.25 16711 8574 3986 8851 11760 19098 11 10 6 10, 0 0 1 0 0 0 0 0 0 0
1515905741.26 16135 8272 4215 11667 14183 17566 6 6 4 6, 0 0 1 0 0 0 0 0 0 0
1515905742.26 14885 8431 4041 11457 16377 17197 6 9 7 9, 0 0 1 0 0 0 0 0 0 0
1515905743.26 16628 9993 4242 10074 14460 17450 7 15 4 7, 0 0 1 0 0 0 0 0 0 0
1515905744.26 11780 10312 5793 10074 14460 14623 3 11 7 3, 0 0 1 0 0 0 0 0 0 0
1515905745.27 10059 9523 7872 13463 14884 12925 10 13 4 8, 0 0 1 0 0 0 0 0 0 0
1515905746.27 6948 8001 9488 16242 11215 6802 14 15 6 11, 0 0 1 0 0 0 0 0 0 0
1515905747.29 5716 7319 6201 13156 5371 4091 11 18 12 13, 0 0 1 0 0 0 0 0 0 0
1515905748.29 8806 14585 10855 15599 9372 6201 16 23 8 13, 0 0 1 0 0 0 0 0 0 0
1515905749.3 11786 15275 13210 16458 11103 9350 10 8 4 12, 0 0 1 0 0 0 0 0 0 0
1515905750.3 13971 14418 12042 15203 11485 12307 3 9 3 2, 0 0 1 0 0 0 0 0 0 0
1515905751.3 17138 15605 12534 13199 11445 13783 9 11 5 9, 0 0 1 0 0 0 0 0 0 0
1515905752.3 15019 11980 12818 12817 9909 13895 10 12 6 7, 0 0 1 0 0 0 0 0 0 0
1515905753.32 16557 12032 11642 16071 18856 18017 14 11 7 10, 0 0 1 0 0 0 0 0 0 0
1515905754.32 9102 4898 8427 16967 16199 14688 8 10 6 8, 0 0 1 0 0 0 0 0 0 0
1515905755.32 15663 9238 9586 15456 15788 19299 8 12 7 4, 0 0 1 0 0 0 0 0 0 0
1515905756.32 17819 13150 6665 12914 14736 17523 2 5 1 3, 0 0 1 0 0 0 0 0 0 0
1515905757.33 20576 14023 4603 8604 12458 17742 7 8 7 8, 0 0 1 0 0 0 0 0 0 0
1515905758.33 15797 16572 8846 8711 9879 13615 3 3 1 2, 0 0 1 0 0 0 0 0 0 0
1515905759.34 20500 19471 8224 7816 10457 15074 10 15 7 8, 0 0 1 0 0 0 0 0 0 0
1515905760.34 20280 17525 7835 7816 10457 16519 8 10 7 8, 0 0 1 0 0 0 0 0 0 0
1515905761.35 19375 17124 6555 6133 11664 14948 6 10 8 4, 0 0 1 0 0 0 0 0 0 0
1515905762.35 18324 16009 5020 6044 11471 11623 3 5 2 2, 0 0 1 0 0 0 0 0 0 0
1515905763.36 19641 18188 5586 6044 11471 11578 4 7 4 4, 0 0 1 0 0 0 0 0 0 0
1515905764.37 18944 18540 7498 3704 8387 12937 2 3 0 2, 0 0 1 0 0 0 0 0 0 0
1515905765.38 17111 17215 9015 3020 7896 12806 3 18 2 1, 0 0 1 0 0 0 0 0 0 0
1515905766.38 16501 12462 5635 1981 5395 12605 6 12 4 5, 0 0 1 0 0 0 0 0 0 0
1515905767.38 18458 14144 7061 3126 5402 12618 10 15 4 7, 0 0 1 0 0 0 0 0 0 0
1515905768.38 17824 16586 12156 2894 2932 9532 4 10 2 5, 0 0 1 0 0 0 0 0 0 0
1515905769.38 17563 14695 10882 2095 3087 10714 11 14 6 8, 0 0 1 0 0 0 0 0 0 0
1515905770.39 18146 16087 10983 1839 3255 10526 12 319 9 10, 0 0 1 0 0 0 0 0 0 0
1515905771.4 18679 15338 9869 2286 3529 9808 8 743 7 5, 0 0 1 0 0 0 0 0 0 0
1515905772.4 17342 14106 7469 1366 4539 8301 10 2583 3 10, 0 0 1 0 0 0 0 0 0 0
1515905773.4 15086 9529 3294 989 3367 6252 9 678 3 8, 0 0 1 0 0 0 0 0 0 0
1515905774.4 16082 10527 4080 297 1749 6760 8 805 5 8, 0 0 1 0 0 0 0 0 0 0
1515905775.43 18488 11252 4177 449 2600 8691 13 809 4 12, 0 0 1 0 0 0 0 0 0 0
1515905776.44 18473 11190 5526 2709 6925 12965 12 858 2 11, 0 0 1 0 0 0 0 0 0 0
1515905777.44 19948 10142 5860 4117 11360 14569 11 1280 4 11, 0 0 1 0 0 0 0 0 0 0
1515905778.44 18059 8347 4139 4603 11877 17243 5 900 1 3, 0 0 1 0 0 0 0 0 0 0
1515905779.44 21410 11521 4798 3871 10741 15975 8 522 2 10, 0 0 1 0 0 0 0 0 0 0
1515905780.44 20859 10326 4489 2046 7141 13160 9 3446 2 7, 0 0 1 0 0 0 0 0 0 0
1515905781.44 20711 9903 5414 660 5580 12752 14 5386 5 11, 0 0 1 0 0 0 0 0 0 0
1515905782.44 20279 8290 4443 1710 5529 10576 13 4727 3 9, 0 0 1 0 0 0 0 0 0 0
1515905783.44 20463 10764 6363 3411 4419 11507 11 2763 6 8, 0 0 1 0 0 0 0 0 0 0
1515905784.44 14744 5148 3978 2883 2898 8396 10 3508 4 8, 0 0 1 0 0 0 0 0 0 0
1515905785.45 14143 7699 6742 4408 2621 7637 13 719 8 9, 0 0 1 0 0 0 0 0 0 0
1515905786.45 16295 9396 6518 4335 3461 9602 6 3 1 5, 0 0 1 0 0 0 0 0 0 0
1515905787.45 13185 7871 6252 3165 2534 7667 5 8 5 4, 0 0 1 0 0 0 0 0 0 0
1515905788.45 13055 7763 5377 3273 2662 7666 5 7 2 4, 0 0 1 0 0 0 0 0 0 0
1515905789.45 13748 10210 5627 2202 3517 9173 10 9 6 10, 0 0 1 0 0 0 0 0 0 0
1515905790.46 12476 9543 6445 1962 5142 10390 13 10 3 7, 0 0 1 0 0 0 0 0 0 0
1515905791.46 14684 11227 5123 2014 5545 9701 9 13 5 8, 0 0 1 0 0 0 0 0 0 0
1515905792.47 14789 10694 4161 2324 5601 9716 4 9 1 3, 0 0 1 0 0 0 0 0 0 0
1515905793.47 13306 7779 2912 1881 6265 9905 6 6 1 3, 0 0 1 0 0 0 0 0 0 0
1515905794.47 12480 7962 1722 1621 6144 9971 6 11 5 6, 0 0 1 0 0 0 0 0 0 0
1515905795.47 11176 5833 768 1335 6025 10268 10 13 7 5, 0 0 1 0 0 0 0 0 0 0
1515905796.48 9300 4210 340 853 5772 10160 11 16 6 8, 0 0 1 0 0 0 0 0 0 0
1515905797.48 2596 1002 106 174 2400 3941 17 25 8 9, 0 0 1 0 0 0 0 0 0 0
1515905798.48 1921 816 103 228 2207 3291 16 20 6 13, 0 0 1 0 0 0 0 0 0 0
1515905799.48 1671 1031 132 96 2078 2829 11 18 8 8, 0 0 1 0 0 0 0 0 0 0
1515905800.48 929 510 95 105 873 1338 16 24 11 12, 0 0 1 0 0 0 0 0 0 0
1515905801.49 617 1838 2541 1406 477 166 15 25 11 11, 0 0 1 0 0 0 0 0 0 0
1515905802.5 2153 5510 7880 3124 1002 793 16 27 14 11, 0 0 1 0 0 0 0 0 0 0
1515905803.5 4863 9320 14096 5611 2189 2166 11 20 12 6, 0 0 1 0 0 0 0 0 0 0
1515905804.51 5898 14542 19668 5893 2133 2685 12 22 8 7, 0 0 1 0 0 0 0 0 0 0
1515905805.52 6804 15852 19245 5114 1483 2875 10 13 5 8, 0 0 1 0 0 0 0 0 0 0
1515905806.52 5737 12567 17033 5035 1952 3085 4 14 6 3, 0 0 1 0 0 0 0 0 0 0
1515905807.53 5366 11623 20242 6988 2904 2909 10 19 9 7, 0 0 1 0 0 0 0 0 0 0
1515905808.53 4565 9847 19119 6056 3288 4238 10 18 8 7, 0 0 1 0 0 0 0 0 0 0
1515905809.53 4853 8067 14893 4000 2128 4464 7 15 10 4, 0 0 1 0 0 0 0 0 0 0
1515905810.53 6762 10216 12459 2977 3799 6771 6 12 5 5, 0 0 1 0 0 0 0 0 0 0
1515905811.53 7086 11009 13097 4346 5280 8098 10 19 6 5, 0 0 1 0 0 0 0 0 0 0
1515905812.53 9383 11243 12917 5191 6207 11031 8 13 4 5, 0 0 1 0 0 0 0 0 0 0
1515905813.53 9296 11183 10916 3495 5053 9824 10 10 8 6, 0 0 1 0 0 0 0 0 0 0
1515905814.53 10073 12127 10640 2120 4772 9770 3 7 4 2, 0 0 1 0 0 0 0 0 0 0
1515905815.54 11382 14091 11343 3513 5274 9372 13 18 10 6, 0 0 1 0 0 0 0 0 0 0
1515905816.54 13656 12766 8691 2427 5502 12286 10 19 10 10, 0 0 1 0 0 0 0 0 0 0
1515905817.55 13063 13897 8943 2427 5502 11945 11 18 11 9, 0 0 1 0 0 0 0 0 0 0
1515905818.55 17011 10721 5123 3720 7657 15740 7 13 6 6, 0 0 1 0 0 0 0 0 0 0
1515905819.55 16070 9497 4168 5927 8366 16477 8 20 6 6, 0 0 1 0 0 0 0 0 0 0
1515905820.56 14981 8352 3167 8385 9168 13353 8 76 4 6, 0 0 1 0 0 0 0 0 0 0
1515905821.56 14514 8599 3361 7695 10157 14873 7 25 4 4, 0 0 1 0 0 0 0 0 0 0
1515905822.56 12506 12554 9140 12146 11314 11665 10 21 6 7, 0 0 1 0 0 0 0 0 0 0
1515905823.56 9565 12458 7142 9538 8272 6727 10 821 4 7, 0 0 1 0 0 0 0 0 0 0
1515905824.57 13999 14249 6616 9103 8173 7688 16 2650 9 15, 0 0 1 0 0 0 0 0 0 0
1515905825.57 15525 17362 5284 7561 8214 8593 9 1012 6 6, 0 0 1 0 0 0 0 0 0 0
1515905826.58 15276 16086 4649 6167 7993 8175 9 1514 2 6, 0 0 1 0 0 0 0 0 0 0
1515905827.58 15676 15085 6016 6517 7320 8501 10 1063 6 9, 0 0 1 0 0 0 0 0 0 0
1515905828.59 14703 17720 7065 6663 5912 7289 8 808 3 5, 0 0 1 0 0 0 0 0 0 0
1515905829.6 14421 17521 11886 6974 6999 8703 8 361 5 6, 0 0 1 0 0 0 0 0 0 0
1515905830.6 14308 19166 11028 5223 5343 7074 7 19 7 7, 0 0 1 0 0 0 0 0 0 0
1515905831.6 13288 19410 8387 2533 2731 6054 6 15 6 3, 0 0 1 0 0 0 0 0 0 0
1515905832.6 14271 15976 7650 1604 3790 8236 14 19 11 14, 0 0 1 0 0 0 0 0 0 0
1515905833.6 11222 13090 6009 2493 3688 6180 7 150 5 3, 0 0 1 0 0 0 0 0 0 0
1515905834.6 13956 13685 3635 2039 5042 9232 6 48 5 5, 0 0 1 0 0 0 0 0 0 0
1515905835.6 13704 9276 1729 2018 6306 11123 5 414 3 3, 0 0 1 0 0 0 0 0 0 0
1515905836.61 12383 8627 1399 2184 6268 11289 3 8 3 2, 0 0 1 0 0 0 0 0 0 0
1515905837.61 12484 7823 1851 3067 7153 12404 5 10 5 3, 0 0 1 0 0 0 0 0 0 0
1515905838.61 10000 4534 1224 4055 8257 11441 9 13 7 6, 0 0 1 0 0 0 0 0 0 0
1515905839.62 3699 2493 4816 8385 8816 6855 7 14 7 7, 0 0 1 0 0 0 0 0 0 0
1515905840.63 4172 7338 13485 14467 9561 5315 3 9 3 3, 0 0 1 0 0 0 0 0 0 0
1515905841.63 3734 8125 14359 17562 9874 4860 9 21 5 6, 0 0 1 0 0 0 0 0 0 0
1515905842.63 4148 6589 12690 17562 9874 5541 4 10 6 4, 0 0 1 0 0 0 0 0 0 0
1515905843.63 4235 5009 8484 9500 5083 3536 8 10 4 4, 0 0 1 0 0 0 0 0 0 0
1515905844.64 3774 4051 8426 9917 3822 3880 8 16 6 6, 0 0 1 0 0 0 0 0 0 0
1515905845.64 4823 2677 5892 8957 2940 4848 6 84 6 4, 0 0 1 0 0 0 0 0 0 0
1515905846.64 7319 2485 5378 8650 2434 5632 6 884 4 5, 0 0 1 0 0 0 0 0 0 0
1515905847.65 6314 2312 4125 7194 4434 6439 10 511 8 8, 0 0 1 0 0 0 0 0 0 0
1515905848.66 7886 3583 6825 7361 6012 9177 6 19 7 6, 0 0 1 0 0 0 0 0 0 0
1515905849.66 7089 5486 6663 7364 5489 7269 2 12 2 1, 0 0 1 0 0 0 0 0 0 0
1515905850.71 7976 4865 5784 8352 9458 10829 9 13 6 6, 0 0 1 0 0 0 0 0 0 0
1515905851.71 10320 8403 7158 10601 8218 10871 6 10 3 5, 0 0 1 0 0 0 0 0 0 0
1515905852.71 12011 14644 9626 6814 7665 10555 6 12 2 1, 0 0 1 0 0 0 0 0 0 0
1515905853.71 11770 12594 4973 4762 8806 11114 9 18 7 6, 0 0 1 0 0 0 0 0 0 0
1515905854.71 14074 18049 12259 5588 7962 11495 7 12 3 8, 0 0 1 0 0 0 0 0 0 0
1515905855.71 17487 20666 14480 4148 6682 12205 6 9 2 5, 0 0 1 0 0 0 0 0 0 0
1515905856.72 19281 19244 13814 4941 7941 13545 3 9 1 1, 0 0 1 0 0 0 0 0 0 0
1515905857.72 19915 22009 13193 3699 6031 12508 8 17 5 8, 0 0 1 0 0 0 0 0 0 0
1515905858.72 21451 19854 10739 4195 7544 14580 10 11 5 8, 0 0 1 0 0 0 0 0 0 0
1515905859.72 21685 17784 8154 5559 8268 15172 9 11 5 6, 0 0 1 0 0 0 0 0 0 0
1515905860.73 20245 15443 6332 8682 9730 15065 9 17 7 7, 0 0 1 0 0 0 0 0 0 0
1515905861.73 19115 13439 6993 8727 10189 15121 7 13 4 6, 0 0 1 0 0 0 0 0 0 0
1515905862.73 18145 11915 5253 5550 8273 14169 9 16 9 6, 0 0 1 0 0 0 0 0 0 0
1515905863.74 19202 12769 5053 5358 8218 13110 10 16 9 8, 0 0 1 0 0 0 0 0 0 0
1515905864.74 21418 12606 4012 7261 11670 14000 16 29 10 11, 0 0 1 0 0 0 0 0 0 0
1515905865.77 19302 15090 5031 6210 10415 12892 6 9 6 3, 0 0 1 0 0 0 0 0 0 0
1515905866.77 21589 13128 3352 4082 9388 14865 6 15 10 5, 0 0 1 0 0 0 0 0 0 0
1515905867.77 20934 13173 2740 3927 10489 15786 6 23 2 4, 0 0 1 0 0 0 0 0 0 0
1515905868.77 21187 11460 3091 3888 10114 17278 5 13 4 2, 0 0 1 0 0 0 0 0 0 0
1515905869.77 18269 9207 4281 2095 7929 16363 6 14 6 5, 0 0 1 0 0 0 0 0 0 0
1515905870.78 14586 7268 3229 1068 6342 12080 12 30 9 10, 0 0 1 0 0 0 0 0 0 0
1515905871.78 15067 9698 8626 3368 4439 10105 6 12 4 4, 0 0 1 0 0 0 0 0 0 0
1515905872.78 13385 9728 8208 1616 4848 11353 11 17 8 7, 0 0 1 0 0 0 0 0 0 0
1515905873.78 12447 8464 9139 759 3542 10085 8 10 5 8, 0 0 1 0 0 0 0 0 0 0
1515905874.78 12811 7911 7413 895 3878 9729 9 203 5 5, 0 0 1 0 0 0 0 0 0 0
1515905875.78 14024 11227 7608 615 2733 7934 5 389 3 3, 0 0 1 0 0 0 0 0 0 0
1515905876.78 12061 11654 8569 236 1951 5981 6 10 2 4, 0 0 1 0 0 0 0 0 0 0
1515905877.78 13851 11511 6819 1496 3536 9364 2 99 7 3, 0 0 1 0 0 0 0 0 0 0
1515905878.78 12838 11367 5554 2885 5747 8477 11 20 7 7, 0 0 1 0 0 0 0 0 0 0
1515905879.78 11165 8245 2346 2742 6985 8470 4 12 3 2, 0 0 1 0 0 0 0 0 0 0
1515905880.78 8050 5637 1093 3015 6474 7274 11 16 7 6, 0 0 1 0 0 0 0 0 0 0
1515905881.79 8217 6967 2434 2476 4811 5786 8 126 7 6, 0 0 1 0 0 0 0 0 0 0
1515905882.79 10849 9793 7528 4058 1757 3769 11 86 6 6, 0 0 1 0 0 0 0 0 0 0
1515905883.79 5305 5498 4578 1699 1371 2301 14 13 3 10, 0 0 1 0 0 0 0 0 0 0
1515905884.79 5622 6582 4069 1567 1024 2513 13 21 7 8, 0 0 1 0 0 0 0 0 0 0
1515905885.79 5477 7777 5555 1503 1737 2910 10 19 6 7, 0 0 1 0 0 0 0 0 0 0
1515905886.79 4064 9420 5310 1252 731 1797 8 30 5 4, 0 0 1 0 0 0 0 0 0 0
1515905887.79 3394 9297 4584 1392 555 1375 13 23 10 9, 0 0 1 0 0 0 0 0 0 0
1515905888.79 5469 14077 12614 4597 1154 1799 13 34 10 11, 0 0 1 0 0 0 0 0 0 0
1515905889.79 5884 14742 13835 3888 1858 2075 8 16 4 4, 0 0 1 0 0 0 0 0 0 0
1515905890.8 4521 12328 13577 3568 1858 2420 13 32 12 10, 0 0 1 0 0 0 0 0 0 0
1515905891.82 5689 12130 11943 4098 3823 4449 7 13 5 6, 0 0 1 0 0 0 0 0 0 0
1515905892.82 7516 8986 9200 3541 4976 7589 11 17 8 8, 0 0 1 0 0 0 0 0 0 0
1515905893.82 7383 9820 8336 3740 4104 7510 3 15 5 4, 0 0 1 0 0 0 0 0 0 0
1515905894.82 7991 8590 7444 3907 4689 9981 17 203 11 12, 0 0 1 0 0 0 0 0 0 0
1515905895.83 10468 10432 8678 3818 5651 12166 13 92 8 5, 0 0 1 0 0 0 0 0 0 0
1515905896.84 11500 10975 9356 3960 5172 13281 6 11 5 5, 0 0 1 0 0 0 0 0 0 0
1515905897.84 12048 12361 13323 7172 5727 12588 7 22 6 4, 0 0 1 0 0 0 0 0 0 0
1515905898.85 13156 9141 10296 6351 6757 16102 7 22 6 4, 0 0 1 0 0 0 0 0 0 0
1515905899.85 13366 10438 8755 7480 6502 16402 4 6 3 1, 0 0 1 0 0 0 0 0 0 0
1515905900.86 11052 11710 13067 7184 7136 13940 5 20 3 4, 0 0 1 0 0 0 0 0 0 0
1515905901.86 7423 10616 13640 10851 9192 10456 12 19 11 9, 0 0 1 0 0 0 0 0 0 0
1515905902.88 4374 9383 11414 12331 12962 10903 11 18 7 5, 0 0 1 0 0 0 0 0 0 0
1515905903.88 3936 5738 6907 9431 12855 8514 9 26 7 7, 0 0 1 0 0 0 0 0 0 0
1515905904.88 6867 9936 11796 15119 14332 9305 11 11 7 8, 0 0 1 0 0 0 0 0 0 0
1515905905.88 5411 9245 10928 13480 10024 6609 6 18 5 3, 0 0 1 0 0 0 0 0 0 0
1515905906.9 5591 10717 7822 12044 10279 6836 8 12 5 7, 0 0 1 0 0 0 0 0 0 0
1515905907.9 4159 6041 8887 15780 9062 4787 6 8 3 2, 0 0 1 0 0 0 0 0 0 0
1515905908.9 4716 5258 6435 14007 7161 5060 4 11 3 4, 0 0 1 0 0 0 0 0 0 0
1515905909.9 6409 4957 8610 14317 7993 7968 7 22 6 4, 0 0 1 0 0 0 0 0 0 0
1515905910.9 9583 7675 8614 13812 10940 11676 10 14 7 7, 0 0 1 0 0 0 0 0 0 0
1515905911.9 9205 7558 8770 14111 9510 12529 3 5 2 1, 0 0 1 0 0 0 0 0 0 0
1515905912.91 9826 8817 9909 9976 8452 11780 7 16 2 5, 0 0 1 0 0 0 0 0 0 0
1515905913.91 8578 10194 15649 12753 7281 8483 7 11 4 4, 0 0 1 0 0 0 0 0 0 0
1515905914.91 10206 8808 16764 15149 9521 9858 4 15 4 3, 0 0 1 0 0 0 0 0 0 0
1515905915.94 9856 10050 19332 15183 11974 11590 6 10 1 2, 0 0 1 0 0 0 0 0 0 0
1515905916.94 11037 10442 18974 13284 9624 9914 5 9 3 4, 0 0 1 0 0 0 0 0 0 0
1515905917.94 6867 6349 15440 9496 6890 5829 6 164 5 6, 0 0 1 0 0 0 0 0 0 0
1515905918.94 8178 6606 10258 7308 6198 7755 9 19 9 8, 0 0 1 0 0 0 0 0 0 0
1515905919.94 6957 8528 12374 7618 7233 7142 3 5 3 2, 0 0 1 0 0 0 0 0 0 0
1515905920.94 6082 7367 15412 10728 8228 7326 10 15 9 10, 0 0 1 0 0 0 0 0 0 0
1515905921.94 4783 6830 11881 10507 8161 6655 3 17 5 3, 0 0 1 0 0 0 0 0 0 0
1515905922.95 8757 9927 9992 4736 4534 7344 6 28 6 4, 0 0 1 0 0 0 0 0 0 0
1515905923.96 10305 11970 14721 5704 5444 8286 5 16 4 4, 0 0 1 0 0 0 0 0 0 0
1515905924.96 8887 13426 13095 3970 5835 7871 7 16 6 6, 0 0 1 0 0 0 0 0 0 0
1515905925.97 6783 12418 14776 7804 5606 5224 9 35 7 5, 0 0 1 0 0 0 0 0 0 0
1515905926.98 6205 12037 13072 5471 3715 4586 11 16 6 9, 0 0 1 0 0 0 0 0 0 0
1515905927.98 5066 6705 6701 2846 2313 4235 8 14 7 7, 0 0 1 0 0 0 0 0 0 0
1515905928.98 4969 4282 5545 2479 1742 3853 5 93 5 5, 0 0 1 0 0 0 0 0 0 0
1515905929.98 11111 5884 4937 1049 2064 6919 7 771 7 4, 0 0 1 0 0 0 0 0 0 0
1515905930.98 11292 5513 7331 1070 1449 5944 7 386 4 5, 0 0 1 0 0 0 0 0 0 0
1515905931.98 11920 2243 2995 2003 2945 7453 5 1609 3 4, 0 0 1 0 0 0 0 0 0 0
1515905932.98 14290 4138 5144 2457 2232 7156 9 1631 5 6, 0 0 1 0 0 0 0 0 0 0
1515905933.99 13560 3116 2471 3448 4296 8753 9 1751 9 4, 0 0 1 0 0 0 0 0 0 0
1515905934.99 12830 3132 2153 4258 5729 9278 9 1453 8 7, 0 0 1 0 0 0 0 0 0 0
1515905935.99 14104 9220 4375 4245 5195 9871 3 962 3 4, 0 0 1 0 0 0 0 0 0 0
1515905937.0 9992 9584 3886 5311 4764 7363 2 2273 5 4, 0 0 1 0 0 0 0 0 0 0
1515905938.0 12227 10904 4040 5894 4764 8222 4 2078 2 5, 0 0 1 0 0 0 0 0 0 0
1515905939.0 15129 14731 6014 4536 4348 8045 4 2542 4 3, 0 0 1 0 0 0 0 0 0 0
1515905940.0 12973 15420 4837 4230 5431 7043 5 1070 3 4, 0 0 1 0 0 0 0 0 0 0
1515905941.01 11389 13597 3527 2859 3653 6122 10 600 7 8, 0 0 1 0 0 0 0 0 0 0
1515905942.01 15664 14804 3981 4846 9231 11997 10 1837 7 7, 0 0 1 0 0 0 0 0 0 0
1515905943.02 14703 10753 2750 4846 9231 11466 12 1996 7 7, 0 0 1 0 0 0 0 0 0 0
1515905944.03 14532 9571 983 2577 4159 8454 9 910 3 6, 0 0 1 0 0 0 0 0 0 0
1515905945.03 9524 7029 3688 7275 7231 6461 15 1367 9 15, 0 0 1 0 0 0 0 0 0 0
1515905946.03 7353 4771 4573 10904 8837 6113 10 184 4 8, 0 0 1 0 0 0 0 0 0 0
1515905947.03 6216 3447 4381 12817 9919 6518 8 13 5 7, 0 0 1 0 0 0 0 0 0 0
1515905948.03 4641 3406 7559 15386 9974 7008 6 11 4 2, 0 0 1 0 0 0 0 0 0 0
1515905949.03 6257 3465 4724 11929 8712 6757 7 11 6 8, 0 0 1 0 0 0 0 0 0 0
1515905950.03 7464 3646 5562 12533 7008 5988 8 13 4 6, 0 0 1 0 0 0 0 0 0 0
1515905951.04 8469 5510 3299 10164 4438 3499 8 16 8 7, 0 0 1 0 0 0 0 0 0 0
1515905952.05 10485 8420 2363 5972 3463 3452 8 12 7 5, 0 0 1 0 0 0 0 0 0 0
1515905953.05 16162 13267 4621 5274 2963 5511 15 18 11 14, 0 0 1 0 0 0 0 0 0 0
1515905954.05 10180 9710 4883 1169 444 5855 7 19 4 4, 0 0 1 0 0 0 0 0 0 0
1515905955.06 13213 8994 1087 845 3242 7804 7 17 8 5, 0 0 1 0 0 0 0 0 0 0
1515905956.06 18188 12182 707 1089 3153 10832 12 14 7 11, 0 0 1 0 0 0 0 0 0 0
1515905957.06 16514 8823 3119 1080 3564 8366 9 1883 6 9, 0 0 1 0 0 0 0 0 0 0
1515905958.06 14107 9659 2759 207 2440 8296 11 470 11 10, 0 0 1 0 0 0 0 0 0 0
1515905959.06 8858 6899 2790 1603 3660 6474 13 18 7 11, 0 0 1 0 0 0 0 0 0 0
1515905960.06 10681 5779 1941 3875 9884 11918 11 73 9 10, 0 0 1 0 0 0 0 0 0 0
1515905961.06 13113 6392 2411 5256 12311 14863 10 71 6 9, 0 0 1 0 0 0 0 0 0 0
1515905962.08 15752 13039 3932 5068 12733 14636 7 20 5 5, 0 0 1 0 0 0 0 0 0 0
1515905963.08 16384 13411 5458 5120 10489 13227 4 1381 4 3, 0 0 1 0 0 0 0 0 0 0
1515905964.11 17309 16008 8294 7117 8670 9637 7 2188 4 6, 0 0 1 0 0 0 0 0 0 0
1515905965.11 20837 16499 8199 7130 9223 10095 5 2954 5 6, 0 0 1 0 0 0 0 0 0 0
1515905966.11 19350 13506 6655 8295 7343 8931 14 1509 8 9, 0 0 1 0 0 0 0 0 0 0
1515905967.14 18079 10878 5636 7683 6800 8549 7 165 9 6, 0 0 1 0 0 0 0 0 0 0
1515905968.17 18176 7830 3492 7220 6788 8797 6 4 3 9, 0 0 1 0 0 0 0 0 0 0
1515905969.17 15141 9510 3465 4009 5403 9503 4 16 4 4, 0 0 1 0 0 0 0 0 0 0
1515905970.17 17832 7672 1242 4226 5279 10352 4 8 3 2, 0 0 1 0 0 0 0 0 0 0
1515905971.17 13682 6861 1394 2866 7790 10757 7 6 3 7, 0 0 1 0 0 0 0 0 0 0
1515905972.2 11367 5638 1331 4776 10311 10923 7 10 3 6, 0 0 1 0 0 0 0 0 0 0
1515905973.2 11094 5434 1683 6330 11281 9991 7 12 8 8, 0 0 1 0 0 0 0 0 0 0
1515905974.23 9375 3354 1716 6417 13523 12126 10 16 4 6, 0 0 1 0 0 0 0 0 0 0
1515905975.23 9720 3722 2657 6634 11547 11735 6 11 6 6, 0 0 1 0 0 0 0 0 0 0
1515905976.23 10552 4911 4569 7672 9925 11155 7 22 7 6, 0 0 1 0 0 0 0 0 0 0
1515905977.23 7835 4264 3486 5104 7239 8257 7 21 4 5, 0 0 1 0 0 0 0 0 0 0
1515905978.23 5645 5042 7876 5298 5685 6545 7 32 5 7, 0 0 1 0 0 0 0 0 0 0
1515905979.23 11564 10169 15324 7325 5527 8291 5 600 2 4, 0 0 1 0 0 0 0 0 0 0
1515905980.23 11930 11189 16594 6177 3884 6974 11 913 9 10, 0 0 1 0 0 0 0 0 0 0
1515905981.24 12522 13913 15844 5111 1492 4022 9 1057 8 6, 0 0 1 0 0 0 0 0 0 0
1515905982.24 14815 14714 14644 4629 1722 5040 6 2027 7 6, 0 0 1 0 0 0 0 0 0 0
1515905983.24 11194 10256 11370 2297 837 3506 7 800 4 7, 0 0 1 0 0 0 0 0 0 0
1515905984.24 10319 7939 14351 3431 1650 3986 7 2168 8 6, 0 0 1 0 0 0 0 0 0 0
1515905985.24 9356 12665 12255 1360 1097 3722 10 500 4 6, 0 0 1 0 0 0 0 0 0 0
1515905986.24 6982 10509 14027 1330 1809 3504 6 739 4 6, 0 0 1 0 0 0 0 0 0 0
1515905987.26 8686 9015 9035 666 1123 4133 7 760 3 6, 0 0 1 0 0 0 0 0 0 0
1515905988.26 7782 8494 8447 3060 3829 5861 10 20 12 9, 0 0 1 0 0 0 0 0 0 0
1515905989.26 9269 10604 8741 9430 6855 6594 7 15 5 6, 0 0 1 0 0 0 0 0 0 0
1515905990.29 8540 11269 7465 10516 8922 7220 9 16 7 6, 0 0 1 0 0 0 0 0 0 0
1515905991.31 8840 10903 6771 10516 8922 7811 5 14 4 3, 0 0 1 0 0 0 0 0 0 0
1515905992.31 8967 9645 6313 12915 9851 7170 7 622 10 7, 0 0 1 0 0 0 0 0 0 0
1515905993.31 11069 9327 7968 13043 12243 10134 8 1298 2 5, 0 0 1 0 0 0 0 0 0 0
1515905994.31 10931 8314 6650 12602 12135 9568 3 1975 1 3, 0 0 1 0 0 0 0 0 0 0
1515905995.34 10316 8734 5756 10063 10299 7998 6 1831 4 4, 0 0 1 0 0 0 0 0 0 0
1515905996.35 12065 8405 3500 8620 13071 9995 4 1770 3 3, 0 0 1 0 0 0 0 0 0 0
1515905997.35 10951 8712 6359 9685 12877 9887 5 1694 4 5, 0 0 1 0 0 0 0 0 0 0
1515905998.35 10483 9285 10168 9993 10725 8400 0 1537 0 0, 0 0 1 0 0 0 0 0 0 0
1515905999.35 12975 12893 12506 9006 8497 8332 4 1472 3 3, 0 0 1 0 0 0 0 0 0 0
1515906000.35 10603 12930 12156 8077 7160 5837 6 1570 3 5, 0 0 1 0 0 0 0 0 0 0
1515906001.36 8799 12873 9286 4446 3967 3790 3 675 0 1, 0 0 1 0 0 0 0 0 0 0
1515906002.36 6027 10172 9554 12768 9221 3857 5 12 4 4, 0 0 1 0 0 0 0 0 0 0
1515906003.36 10191 10384 10000 14057 9142 7201 6 12 4 7, 0 0 1 0 0 0 0 0 0 0
1515906004.36 9378 9644 8136 12488 7983 5286 8 19 7 7, 0 0 1 0 0 0 0 0 0 0
1515906005.36 10937 8195 6286 9711 9212 11072 6 8 4 6, 0 0 1 0 0 0 0 0 0 0
1515906006.36 14747 12214 6481 7354 7079 12616 6 23 5 7, 0 0 1 0 0 0 0 0 0 0
1515906007.36 15671 11959 4963 6889 7325 13733 8 30 6 4, 0 0 1 0 0 0 0 0 0 0
1515906008.36 11400 9365 4140 5122 6506 12801 6 19 6 5, 0 0 1 0 0 0 0 0 0 0
1515906009.36 10903 9463 3869 6312 7231 13327 10 14 5 9, 0 0 1 0 0 0 0 0 0 0
1515906010.36 10862 7972 3681 4581 6379 13199 2 21 2 3, 0 0 1 0 0 0 0 0 0 0
1515906011.36 11653 7603 2082 2658 5300 12812 10 18 7 5, 0 0 1 0 0 0 0 0 0 0
1515906012.36 14338 10413 3813 3152 4891 13830 9 12 5 6, 0 0 1 0 0 0 0 0 0 0
1515906013.38 14052 9911 4078 2265 4913 14699 7 12 4 7, 0 0 1 0 0 0 0 0 0 0
1515906014.38 11677 9921 4470 2824 5535 12608 10 12 7 7, 0 0 1 0 0 0 0 0 0 0
1515906015.38 12208 11421 5585 3650 7434 11045 8 13 3 4, 0 0 1 0 0 0 0 0 0 0
1515906016.38 13571 11151 6059 4544 8944 11449 9 12 5 7, 0 0 1 0 0 0 0 0 0 0
1515906017.38 15775 11194 9386 6226 9508 14224 2 5 3 3, 0 0 1 0 0 0 0 0 0 0
1515906018.38 17074 11113 8537 6986 9284 14059 8 14 7 7, 0 0 1 0 0 0 0 0 0 0
1515906019.38 15650 10032 7723 5309 9176 13640 4 12 4 3, 0 0 1 0 0 0 0 0 0 0
1515906020.4 15847 10869 6194 5377 10648 14517 5 13 5 6, 0 0 1 0 0 0 0 0 0 0
1515906021.4 12951 8795 3289 5158 9890 11237 8 20 9 7, 0 0 1 0 0 0 0 0 0 0
1515906022.4 8960 5581 2571 5150 9988 8771 10 16 6 9, 0 0 1 0 0 0 0 0 0 0
1515906023.4 5002 3578 2246 5259 10050 6254 9 23 9 7, 0 0 1 0 0 0 0 0 0 0
1515906024.4 2993 1629 2317 5670 7976 5460 6 20 7 6, 0 0 1 0 0 0 0 0 0 0
1515906025.4 4961 3032 2871 10789 12855 7309 13 14 7 11, 0 0 1 0 0 0 0 0 0 0
1515906026.4 2887 1109 3635 11983 12588 5584 7 10 5 7, 0 0 1 0 0 0 0 0 0 0
1515906027.4 3117 2065 4112 11292 9483 4766 7 19 4 4, 0 0 1 0 0 0 0 0 0 0
1515906028.41 3715 1338 5767 11784 7671 5326 8 10 6 8, 0 0 1 0 0 0 0 0 0 0
1515906029.41 2776 1542 7089 13656 7853 4486 9 13 9 7, 0 0 1 0 0 0 0 0 0 0
1515906030.41 7349 2929 8995 16370 9223 7937 4 83 4 4, 0 0 1 0 0 0 0 0 0 0
1515906031.42 6932 2283 6307 15117 9926 7752 6 14 6 3, 0 0 1 0 0 0 0 0 0 0
1515906032.42 7349 1846 7176 15117 9926 7891 7 12 5 4, 0 0 1 0 0 0 0 0 0 0
1515906033.42 6101 1177 2923 10132 7393 7235 6 9 2 6, 0 0 1 0 0 0 0 0 0 0
1515906034.43 5375 1721 5249 8546 6393 7010 3 10 5 4, 0 0 1 0 0 0 0 0 0 0
1515906035.43 4546 5562 9699 5705 2628 4123 6 11 10 5, 0 0 1 0 0 0 0 0 0 0
1515906036.44 4098 5451 12710 3940 1986 2932 7 16 8 9, 0 0 1 0 0 0 0 0 0 0
1515906037.44 5191 5840 13524 3106 1687 3343 9 204 6 6, 0 0 1 0 0 0 0 0 0 0
1515906038.44 3584 7471 15291 3186 456 1830 4 15 9 5, 0 0 1 0 0 0 0 0 0 0
1515906039.45 8637 8474 17594 3857 4187 7768 18 17 5 13, 0 0 1 0 0 0 0 0 0 0
1515906040.45 7973 7724 16183 6367 4377 8145 14 13 7 14, 0 0 1 0 0 0 0 0 0 0
1515906041.45 9792 8583 14750 6414 3044 8470 8 11 3 9, 0 0 1 0 0 0 0 0 0 0
1515906042.46 9800 7734 14958 8585 4825 8773 16 8 3 15, 0 0 1 0 0 0 0 0 0 0
1515906043.46 7741 7940 9759 7256 5124 9386 15 10 5 11, 0 0 1 0 0 0 0 0 0 0
1515906044.46 8212 7993 6564 7586 5113 10254 13 13 8 12, 0 0 1 0 0 0 0 0 0 0
1515906045.47 11271 10118 9361 11645 6583 11289 13 8 1 12, 0 0 1 0 0 0 0 0 0 0
1515906046.48 9456 10745 11436 11645 6583 9690 7 19 1 12, 0 0 1 0 0 0 0 0 0 0
1515906047.49 6629 10190 14483 14207 9613 7319 11 17 1 7, 0 0 1 0 0 0 0 0 0 0
1515906048.52 6629 10190 16179 18886 10166 6931 11 16 2 8, 0 0 1 0 0 0 0 0 0 0
1515906049.52 3967 6059 15842 17559 8360 5736 6 8 1 4, 0 0 1 0 0 0 0 0 0 0
1515906050.52 1704 2052 10889 15748 7665 4059 6 9 4 5, 0 0 1 0 0 0 0 0 0 0
1515906051.52 5013 4131 10281 16793 9549 6951 7 10 2 7, 0 0 1 0 0 0 0 0 0 0
1515906052.52 5920 3797 8169 13444 6952 6157 8 11 4 7, 0 0 1 0 0 0 0 0 0 0
1515906053.52 9003 5435 11385 16013 10398 10170 13 8 3 9, 0 0 1 0 0 0 0 0 0 0
1515906054.52 9212 5510 9583 15149 9513 8640 12 12 4 9, 0 0 1 0 0 0 0 0 0 0
1515906055.53 16632 11821 4897 11012 10397 11788 7 14 3 3, 0 0 1 0 0 0 0 0 0 0
1515906056.53 18687 12063 2755 6199 10115 14094 11 13 2 11, 0 0 1 0 0 0 0 0 0 0
1515906057.53 15551 8689 2058 4867 12425 15891 9 180 1 6, 0 0 1 0 0 0 0 0 0 0
1515906058.53 12111 5220 3318 7335 11765 15052 7 5 4 6, 0 0 1 0 0 0 0 0 0 0
1515906059.56 10943 4484 2227 6382 12789 14616 9 15 5 9, 0 0 1 0 0 0 0 0 0 0
1515906060.56 12256 4388 3084 11645 17400 15189 10 14 4 4, 0 0 1 0 0 0 0 0 0 0
1515906061.56 9190 3191 2315 7697 13448 11499 11 10 6 8, 0 0 1 0 0 0 0 0 0 0
1515906062.56 8519 7044 6445 8218 10822 10888 5 12 4 3, 0 0 1 0 0 0 0 0 0 0
1515906063.56 8664 5240 1864 6575 12617 11838 13 5 3 9, 0 0 1 0 0 0 0 0 0 0
1515906064.56 8660 5195 2100 7205 10554 10492 8 21 4 5, 0 0 1 0 0 0 0 0 0 0
1515906065.56 7545 6404 5413 12110 15485 11539 11 14 7 10, 0 0 1 0 0 0 0 0 0 0
1515906066.56 4623 4392 3919 10878 11044 7060 6 16 5 7, 0 0 1 0 0 0 0 0 0 0
1515906067.56 3855 4496 7777 14899 10131 4701 11 18 7 8, 0 0 1 0 0 0 0 0 0 0
1515906068.56 3038 5515 9522 15102 10277 5046 10 10 4 8, 0 0 1 0 0 0 0 0 0 0
1515906069.57 2811 4719 9847 17103 9435 5174 5 6 3 4, 0 0 1 0 0 0 0 0 0 0
1515906070.57 3663 6987 15406 20078 11357 6212 6 7 2 3, 0 0 1 0 0 0 0 0 0 0
1515906071.58 4838 5740 14407 18577 11781 6697 7 7 3 3, 0 0 1 0 0 0 0 0 0 0
1515906072.58 6510 7541 13837 16686 10763 5695 4 6 1 2, 0 0 1 0 0 0 0 0 0 0
1515906073.58 5736 7543 12572 14326 9911 4305 7 6 3 5, 0 0 1 0 0 0 0 0 0 0
1515906074.6 6653 7634 10022 11366 8187 4367 6 15 8 4, 0 0 1 0 0 0 0 0 0 0
1515906075.6 5004 6638 9523 11719 9665 4666 9 13 4 4, 0 0 1 0 0 0 0 0 0 0
1515906076.6 3668 3767 5047 8531 8764 4257 8 11 5 6, 0 0 1 0 0 0 0 0 0 0
1515906077.6 5108 5232 7803 12416 9344 4975 9 12 6 4, 0 0 1 0 0 0 0 0 0 0
1515906078.6 8003 8478 13765 19492 11483 6038 5 21 4 6, 0 0 1 0 0 0 0 0 0 0
1515906079.6 8586 7309 12475 18814 11634 7080 10 13 4 7, 0 0 1 0 0 0 0 0 0 0
1515906080.6 9217 7057 8852 15560 8831 6608 3 16 4 4, 0 0 1 0 0 0 0 0 0 0
1515906081.61 10229 7378 8928 11917 6450 7807 4 13 2 1, 0 0 1 0 0 0 0 0 0 0
1515906082.61 9571 6517 10401 12375 4475 6012 4 15 7 5, 0 0 1 0 0 0 0 0 0 0
1515906083.61 10611 6088 7817 13009 4819 6079 6 121 4 2, 0 0 1 0 0 0 0 0 0 0
1515906084.62 12534 6406 6206 10895 5459 7465 8 422 5 7, 0 0 1 0 0 0 0 0 0 0
1515906085.62 13772 7593 3889 12068 6591 8082 8 797 6 3, 0 0 1 0 0 0 0 0 0 0
1515906086.62 12973 6735 3084 8170 7290 8352 6 1865 5 6, 0 0 1 0 0 0 0 0 0 0
1515906087.63 9252 5272 2987 6140 4731 6214 10 1784 6 5, 0 0 1 0 0 0 0 0 0 0
1515906088.63 5314 3044 2581 3218 3059 3934 8 1739 10 6, 0 0 1 0 0 0 0 0 0 0
1515906089.63 5925 5547 5385 3021 1569 2530 9 1652 7 5, 0 0 1 0 0 0 0 0 0 0
1515906090.63 3624 4390 5354 1875 464 1136 11 1633 11 8, 0 0 1 0 0 0 0 0 0 0
1515906091.64 1716 2162 4282 1525 1003 861 13 1077 8 6, 0 0 1 0 0 0 0 0 0 0
1515906092.64 1830 2433 5559 5641 4073 1299 12 1361 7 13, 0 0 1 0 0 0 0 0 0 0
1515906093.64 2812 2673 6608 10357 5306 2674 14 984 7 10, 0 0 1 0 0 0 0 0 0 0
1515906094.65 2747 3134 5863 10357 5306 3437 11 925 10 10, 0 0 1 0 0 0 0 0 0 0
1515906095.67 3345 2610 6396 15704 8353 4246 11 13 7 7, 0 0 1 0 0 0 0 0 0 0
1515906096.67 2720 2662 5038 15021 11488 5000 7 13 8 6, 0 0 1 0 0 0 0 0 0 0
1515906097.67 5902 3719 4749 16396 12073 6732 5 82 10 3, 0 0 1 0 0 0 0 0 0 0
1515906098.67 7936 7541 5712 19563 13888 7400 6 15 3 4, 0 0 1 0 0 0 0 0 0 0
1515906099.69 7963 8007 7210 17277 13686 8743 2 12 3 1, 0 0 1 0 0 0 0 0 0 0
1515906100.69 9238 7698 8170 15258 12763 10386 5 12 6 3, 0 0 1 0 0 0 0 0 0 0
1515906101.69 12853 9362 5969 10321 11485 12759 6 16 4 3, 0 0 1 0 0 0 0 0 0 0
1515906102.69 18821 15102 6768 9513 11866 15705 9 813 6 7, 0 0 1 0 0 0 0 0 0 0
1515906103.69 18209 16982 7960 8050 10436 14580 5 615 6 2, 0 0 1 0 0 0 0 0 0 0
1515906104.69 16029 17093 8639 6516 8271 12207 4 410 4 2, 0 0 1 0 0 0 0 0 0 0
1515906105.7 17317 16535 7030 5050 9406 14162 8 11 5 5, 0 0 1 0 0 0 0 0 0 0
1515906106.71 16748 16882 8636 5548 7509 13657 5 17 6 5, 0 0 1 0 0 0 0 0 0 0
1515906107.72 15718 13233 7616 6148 8084 13750 4 16 6 5, 0 0 1 0 0 0 0 0 0 0
1515906108.72 12995 9294 2689 2105 7100 11500 8 19 6 6, 0 0 1 0 0 0 0 0 0 0
1515906109.72 10897 7512 2502 1802 6956 11716 10 22 8 7, 0 0 1 0 0 0 0 0 0 0
1515906110.73 12219 5486 1400 1234 5985 13251 8 55 7 5, 0 0 1 0 0 0 0 0 0 0
1515906111.73 9212 2754 644 1954 7157 11365 7 28 5 6, 0 0 1 0 0 0 0 0 0 0
1515906112.73 4786 1157 418 2987 7023 7744 8 21 7 7, 0 0 1 0 0 0 0 0 0 0
1515906113.73 2510 89 97 3524 5413 4772 14 27 12 12, 0 0 1 0 0 0 0 0 0 0
1515906114.73 402 103 71 2524 3314 1892 10 18 5 8, 0 0 1 0 0 0 0 0 0 0
1515906115.73 1361 2222 2243 3842 4534 2471 10 37 9 8, 0 0 1 0 0 0 0 0 0 0
1515906116.75 1333 2553 2574 4949 5807 3013 18 28 12 13, 0 0 1 0 0 0 0 0 0 0
1515906117.75 2636 5572 6353 5934 7642 4431 16 26 9 11, 0 0 1 0 0 0 0 0 0 0
1515906118.76 3186 7852 10367 5768 5950 3126 15 24 8 12, 0 0 1 0 0 0 0 0 0 0
1515906119.81 5018 6559 12711 6199 5963 4946 11 363 8 10, 0 0 1 0 0 0 0 0 0 0
1515906120.82 6292 11580 21510 9486 8096 6352 16 36 12 13, 0 0 1 0 0 0 0 0 0 0
1515906121.82 5215 10022 15823 5863 5362 4501 14 41 10 11, 0 0 1 0 0 0 0 0 0 0
1515906122.85 6007 10699 16414 3224 4239 5494 16 26 12 15, 0 0 1 0 0 0 0 0 0 0
1515906123.85 6677 11010 16198 7743 5268 5341 12 119 5 10, 0 0 1 0 0 0 0 0 0 0
1515906124.85 10322 10924 16185 6646 4831 6781 13 2055 7 11, 0 0 1 0 0 0 0 0 0 0
1515906125.85 6673 8690 17221 7320 3744 4599 18 1114 8 15, 0 0 1 0 0 0 0 0 0 0
1515906126.85 8335 8576 17205 10219 7995 7863 8 1193 4 9, 0 0 1 0 0 0 0 0 0 0
1515906127.85 12704 12940 16438 10256 9111 9934 15 1309 11 14, 0 0 1 0 0 0 0 0 0 0
1515906128.85 12675 12212 15117 8193 6495 9933 11 1608 7 10, 0 0 1 0 0 0 0 0 0 0
1515906129.85 10215 10516 7586 2405 5962 9944 8 90 2 6, 0 0 1 0 0 0 0 0 0 0
1515906130.85 6431 6036 3765 1368 4228 6613 12 23 10 10, 0 0 1 0 0 0 0 0 0 0
1515906131.85 7137 9695 13519 7055 4632 7002 15 20 10 15, 0 0 1 0 0 0 0 0 0 0
1515906132.85 12994 16603 17265 5305 3313 8062 10 784 6 9, 0 0 1 0 0 0 0 0 0 0
1515906133.85 12246 16673 16535 6144 4093 7496 9 1664 9 9, 0 0 1 0 0 0 0 0 0 0
1515906134.86 9945 15897 18350 10220 6701 8055 14 424 5 7, 0 0 1 0 0 0 0 0 0 0
1515906135.86 9549 15403 21348 9702 6467 8028 8 17 6 6, 0 0 1 0 0 0 0 0 0 0
1515906136.86 12397 16009 17394 10521 7618 10908 8 15 6 7, 0 0 1 0 0 0 0 0 0 0
1515906137.86 16101 14439 14490 10439 8313 11880 14 27 11 14, 0 0 1 0 0 0 0 0 0 0
1515906138.86 18640 12817 9844 9587 9906 14657 11 70 5 9, 0 0 1 0 0 0 0 0 0 0
1515906139.87 18072 12788 9843 9587 9906 14189 8 68 2 4, 0 0 1 0 0 0 0 0 0 0
1515906140.88 19833 11058 7596 8120 8688 15964 8 624 7 7, 0 0 1 0 0 0 0 0 0 0
1515906141.88 21423 10411 6338 6023 8903 16213 13 1738 8 10, 0 0 1 0 0 0 0 0 0 0
1515906142.88 20402 7174 7474 8307 9808 12594 6 4822 2 5, 0 0 1 0 0 0 0 0 0 0
1515906143.88 21478 9221 6314 5668 8756 16850 9 3444 8 8, 0 0 1 0 0 0 0 0 0 0
1515906144.88 17580 8994 7463 7734 8822 16016 5 4086 5 6, 0 0 1 0 0 0 0 0 0 0
1515906145.89 15730 8583 9380 10177 10051 16731 13 2328 9 10, 0 0 1 0 0 0 0 0 0 0
1515906146.9 15807 7778 5803 10935 11708 19993 10 12 7 7, 0 0 1 0 0 0 0 0 0 0
1515906147.9 15921 5683 4775 10866 12687 20384 7 15 6 6, 0 0 1 0 0 0 0 0 0 0
1515906148.92 17583 5217 4123 10800 12774 21244 7 12 5 5, 0 0 1 0 0 0 0 0 0 0
1515906149.92 17821 5301 1714 7258 10722 20840 11 14 4 6, 0 0 1 0 0 0 0 0 0 0
1515906150.92 17110 5000 3193 10686 12965 19906 5 16 4 3, 0 0 1 0 0 0 0 0 0 0
1515906151.92 14172 4652 6961 16536 13263 18162 5 12 6 4, 0 0 1 0 0 0 0 0 0 0
1515906152.93 6175 2093 6831 18393 15274 12511 10 22 9 8, 0 0 1 0 0 0 0 0 0 0
1515906153.93 5680 1341 6597 16515 14919 11823 6 16 4 3, 0 0 1 0 0 0 0 0 0 0
1515906154.93 7545 3179 5283 12095 13495 12261 6 7 7 5, 0 0 1 0 0 0 0 0 0 0
1515906155.95 6125 2638 5181 12095 13495 10376 7 14 7 5, 0 0 1 0 0 0 0 0 0 0
1515906156.97 4233 1705 4143 10952 12180 9121 7 18 5 5, 0 0 1 0 0 0 0 0 0 0
1515906157.97 5115 1508 2488 13155 12756 8750 5 6 4 3, 0 0 1 0 0 0 0 0 0 0
1515906158.97 7852 4310 3699 12115 14659 11072 5 9 2 3, 0 0 1 0 0 0 0 0 0 0
1515906159.98 6525 3394 2140 14097 10756 9791 3 14 6 3, 0 0 1 0 0 0 0 0 0 0
1515906161.01 9683 5718 2875 11538 12822 12512 3 151 1 1, 0 0 1 0 0 0 0 0 0 0
1515906162.01 7675 3565 2900 11796 11250 11266 6 12 6 5, 0 0 1 0 0 0 0 0 0 0
1515906163.03 4513 3154 2496 11897 10812 8178 5 9 2 4, 0 0 1 0 0 0 0 0 0 0
1515906164.03 5269 2853 3441 10242 8992 7883 6 15 6 3, 0 0 1 0 0 0 0 0 0 0
1515906165.04 4744 4936 8481 11082 6682 5370 9 102 6 7, 0 0 1 0 0 0 0 0 0 0
1515906166.05 2941 6688 13354 10933 4040 3779 11 21 6 8, 0 0 1 0 0 0 0 0 0 0
1515906167.05 2321 5745 17159 10568 3219 1926 8 19 5 6, 0 0 1 0 0 0 0 0 0 0
1515906168.07 5406 5579 14355 6139 3941 5515 4 12 8 4, 0 0 1 0 0 0 0 0 0 0
1515906169.08 8148 7070 15474 6368 6022 9424 7 411 6 4, 0 0 1 0 0 0 0 0 0 0
1515906170.08 10606 4862 12047 3767 3892 11904 5 885 5 4, 0 0 1 0 0 0 0 0 0 0
1515906171.09 17462 6818 12923 5132 5065 15309 7 1865 6 3, 0 0 1 0 0 0 0 0 0 0
1515906172.09 18322 7755 13619 4923 5552 16423 7 2744 5 4, 0 0 1 0 0 0 0 0 0 0
1515906173.1 17562 8948 13572 4265 4937 13931 6 1361 6 3, 0 0 1 0 0 0 0 0 0 0
1515906174.11 19991 11385 11551 4313 4947 14213 7 206 3 3, 0 0 1 0 0 0 0 0 0 0
1515906175.11 19809 11792 10456 4505 8064 15917 4 16 7 5, 0 0 1 0 0 0 0 0 0 0
1515906176.12 20101 11689 8557 5145 8700 14217 6 12 6 6, 0 0 1 0 0 0 0 0 0 0
1515906177.16 16383 11752 12289 5390 9736 12613 6 12 4 3, 0 0 1 0 0 0 0 0 0 0
1515906178.16 14121 15481 16026 5029 6514 7541 8 6 1 4, 0 0 1 0 0 0 0 0 0 0
1515906179.16 12180 14060 16608 5000 4802 5150 7 10 7 7, 0 0 1 0 0 0 0 0 0 0
1515906180.16 8109 12653 13332 4396 3701 3896 9 8 5 7, 0 0 1 0 0 0 0 0 0 0
1515906181.16 7991 12208 12156 6913 5492 4624 8 12 6 5, 0 0 1 0 0 0 0 0 0 0
1515906182.17 6010 7645 7056 4862 3770 3948 12 14 6 11, 0 0 1 0 0 0 0 0 0 0
1515906183.18 9506 10253 7072 3066 2705 5011 11 16 11 7, 0 0 1 0 0 0 0 0 0 0
1515906184.18 9504 13313 10552 4382 3559 5315 5 10 7 4, 0 0 1 0 0 0 0 0 0 0
1515906185.24 10214 12055 8244 7209 5695 6242 7 13 6 4, 0 0 1 0 0 0 0 0 0 0
1515906186.24 7672 11797 7855 9865 5881 5756 9 8 5 8, 0 0 1 0 0 0 0 0 0 0
1515906187.24 10998 11373 7373 10107 7042 7132 5 14 8 4, 0 0 1 0 0 0 0 0 0 0
1515906188.24 8423 10942 7275 9229 5655 5963 8 22 8 7, 0 0 1 0 0 0 0 0 0 0
1515906189.24 7708 11615 7079 10208 5228 5342 10 18 9 7, 0 0 1 0 0 0 0 0 0 0
1515906190.24 7921 11675 6317 8227 4087 3822 6 5 3 6, 0 0 1 0 0 0 0 0 0 0
1515906191.25 6719 11890 5864 6150 4616 4168 3 9 5 1, 0 0 1 0 0 0 0 0 0 0
1515906192.25 5762 9968 7383 7511 5226 4333 4 12 4 2, 0 0 1 0 0 0 0 0 0 0
1515906193.25 4987 7004 7728 8110 4144 4579 6 12 4 6, 0 0 1 0 0 0 0 0 0 0
1515906194.25 8571 9661 7324 8095 6129 7989 14 21 13 11, 0 0 1 0 0 0 0 0 0 0
1515906195.25 7360 10285 5135 6010 4112 5859 11 22 10 8, 0 0 1 0 0 0 0 0 0 0
1515906196.25 8468 9170 7962 10358 9038 9110 8 22 8 5, 0 0 1 0 0 0 0 0 0 0
1515906197.25 10489 8197 5445 9367 11825 11840 8 15 7 3, 0 0 1 0 0 0 0 0 0 0
1515906198.25 8626 5734 5055 12019 14195 12437 7 11 4 4, 0 0 1 0 0 0 0 0 0 0
1515906199.25 11498 5522 2927 8950 12219 15115 3 10 5 3, 0 0 1 0 0 0 0 0 0 0
1515906200.25 13249 5251 2320 6884 12857 18188 4 8 4 2, 0 0 1 0 0 0 0 0 0 0
1515906201.25 10776 3984 1796 5455 11553 17061 6 202 4 5, 0 0 1 0 0 0 0 0 0 0
1515906202.25 13168 3276 1188 4662 11306 17129 6 1838 3 4, 0 0 1 0 0 0 0 0 0 0
1515906203.25 13080 2647 615 3955 9582 16240 4 1047 4 2, 0 0 1 0 0 0 0 0 0 0
1515906204.25 10454 2526 585 2325 7951 15636 5 1297 5 5, 0 0 1 0 0 0 0 0 0 0
1515906205.25 10653 3699 735 3049 7970 13591 4 1085 6 2, 0 0 1 0 0 0 0 0 0 0
1515906206.25 9159 3921 662 3049 7129 9827 5 192 4 3, 0 0 1 0 0 0 0 0 0 0
1515906207.25 11035 3702 2099 910 2962 7749 3 2903 7 5, 0 0 1 0 0 0 0 0 0 0
1515906208.26 11331 4612 1643 740 2340 7050 11 2268 10 6, 0 0 1 0 0 0 0 0 0 0
1515906209.26 8589 4617 1519 943 2214 4337 6 1866 5 2, 0 0 1 0 0 0 0 0 0 0
1515906210.26 6850 4857 826 958 2012 3395 10 191 7 7, 0 0 1 0 0 0 0 0 0 0
1515906211.26 3759 2581 601 211 216 1919 16 28 12 10, 0 0 1 0 0 0 0 0 0 0
1515906212.26 3340 1803 812 1581 2414 3058 13 26 12 8, 0 0 1 0 0 0 0 0 0 0
1515906213.26 6014 2213 3636 8969 9003 7765 10 24 12 8, 0 0 1 0 0 0 0 0 0 0
1515906214.28 5372 1438 3441 14761 12215 7650 10 18 7 9, 0 0 1 0 0 0 0 0 0 0
1515906215.28 5488 1429 4922 19273 12716 7408 11 14 8 8, 0 0 1 0 0 0 0 0 0 0
1515906216.28 4487 2619 7797 21474 13574 7230 6 7 5 4, 0 0 1 0 0 0 0 0 0 0
1515906217.28 4049 2167 5926 20116 13372 7217 11 16 7 10, 0 0 1 0 0 0 0 0 0 0
1515906218.28 2389 1148 4377 20751 11945 6653 16 19 9 12, 0 0 1 0 0 0 0 0 0 0
1515906219.28 2509 1088 3172 19046 11668 6738 7 14 5 6, 0 0 1 0 0 0 0 0 0 0
1515906220.29 5478 4854 6933 16971 11606 7344 10 15 4 7, 0 0 1 0 0 0 0 0 0 0
1515906221.29 10258 7928 5744 16573 10879 10524 5 10 2 3, 0 0 1 0 0 0 0 0 0 0
1515906222.29 13092 9723 5506 16560 13155 14076 5 9 5 5, 0 0 1 0 0 0 0 0 0 0
1515906223.29 12228 11187 5680 11594 11814 13391 9 8 4 7, 0 0 1 0 0 0 0 0 0 0
1515906224.3 16127 12950 3637 8182 9992 16842 6 11 4 3, 0 0 1 0 0 0 0 0 0 0
1515906225.3 14762 13241 4778 8504 8215 14586 9 13 5 5, 0 0 1 0 0 0 0 0 0 0
1515906226.31 10000 11325 4999 11497 9588 15196 10 13 4 7, 0 0 1 0 0 0 0 0 0 0
1515906227.31 12032 10115 5170 11201 11407 13500 10 15 7 9, 0 0 1 0 0 0 0 0 0 0
1515906228.31 12989 9323 3790 10249 10630 14299 4 11 3 4, 0 0 1 0 0 0 0 0 0 0
1515906229.31 15927 9524 3631 9497 9437 15594 5 8 3 2, 0 0 1 0 0 0 0 0 0 0
1515906230.35 19230 11137 5925 10469 8435 18541 9 10 5 9, 0 0 1 0 0 0 0 0 0 0
1515906231.35 19001 11307 6020 8722 7590 17262 5 9 5 6, 0 0 1 0 0 0 0 0 0 0
1515906232.35 17003 11191 6689 6824 7189 15601 3 35 3 2, 0 0 1 0 0 0 0 0 0 0
1515906233.35 12837 8676 5476 5285 6445 10792 6 39 4 5, 0 0 1 0 0 0 0 0 0 0
1515906234.35 9611 7947 5094 4172 5645 8226 5 14 2 5, 0 0 1 0 0 0 0 0 0 0
1515906235.35 9026 7528 4455 5187 7811 8420 9 17 7 8, 0 0 1 0 0 0 0 0 0 0
1515906236.35 7389 7385 5030 6662 10203 8019 8 23 11 7, 0 0 1 0 0 0 0 0 0 0
1515906237.36 8131 6043 3103 4157 9160 9573 9 23 9 7, 0 0 1 0 0 0 0 0 0 0
1515906238.37 8430 4085 1226 3611 8256 9390 10 21 10 8, 0 0 1 0 0 0 0 0 0 0
1515906239.37 4610 1613 554 2367 4913 5506 9 22 11 6, 0 0 1 0 0 0 0 0 0 0
1515906240.37 916 294 425 1635 3248 2278 9 25 6 4, 0 0 1 0 0 0 0 0 0 0
1515906241.37 3152 3075 1348 1426 3786 2842 14 276 9 12, 0 0 1 0 0 0 0 0 0 0
1515906242.37 5630 4730 2917 4001 6499 7471 16 26 14 12, 0 0 1 0 0 0 0 0 0 0
1515906243.37 8595 4151 4691 5884 6047 8781 8 27 9 6, 0 0 1 0 0 0 0 0 0 0
1515906244.37 8561 4298 4766 6592 4973 8147 5 12 7 6, 0 0 1 0 0 0 0 0 0 0
1515906245.38 11291 3189 3961 8252 6953 13008 8 24 5 6, 0 0 1 0 0 0 0 0 0 0
1515906246.38 7745 1302 2740 7758 9369 16287 7 16 4 5, 0 0 1 0 0 0 0 0 0 0
1515906247.38 9721 3137 4992 10753 8209 16911 4 9 3 1, 0 0 1 0 0 0 0 0 0 0
1515906248.38 11995 3108 3805 9741 9291 18002 3 11 4 3, 0 0 1 0 0 0 0 0 0 0
1515906249.38 10805 4688 2153 6959 6879 20553 6 13 1 4, 0 0 1 0 0 0 0 0 0 0
1515906250.38 11062 5346 3544 8270 7678 15457 10 270 8 10, 0 0 1 0 0 0 0 0 0 0
1515906251.39 11336 6475 2017 4915 7305 15308 8 19 8 7, 0 0 1 0 0 0 0 0 0 0
1515906252.39 12830 7242 2243 5736 7508 12004 2 15 2 2, 0 0 1 0 0 0 0 0 0 0
1515906253.39 20305 11794 2304 3781 7508 14081 2 15 2 1, 0 0 1 0 0 0 0 0 0 0
1515906254.4 20881 12059 1743 1586 4269 10775 5 16 5 4, 0 0 1 0 0 0 0 0 0 0
1515906255.4 24068 12925 2214 1074 5189 14063 5 14 2 3, 0 0 1 0 0 0 0 0 0 0
1515906256.41 24112 10894 2154 521 5420 14402 7 6 3 6, 0 0 1 0 0 0 0 0 0 0
1515906257.42 23136 10975 2649 45 5097 16978 9 14 3 7, 0 0 1 0 0 0 0 0 0 0
1515906258.43 22813 10481 2625 25 5336 16742 4 5 0 3, 0 0 1 0 0 0 0 0 0 0
1515906259.43 22540 11666 3396 23 4713 17808 4 7 0 2, 0 0 1 0 0 0 0 0 0 0
1515906260.43 21958 12419 4171 21 3539 14514 0 32 2 0, 0 0 1 0 0 0 0 0 0 0
1515906261.43 23656 14952 5980 47 3088 11923 5 2330 3 4, 0 0 1 0 0 0 0 0 0 0
1515906262.44 20239 12551 5676 830 4084 12603 2 1949 3 2, 0 0 1 0 0 0 0 0 0 0
1515906263.44 18148 11123 4139 400 3782 10551 2 1132 1 2, 0 0 1 0 0 0 0 0 0 0
1515906264.44 16699 10188 2810 578 3591 8941 5 1398 6 4, 0 0 1 0 0 0 0 0 0 0
1515906265.44 17881 10874 3391 5030 8928 12355 5 174 8 5, 0 0 1 0 0 0 0 0 0 0
1515906266.44 11946 5580 2054 4846 5734 9196 8 13 1 7, 0 0 1 0 0 0 0 0 0 0
1515906267.44 14912 3860 3693 8582 5054 9407 1 12 9 3, 0 0 1 0 0 0 0 0 0 0
1515906268.44 20025 4381 1699 5867 4711 10485 5 11 4 3, 0 0 1 0 0 0 0 0 0 0
1515906269.45 15591 3577 1587 5789 5336 9308 5 12 6 4, 0 0 1 0 0 0 0 0 0 0
1515906270.45 14430 3471 751 5251 7308 10229 12 22 9 11, 0 0 1 0 0 0 0 0 0 0
1515906271.46 14330 4677 627 4271 6797 10022 9 16 5 5, 0 0 1 0 0 0 0 0 0 0
1515906272.46 15382 6641 1297 3787 8158 12450 5 11 7 5, 0 0 1 0 0 0 0 0 0 0
1515906273.46 15416 7261 2248 5663 11492 13951 9 10 3 5, 0 0 1 0 0 0 0 0 0 0
1515906274.46 17212 6725 3899 4120 7919 12932 5 1152 2 5, 0 0 1 0 0 0 0 0 0 0
1515906275.47 15173 7291 5649 1838 7169 12819 7 2030 7 6, 0 0 1 0 0 0 0 0 0 0
1515906276.47 15418 6015 6048 2366 10174 14688 6 1443 2 4, 0 0 1 0 0 0 0 0 0 0
1515906277.47 20394 7488 6725 3698 9939 16418 3 1548 3 2, 0 0 1 0 0 0 0 0 0 0
1515906278.48 20264 9584 7159 4259 9245 15660 9 1392 5 6, 0 0 1 0 0 0 0 0 0 0
1515906279.48 20837 7842 6204 5428 8440 17028 4 1376 4 1, 0 0 1 0 0 0 0 0 0 0
1515906280.48 18863 9945 6209 5996 7419 10613 1 1514 0 1, 0 0 1 0 0 0 0 0 0 0
1515906281.49 16373 10760 8820 6925 4957 8042 5 2422 2 3, 0 0 1 0 0 0 0 0 0 0
1515906282.49 17193 10547 10294 8893 4559 8179 6 3702 3 5, 0 0 1 0 0 0 0 0 0 0
1515906283.49 16207 10148 8391 7393 3256 6514 5 2432 2 2, 0 0 1 0 0 0 0 0 0 0
1515906284.5 16975 12998 10926 9924 6295 11231 5 1135 4 5, 0 0 1 0 0 0 0 0 0 0
1515906285.5 13417 13118 9409 7238 6335 9792 9 15 5 4, 0 0 1 0 0 0 0 0 0 0
1515906286.51 13137 15054 14950 10273 6795 9255 5 17 5 5, 0 0 1 0 0 0 0 0 0 0
1515906287.51 11284 14807 19521 9804 4669 8879 3 8 2 1, 0 0 1 0 0 0 0 0 0 0
1515906288.51 9488 14256 20945 12237 6121 7624 11 26 7 10, 0 0 1 0 0 0 0 0 0 0
1515906289.52 11020 15035 20364 11261 6281 8636 5 18 5 4, 0 0 1 0 0 0 0 0 0 0
1515906290.53 9511 13128 16104 10689 5870 6604 7 26 4 5, 0 0 1 0 0 0 0 0 0 0
1515906291.53 6444 14568 20726 11279 2685 2938 6 16 5 2, 0 0 1 0 0 0 0 0 0 0
1515906292.54 5439 13618 18804 9513 1613 1521 11 227 7 6, 0 0 1 0 0 0 0 0 0 0
1515906293.54 3781 11447 17193 6916 113 1017 9 13 6 6, 0 0 1 0 0 0 0 0 0 0
1515906294.54 7294 14614 16616 6114 1425 1951 7 2330 7 6, 0 0 1 0 0 0 0 0 0 0
1515906295.54 7454 13877 12691 3202 753 1471 10 1856 5 4, 0 0 1 0 0 0 0 0 0 0
1515906296.56 6783 10924 16858 5924 753 1961 7 1748 3 4, 0 0 1 0 0 0 0 0 0 0
1515906297.56 7737 13490 23661 9280 3420 3955 8 817 5 4, 0 0 1 0 0 0 0 0 0 0
1515906298.56 6869 10404 20623 8657 2650 3276 7 331 7 6, 0 0 1 0 0 0 0 0 0 0
1515906299.56 7182 9910 20423 8622 4567 4210 7 1585 5 3, 0 0 1 0 0 0 0 0 0 0
1515906300.57 7182 9910 20423 8622 4567 4210 7 1585 5 3, 0 0 1 0 0 0 0 0 0 0
1515906301.58 9407 8530 19620 8412 5421 8237 6 1567 8 5, 0 0 1 0 0 0 0 0 0 0
1515906302.62 9361 9818 12085 6341 6869 8665 7 1583 7 5, 0 0 1 0 0 0 0 0 0 0
1515906303.62 8135 11281 18006 6337 7273 11160 6 1368 7 3, 0 0 1 0 0 0 0 0 0 0
1515906304.62 8564 8953 16178 4783 6019 11592 4 3275 2 4, 0 0 1 0 0 0 0 0 0 0
1515906305.62 7468 7759 15523 5711 6581 11493 7 1437 2 6, 0 0 1 0 0 0 0 0 0 0
1515906306.62 8213 8423 11597 5382 8156 12943 7 938 5 5, 0 0 1 0 0 0 0 0 0 0
1515906307.62 9104 7953 11497 3547 6646 12811 5 269 1 2, 0 0 1 0 0 0 0 0 0 0
1515906308.62 13533 12487 12064 5002 9050 16479 3 10 3 2, 0 0 1 0 0 0 0 0 0 0
1515906309.62 14470 12771 13759 5499 8197 17553 6 10 3 5, 0 0 1 0 0 0 0 0 0 0
1515906310.63 12438 11370 12049 8441 9355 13064 2 8 3 2, 0 0 1 0 0 0 0 0 0 0
1515906311.63 11443 7319 5400 6416 9109 12292 4 22 2 3, 0 0 1 0 0 0 0 0 0 0
1515906312.63 6573 4270 4054 3145 6795 11280 5 13 3 6, 0 0 1 0 0 0 0 0 0 0
1515906313.64 6414 3242 2852 1750 5911 11492 5 15 3 5, 0 0 1 0 0 0 0 0 0 0
1515906314.64 11384 6035 2173 2060 7008 13788 5 21 6 5, 0 0 1 0 0 0 0 0 0 0
1515906315.66 16086 7093 1951 2527 6776 16994 17 33 12 11, 0 0 1 0 0 0 0 0 0 0
1515906316.66 14846 5112 183 2109 7144 18488 17 48 15 12, 0 0 1 0 0 0 0 0 0 0
1515906317.66 10889 2214 68 1269 5518 16153 6 16 5 5, 0 0 1 0 0 0 0 0 0 0
1515906318.67 11400 3439 87 1594 5642 14153 17 22 12 13, 0 0 1 0 0 0 0 0 0 0
1515906319.67 10752 2759 687 2739 6050 13577 2 11 3 1, 0 0 1 0 0 0 0 0 0 0
1515906320.67 10832 3093 223 867 3869 13675 3 10 5 4, 0 0 1 0 0 0 0 0 0 0
1515906321.67 9805 2871 240 1598 4437 12827 5 13 4 3, 0 0 1 0 0 0 0 0 0 0
1515906322.67 6737 2533 1345 4808 7269 9691 16 23 11 9, 0 0 1 0 0 0 0 0 0 0
1515906323.67 2739 719 1804 5576 5577 4552 7 16 6 4, 0 0 1 0 0 0 0 0 0 0
1515906324.67 160 643 2894 5626 2283 248 7 16 6 4, 0 0 1 0 0 0 0 0 0 0
1515906325.67 108 443 1928 5050 1722 121 10 23 10 8, 0 0 1 0 0 0 0 0 0 0
1515906326.67 129 282 1224 3402 1877 134 12 15 9 10, 0 0 1 0 0 0 0 0 0 0
1515906327.67 138 107 216 1912 1254 142 10 18 9 9, 0 0 1 0 0 0 0 0 0 0
1515906328.67 101 75 86 672 400 119 7 13 7 4, 0 0 1 0 0 0 0 0 0 0
1515906329.68 166 96 98 224 273 302 10 16 9 7, 0 0 1 0 0 0 0 0 0 0
1515906330.68 3102 1426 585 108 731 2237 17 467 12 10, 0 0 1 0 0 0 0 0 0 0
1515906331.68 4002 1770 1140 234 910 2319 9 1272 7 6, 0 0 1 0 0 0 0 0 0 0
1515906332.68 4962 1992 2849 4929 5331 4508 8 1258 5 7, 0 0 1 0 0 0 0 0 0 0
1515906333.68 5462 2237 5385 10934 9474 4520 12 2327 11 8, 0 0 1 0 0 0 0 0 0 0
1515906334.68 5570 2650 5531 12422 10642 5516 4 1226 5 4, 0 0 1 0 0 0 0 0 0 0
1515906335.68 6828 2795 5802 12936 9904 5807 7 1652 7 4, 0 0 1 0 0 0 0 0 0 0
1515906336.68 5474 2907 6548 13352 9386 5465 8 1013 4 6, 0 0 1 0 0 0 0 0 0 0
1515906337.68 4246 2351 7444 13295 8190 5629 5 17 4 1, 0 0 1 0 0 0 0 0 0 0
1515906338.69 4674 2141 7130 12496 7678 5825 7 14 5 6, 0 0 1 0 0 0 0 0 0 0
1515906339.69 7568 2401 7286 13375 7677 9240 12 23 7 9, 0 0 1 0 0 0 0 0 0 0
1515906340.69 7917 2658 7846 13889 8720 10956 7 12 5 4, 0 0 1 0 0 0 0 0 0 0
1515906341.69 6343 3071 7219 13726 9448 12656 8 20 8 6, 0 0 1 0 0 0 0 0 0 0
1515906342.7 7004 2503 4753 11033 8089 13105 5 11 1 5, 0 0 1 0 0 0 0 0 0 0
1515906343.7 9713 3334 6020 11072 7649 12134 8 11 7 6, 0 0 1 0 0 0 0 0 0 0
1515906344.7 10103 3888 6913 13701 10450 12459 8 53 6 8, 0 0 1 0 0 0 0 0 0 0
1515906345.72 8354 2572 8123 19252 12688 11589 13 483 9 9, 0 0 1 0 0 0 0 0 0 0
1515906346.72 10581 3553 6481 19512 11646 10891 34 2125 15 28, 0 0 1 0 0 0 0 0 0 0
1515906347.72 7597 2887 6500 21833 16063 12451 14 1953 4 13, 0 0 1 0 0 0 0 0 0 0
1515906348.72 7085 3319 7746 20931 14611 11313 14 1586 8 13, 0 0 1 0 0 0 0 0 0 0
1515906349.73 9392 5214 6849 19646 13413 12528 9 1213 4 11, 0 0 1 0 0 0 0 0 0 0
1515906350.73 10949 6387 5703 18542 13849 13999 5 7 3 4, 0 0 1 0 0 0 0 0 0 0
1515906351.73 10857 4966 4588 18542 13849 14380 8 8 4 6, 0 0 1 0 0 0 0 0 0 0
1515906352.74 10774 5312 3294 16635 15370 15455 6 5 3 4, 0 0 1 0 0 0 0 0 0 0
1515906353.74 12616 6226 1415 13124 15123 16181 9 62 4 8, 0 0 1 0 0 0 0 0 0 0
1515906354.75 13552 6736 2904 14276 13046 14425 8 14 5 7, 0 0 1 0 0 0 0 0 0 0
1515906355.75 12109 7842 3012 11179 13461 12108 10 17 6 8, 0 0 1 0 0 0 0 0 0 0
1515906356.75 8596 6185 2655 7134 10105 9222 6 13 4 6, 0 0 1 0 0 0 0 0 0 0
1515906357.76 10157 5211 1344 4677 9317 11442 11 17 9 9, 0 0 1 0 0 0 0 0 0 0
1515906358.76 10863 4128 1083 6546 12386 14341 7 16 7 5, 0 0 1 0 0 0 0 0 0 0
1515906359.76 10443 3119 905 6963 12122 14948 7 12 4 5, 0 0 1 0 0 0 0 0 0 0
1515906360.76 14092 3983 880 5465 10758 17421 12 12 8 10, 0 0 1 0 0 0 0 0 0 0
1515906361.76 15272 6472 1756 5523 12782 21261 10 247 3 7, 0 0 1 0 0 0 0 0 0 0
1515906362.77 16772 5624 1797 4203 10632 21443 10 711 3 9, 0 0 1 0 0 0 0 0 0 0
1515906363.79 16387 6862 1996 3646 9663 18341 13 1388 4 12, 0 0 1 0 0 0 0 0 0 0
1515906364.79 19906 7743 2215 3166 8204 17624 10 1075 4 7, 0 0 1 0 0 0 0 0 0 0
1515906365.79 18077 7528 3306 3845 8648 15388 3 1354 2 4, 0 0 1 0 0 0 0 0 0 0
1515906366.79 15184 9059 6091 6160 9452 14280 7 414 1 6, 0 0 1 0 0 0 0 0 0 0
1515906367.79 16391 10872 7759 6999 10115 15463 10 727 3 9, 0 0 1 0 0 0 0 0 0 0
1515906368.8 17248 11718 7918 6227 10401 14956 6 109 0 5, 0 0 1 0 0 0 0 0 0 0
1515906369.8 14000 11909 9074 6482 10596 13047 3 61 4 3, 0 0 1 0 0 0 0 0 0 0
1515906370.81 7470 8283 10072 10925 13962 11294 2 10 1 2, 0 0 1 0 0 0 0 0 0 0
1515906371.81 6670 7453 7903 11272 14968 12484 8 10 1 7, 0 0 1 0 0 0 0 0 0 0
1515906372.81 5792 5539 5939 8744 14248 12815 8 11 6 8, 0 0 1 0 0 0 0 0 0 0
1515906373.87 5076 4916 4888 7869 13147 10595 5 11 3 5, 0 0 1 0 0 0 0 0 0 0
1515906374.87 6816 2483 2991 7986 13888 12894 10 1148 5 7, 0 0 1 0 0 0 0 0 0 0
1515906375.87 17220 9379 4695 6865 11691 16630 10 898 8 11, 0 0 1 0 0 0 0 0 0 0
1515906376.87 16331 8714 3616 5976 10722 15716 11 957 8 7, 0 0 1 0 0 0 0 0 0 0
1515906377.87 16019 9958 4162 6125 9038 13818 3 2188 4 4, 0 0 1 0 0 0 0 0 0 0
1515906378.88 10227 6272 1658 3926 7510 9832 22 907 16 16, 0 0 1 0 0 0 0 0 0 0
1515906379.89 11286 5470 677 942 5443 11906 5 289 4 5, 0 0 1 0 0 0 0 0 0 0
1515906380.89 11347 5599 929 656 5239 10643 5 20 4 6, 0 0 1 0 0 0 0 0 0 0
1515906381.89 10098 5073 641 714 5433 9956 5 17 4 3, 0 0 1 0 0 0 0 0 0 0
1515906382.89 7821 3061 274 166 3526 7745 12 24 7 7, 0 0 1 0 0 0 0 0 0 0
1515906383.89 4287 2542 1298 1372 2305 3551 7 13 6 4, 0 0 1 0 0 0 0 0 0 0
1515906384.89 5616 4072 3513 5088 2910 2809 14 263 10 10, 0 0 1 0 0 0 0 0 0 0
1515906385.9 9203 7048 4267 5792 3126 3396 15 896 7 11, 0 0 1 0 0 0 0 0 0 0
1515906386.9 10098 6910 3224 5624 2925 3784 8 1166 6 5, 0 0 1 0 0 0 0 0 0 0
1515906387.92 11251 10082 4571 5845 2232 3467 14 1187 13 12, 0 0 1 0 0 0 0 0 0 0
1515906388.92 11123 10701 8804 8441 3520 5058 16 1320 11 9, 0 0 1 0 0 0 0 0 0 0
1515906389.92 7040 8422 6647 4827 3368 4023 12 26 9 7, 0 0 1 0 0 0 0 0 0 0
1515906390.92 5478 5763 5185 3250 2096 3718 11 20 12 8, 0 0 1 0 0 0 0 0 0 0
1515906391.93 10278 9297 5020 3250 2096 5608 11 99 11 6, 0 0 1 0 0 0 0 0 0 0
1515906392.94 16403 11443 3787 2609 2296 7832 7 123 6 7, 0 0 1 0 0 0 0 0 0 0
1515906393.96 22891 14627 5174 1821 3001 12028 8 642 5 7, 0 0 1 0 0 0 0 0 0 0
1515906394.96 22670 13351 3286 527 2373 8894 5 1167 5 8, 0 0 1 0 0 0 0 0 0 0
1515906395.98 22189 10807 1645 772 3551 10040 7 1050 4 5, 0 0 1 0 0 0 0 0 0 0
1515906396.99 19436 9915 1467 672 3155 9829 12 629 7 11, 0 0 1 0 0 0 0 0 0 0
1515906397.99 21584 10478 902 1047 4510 9983 9 1174 5 7, 0 0 1 0 0 0 0 0 0 0
1515906398.99 23042 13094 2194 824 5146 13797 8 1110 4 6, 0 0 1 0 0 0 0 0 0 0
1515906399.99 18571 12015 3797 600 4249 12489 9 1240 5 7, 0 0 1 0 0 0 0 0 0 0
1515906400.99 15166 11455 5831 1716 5120 13048 6 25 4 5, 0 0 1 0 0 0 0 0 0 0
1515906402.0 14282 7634 3611 1577 5003 11907 10 876 4 6, 0 0 1 0 0 0 0 0 0 0
1515906403.0 23859 12264 3640 1232 6006 16816 7 2156 5 5, 0 0 1 0 0 0 0 0 0 0
1515906404.0 24410 14539 3151 1465 6208 16512 9 1540 6 9, 0 0 1 0 0 0 0 0 0 0
1515906405.0 21458 11966 2287 2068 7103 14206 8 1576 4 7, 0 0 1 0 0 0 0 0 0 0
1515906406.01 20359 11820 2118 1960 7024 13052 4 1166 4 3, 0 0 1 0 0 0 0 0 0 0
1515906407.01 18219 12031 2483 2443 7396 12309 7 465 6 4, 0 0 1 0 0 0 0 0 0 0
1515906408.01 17487 11235 2643 2183 7962 10972 3 1820 3 2, 0 0 1 0 0 0 0 0 0 0
1515906409.02 16444 11764 2907 3039 7889 10510 8 63 7 6, 0 0 1 0 0 0 0 0 0 0
1515906410.02 15660 11732 3672 2821 8011 9558 4 12 5 3, 0 0 1 0 0 0 0 0 0 0
1515906411.02 16861 8600 1941 2642 6433 8959 4 12 2 2, 0 0 1 0 0 0 0 0 0 0
1515906412.02 14559 5436 820 3134 7963 11899 3 5 3 3, 0 0 1 0 0 0 0 0 0 0
1515906413.02 13980 6285 1010 3670 6382 10874 8 20 8 6, 0 0 1 0 0 0 0 0 0 0
1515906414.03 11290 5561 1062 2421 3352 7353 8 13 3 3, 0 0 1 0 0 0 0 0 0 0
1515906415.03 11480 5949 628 2471 4288 8019 10 16 8 8, 0 0 1 0 0 0 0 0 0 0
1515906416.03 10410 8415 3588 2687 3720 7842 12 21 9 9, 0 0 1 0 0 0 0 0 0 0
1515906417.03 10341 10341 13766 10578 7546 9868 8 372 9 7, 0 0 1 0 0 0 0 0 0 0
1515906418.05 14605 12036 14071 9701 6417 9992 14 1929 10 11, 0 0 1 0 0 0 0 0 0 0
1515906419.05 15044 12682 15866 9268 6362 7767 7 2383 6 6, 0 0 1 0 0 0 0 0 0 0
1515906420.06 15262 13212 14251 7477 6838 8267 7 1350 8 5, 0 0 1 0 0 0 0 0 0 0
1515906421.06 13521 13142 17187 6318 3458 5156 8 1680 7 6, 0 0 1 0 0 0 0 0 0 0
1515906422.07 11528 12562 18065 7653 3827 4257 7 1542 5 4, 0 0 1 0 0 0 0 0 0 0
1515906423.07 9407 9719 18246 8856 5245 4047 6 962 5 4, 0 0 1 0 0 0 0 0 0 0
1515906424.09 6428 6908 17852 12642 6796 4757 5 6 4 4, 0 0 1 0 0 0 0 0 0 0
1515906425.09 6737 8239 20173 10671 7426 4638 2 7 2 1, 0 0 1 0 0 0 0 0 0 0
1515906426.09 4711 5924 17034 11182 8060 4727 6 7 1 2, 0 0 1 0 0 0 0 0 0 0
1515906427.09 3215 6703 13108 11088 8390 3881 6 9 5 5, 0 0 1 0 0 0 0 0 0 0
1515906428.09 5528 6197 8348 7453 7695 6958 5 14 5 7, 0 0 1 0 0 0 0 0 0 0
1515906429.1 14766 8762 7736 4237 6459 11852 7 13 6 6, 0 0 1 0 0 0 0 0 0 0
1515906430.1 14755 6601 5249 1418 2424 9580 8 12 6 7, 0 0 1 0 0 0 0 0 0 0
1515906431.1 14438 5031 1705 1724 1904 7735 5 8 3 4, 0 0 1 0 0 0 0 0 0 0
1515906432.1 10306 3259 857 301 2297 9194 9 12 6 6, 0 0 1 0 0 0 0 0 0 0
1515906433.1 5977 2175 1009 1001 3727 7355 9 18 8 8, 0 0 1 0 0 0 0 0 0 0
1515906434.1 12902 3804 231 1616 5326 10936 8 13 8 4, 0 0 1 0 0 0 0 0 0 0
1515906435.11 14017 3909 98 1687 5896 13828 8 8 3 7, 0 0 1 0 0 0 0 0 0 0
1515906436.12 12786 4515 104 2022 6731 15467 5 11 6 3, 0 0 1 0 0 0 0 0 0 0
1515906437.12 13949 6188 4210 4333 7000 16784 6 3 1 4, 0 0 1 0 0 0 0 0 0 0
1515906438.13 13409 7047 5314 4202 7276 16266 5 10 3 5, 0 0 1 0 0 0 0 0 0 0
1515906439.14 13556 6959 5751 3150 7407 16908 8 16 3 3, 0 0 1 0 0 0 0 0 0 0
1515906440.14 10445 7873 11565 4282 6387 13196 5 15 4 4, 0 0 1 0 0 0 0 0 0 0
1515906441.14 6332 6044 11115 2672 3285 8718 5 15 4 3, 0 0 1 0 0 0 0 0 0 0
1515906442.14 2810 4098 10488 4146 4739 6740 7 17 5 5, 0 0 1 0 0 0 0 0 0 0
1515906443.14 3544 4731 11589 4674 5056 7740 4 12 4 5, 0 0 1 0 0 0 0 0 0 0
1515906444.14 7255 6897 13014 5532 5865 9450 3 9 5 2, 0 0 1 0 0 0 0 0 0 0
1515906445.14 7422 6416 10607 5117 6090 10198 6 183 5 4, 0 0 1 0 0 0 0 0 0 0
1515906446.15 8776 7672 13955 6413 6075 11552 9 1012 6 6, 0 0 1 0 0 0 0 0 0 0
1515906447.16 9828 9369 16920 7165 7854 13118 8 919 6 6, 0 0 1 0 0 0 0 0 0 0
1515906448.16 14449 7994 16061 5288 7410 14554 12 571 6 9, 0 0 1 0 0 0 0 0 0 0
1515906449.16 15127 10053 16324 5793 8556 13945 7 28 6 6, 0 0 1 0 0 0 0 0 0 0
1515906450.18 16849 8124 14367 6935 9026 17146 5 17 4 2, 0 0 1 0 0 0 0 0 0 0
1515906451.18 17730 10668 19454 6348 6725 17276 3 16 3 2, 0 0 1 0 0 0 0 0 0 0
1515906452.18 15136 7645 10673 7362 5322 10994 2 6 5 3, 0 0 1 0 0 0 0 0 0 0
1515906453.19 9123 7289 11650 9343 7834 8372 6 16 6 7, 0 0 1 0 0 0 0 0 0 0
1515906454.19 6656 3611 4947 3178 4186 7101 4 16 5 5, 0 0 1 0 0 0 0 0 0 0
1515906455.19 2902 3449 2418 2198 3006 2079 2 18 2 1, 0 0 1 0 0 0 0 0 0 0
1515906456.19 6572 2541 399 1928 5502 8275 4 30 6 2, 0 0 1 0 0 0 0 0 0 0
1515906457.19 7680 3209 532 1575 5229 11381 5 18 6 5, 0 0 1 0 0 0 0 0 0 0
1515906458.19 8225 1932 187 2185 6736 14406 4 14 4 4, 0 0 1 0 0 0 0 0 0 0
1515906459.19 11154 5406 2647 3074 7604 16074 4 9 3 4, 0 0 1 0 0 0 0 0 0 0
1515906460.2 11805 7697 7493 5156 8955 15314 3 11 3 3, 0 0 1 0 0 0 0 0 0 0
1515906461.2 15102 12466 10911 4976 8057 14074 7 13 4 5, 0 0 1 0 0 0 0 0 0 0
1515906462.2 13010 15411 13782 5951 6794 12804 4 15 4 2, 0 0 1 0 0 0 0 0 0 0
1515906463.2 15446 14796 10564 4242 6885 14702 6 9 4 4, 0 0 1 0 0 0 0 0 0 0
1515906464.21 15222 16091 9754 5334 9112 12840 8 6 4 6, 0 0 1 0 0 0 0 0 0 0
1515906465.21 13590 12688 9062 5984 10177 12360 4 8 3 2, 0 0 1 0 0 0 0 0 0 0
1515906466.21 17928 14562 8613 5120 9984 15419 6 5 3 5, 0 0 1 0 0 0 0 0 0 0
1515906467.22 19708 14025 6564 4579 8881 15522 3 13 1 2, 0 0 1 0 0 0 0 0 0 0
1515906468.22 20513 14699 8311 3949 8001 15222 5 12 4 3, 0 0 1 0 0 0 0 0 0 0
1515906469.22 14831 9373 2969 3469 5895 10622 3 8 3 4, 0 0 1 0 0 0 0 0 0 0
1515906470.22 15607 8499 1830 3885 9027 14060 10 75 11 10, 0 0 1 0 0 0 0 0 0 0
1515906471.23 17680 11331 2941 2866 8224 15551 19 27 12 14, 0 0 1 0 0 0 0 0 0 0
1515906472.23 18039 14519 3509 1365 7246 14402 6 18 5 3, 0 0 1 0 0 0 0 0 0 0
1515906473.24 14464 15139 3284 974 6068 10998 11 27 13 12, 0 0 1 0 0 0 0 0 0 0
1515906474.24 12346 12962 767 1066 7901 12398 6 18 6 6, 0 0 1 0 0 0 0 0 0 0
1515906475.24 13754 12947 2647 1514 6766 13020 6 12 3 3, 0 0 1 0 0 0 0 0 0 0
1515906476.24 13545 13239 3409 2012 7596 12731 3 169 4 5, 0 0 1 0 0 0 0 0 0 0
1515906477.24 11559 12830 6761 1681 6049 11275 11 21 12 11, 0 0 1 0 0 0 0 0 0 0
1515906478.25 16681 14957 6287 1797 6514 12134 7 18 6 5, 0 0 1 0 0 0 0 0 0 0
1515906479.26 22284 17211 7820 2030 6938 15926 4 10 3 2, 0 0 1 0 0 0 0 0 0 0
1515906480.26 25614 17266 7671 2263 8014 18513 4 19 3 4, 0 0 1 0 0 0 0 0 0 0
1515906481.27 25630 14927 6283 1947 5952 17431 2 8 1 1, 0 0 1 0 0 0 0 0 0 0
1515906482.27 23038 14268 6206 1780 5366 17378 6 9 1 6, 0 0 1 0 0 0 0 0 0 0
1515906483.27 17341 8538 2403 1733 5462 14640 3 9 3 4, 0 0 1 0 0 0 0 0 0 0
1515906484.29 15830 8419 2769 3016 6152 13073 5 13 5 6, 0 0 1 0 0 0 0 0 0 0
1515906485.29 8494 6717 3873 3758 4040 6215 13 21 11 10, 0 0 1 0 0 0 0 0 0 0
1515906486.29 10031 8200 4830 6006 9142 9008 10 400 5 5, 0 0 1 0 0 0 0 0 0 0
1515906487.29 17668 9885 4151 3786 9531 14452 11 1779 6 10, 0 0 1 0 0 0 0 0 0 0
1515906488.31 20563 9478 3715 4210 11068 13582 6 1926 3 4, 0 0 1 0 0 0 0 0 0 0
1515906489.32 17595 9679 5394 3540 9739 12518 8 1253 6 7, 0 0 1 0 0 0 0 0 0 0
1515906490.33 17852 12612 7706 1487 7250 11098 3 1924 6 4, 0 0 1 0 0 0 0 0 0 0
1515906491.33 16272 11241 9169 1506 6745 8545 6 1562 2 3, 0 0 1 0 0 0 0 0 0 0
1515906492.35 14036 11519 8764 1596 4219 5414 5 905 4 3, 0 0 1 0 0 0 0 0 0 0
1515906493.36 13805 9559 6330 1022 5873 8671 6 222 4 5, 0 0 1 0 0 0 0 0 0 0
1515906494.36 13026 8748 5977 3696 8696 10070 9 28 5 9, 0 0 1 0 0 0 0 0 0 0
1515906495.42 13020 7956 6114 4179 8166 10647 5 11 2 2, 0 0 1 0 0 0 0 0 0 0
1515906496.42 10739 6927 5819 4642 8501 9538 5 9 3 2, 0 0 1 0 0 0 0 0 0 0
1515906497.42 8769 6367 6104 5661 8204 9932 4 9 1 4, 0 0 1 0 0 0 0 0 0 0
1515906498.42 7675 5876 7837 8629 8572 10172 7 8 6 6, 0 0 1 0 0 0 0 0 0 0
1515906499.42 7805 5270 10592 14333 8926 9607 13 8 4 9, 0 0 1 0 0 0 0 0 0 0
1515906500.42 10557 5974 7445 12779 9741 12256 10 13 4 7, 0 0 1 0 0 0 0 0 0 0
1515906501.42 12866 6646 6295 13166 9255 15275 17 11 12 15, 0 0 1 0 0 0 0 0 0 0
1515906502.43 15253 7011 5574 11880 11437 18489 18 17 6 15, 0 0 1 0 0 0 0 0 0 0
1515906503.43 16719 7460 4618 11352 11113 19318 8 116 2 5, 0 0 1 0 0 0 0 0 0 0
1515906504.43 18771 8936 5661 9422 10042 20722 9 69 5 8, 0 0 1 0 0 0 0 0 0 0
1515906505.43 19384 9921 6533 8546 8805 20697 11 8 6 10, 0 0 1 0 0 0 0 0 0 0
1515906506.43 17881 11277 7262 7917 10004 19022 2 22 3 1, 0 0 1 0 0 0 0 0 0 0
1515906507.43 14698 10544 6777 7389 10379 14514 8 6 4 8, 0 0 1 0 0 0 0 0 0 0
1515906508.44 14343 6683 3594 7389 10379 14692 7 16 6 5, 0 0 1 0 0 0 0 0 0 0
1515906509.44 15328 5888 1616 4150 5030 12471 7 12 6 7, 0 0 1 0 0 0 0 0 0 0
1515906510.44 14835 5559 865 2880 4657 12191 12 15 6 8, 0 0 1 0 0 0 0 0 0 0
1515906511.45 10459 3738 85 1072 2469 8497 9 21 9 9, 0 0 1 0 0 0 0 0 0 0
1515906512.45 7770 3236 272 94 128 4894 15 23 10 11, 0 0 1 0 0 0 0 0 0 0
1515906513.45 10150 4582 620 173 1606 6971 16 67 8 13, 0 0 1 0 0 0 0 0 0 0
1515906514.45 11656 4491 839 2991 3730 7691 13 28 7 10, 0 0 1 0 0 0 0 0 0 0
1515906515.45 13244 5717 1064 5186 7412 9223 12 23 7 10, 0 0 1 0 0 0 0 0 0 0
1515906516.46 12243 4644 2245 8708 11555 9539 7 11 5 5, 0 0 1 0 0 0 0 0 0 0
1515906517.46 9375 2431 2328 10220 10994 8412 10 17 5 7, 0 0 1 0 0 0 0 0 0 0
1515906518.47 9924 3060 1519 9862 9694 5666 7 29 8 5, 0 0 1 0 0 0 0 0 0 0
1515906519.47 8491 2657 2595 11138 9151 5876 9 16 4 7, 0 0 1 0 0 0 0 0 0 0
1515906520.47 7341 2557 1875 10794 7978 3934 3 7 3 2, 0 0 1 0 0 0 0 0 0 0
1515906521.47 6340 2132 1987 10427 9336 6087 4 11 2 3, 0 0 1 0 0 0 0 0 0 0
1515906522.47 7674 1840 1292 8612 8782 6267 4 266 2 3, 0 0 1 0 0 0 0 0 0 0
1515906523.48 6705 812 1380 7037 8022 5938 8 26 5 8, 0 0 1 0 0 0 0 0 0 0
1515906524.48 6640 3092 2478 7456 8445 7256 7 10 4 5, 0 0 1 0 0 0 0 0 0 0
1515906525.48 9946 5945 2582 6600 9585 8846 8 17 5 5, 0 0 1 0 0 0 0 0 0 0
1515906526.48 11668 6902 2193 3700 6923 9498 6 16 4 5, 0 0 1 0 0 0 0 0 0 0
1515906527.49 9695 7700 2409 3700 6923 8888 7 14 3 3, 0 0 1 0 0 0 0 0 0 0
1515906528.49 8258 8686 3757 3934 7862 7591 6 7 1 3, 0 0 1 0 0 0 0 0 0 0
1515906529.5 7238 7995 5470 4904 7508 7678 6 8 3 3, 0 0 1 0 0 0 0 0 0 0
1515906530.5 4201 5775 5871 4255 4994 4688 4 21 3 2, 0 0 1 0 0 0 0 0 0 0
1515906531.5 345 985 2131 2112 1003 310 10 18 4 4, 0 0 1 0 0 0 0 0 0 0
1515906532.5 162 732 1940 1313 119 177 12 24 11 11, 0 0 1 0 0 0 0 0 0 0
1515906533.5 200 786 1979 1335 156 227 26 37 21 20, 0 0 1 0 0 0 0 0 0 0
1515906534.5 243 696 1981 1414 168 270 20 36 11 11, 0 0 1 0 0 0 0 0 0 0
1515906535.5 221 165 1056 614 125 236 14 18 10 11, 0 0 1 0 0 0 0 0 0 0
1515906536.5 194 97 1225 347 200 268 17 31 12 14, 0 0 1 0 0 0 0 0 0 0
1515906537.51 122 60 1740 335 132 179 7 23 6 5, 0 0 1 0 0 0 0 0 0 0
1515906538.51 113 114 1785 199 90 117 11 19 6 9, 0 0 1 0 0 0 0 0 0 0
1515906539.51 2813 2432 958 132 723 1794 14 252 10 10, 0 0 1 0 0 0 0 0 0 0
1515906540.52 6940 7232 2605 535 1933 4230 17 27 12 12, 0 0 1 0 0 0 0 0 0 0
1515906541.52 10246 9702 2567 827 3762 7512 7 12 3 3, 0 0 1 0 0 0 0 0 0 0
1515906542.52 16901 13362 3575 971 3958 9385 13 1823 11 10, 0 0 1 0 0 0 0 0 0 0
1515906543.52 17280 13394 3557 772 3890 9096 8 1613 5 4, 0 0 1 0 0 0 0 0 0 0
1515906544.52 16601 15127 3887 1162 3511 8358 3 293 3 4, 0 0 1 0 0 0 0 0 0 0
1515906545.52 19392 13996 2416 1409 3468 9348 6 10 3 4, 0 0 1 0 0 0 0 0 0 0
1515906546.53 18245 11304 2569 1699 3101 6782 11 18 8 7, 0 0 1 0 0 0 0 0 0 0
1515906547.54 15940 9642 1005 1549 2609 4748 11 25 7 9, 0 0 1 0 0 0 0 0 0 0
1515906548.54 12170 4967 599 1748 3131 5150 17 27 10 11, 0 0 1 0 0 0 0 0 0 0
1515906549.54 10786 2930 507 1048 3883 4968 7 20 5 5, 0 0 1 0 0 0 0 0 0 0
1515906550.54 11187 2327 1984 2558 4018 5502 9 18 6 8, 0 0 1 0 0 0 0 0 0 0
1515906551.54 9614 3087 6828 4772 3272 5178 9 21 3 8, 0 0 1 0 0 0 0 0 0 0
1515906552.54 6414 4444 8757 4772 3272 4468 10 19 3 11, 0 0 1 0 0 0 0 0 0 0
1515906553.55 4694 3993 11477 4462 4080 2910 6 15 2 6, 0 0 1 0 0 0 0 0 0 0
1515906554.55 2664 2974 10988 6396 6265 3743 8 9 5 7, 0 0 1 0 0 0 0 0 0 0
1515906555.56 4524 4623 13297 12331 9474 7026 5 15 2 4, 0 0 1 0 0 0 0 0 0 0
1515906556.56 6308 4816 11768 12273 9868 7802 5 10 4 3, 0 0 1 0 0 0 0 0 0 0
1515906557.56 9144 7283 9283 9621 10143 9445 4 10 2 3, 0 0 1 0 0 0 0 0 0 0
1515906558.58 8402 7397 8619 8466 8736 8737 9 13 6 6, 0 0 1 0 0 0 0 0 0 0
1515906559.58 11385 8354 4199 4183 6827 9346 6 19 1 4, 0 0 1 0 0 0 0 0 0 0
1515906560.58 13742 8865 3007 3119 5560 8770 4 21 2 2, 0 0 1 0 0 0 0 0 0 0
1515906561.59 17227 10980 3200 994 6393 12943 8 11 6 6, 0 0 1 0 0 0 0 0 0 0
1515906562.59 14667 10850 3587 930 6079 10828 12 29 6 5, 0 0 1 0 0 0 0 0 0 0
1515906563.59 14731 12584 4380 3297 7178 9778 10 24 8 8, 0 0 1 0 0 0 0 0 0 0
1515906564.59 12677 10433 2568 3267 5870 8003 15 20 10 10, 0 0 1 0 0 0 0 0 0 0
1515906565.59 13555 9179 4500 6849 6394 8447 8 16 4 4, 0 0 1 0 0 0 0 0 0 0
1515906566.6 13111 11474 4690 8200 6702 8254 7 16 6 7, 0 0 1 0 0 0 0 0 0 0
1515906567.6 10412 10044 5142 9993 6702 8586 7 16 4 5, 0 0 1 0 0 0 0 0 0 0
1515906568.6 10751 8626 7537 15232 12009 9422 5 23 7 9, 0 0 1 0 0 0 0 0 0 0
1515906569.61 9235 9008 10018 15232 12755 11385 11 7 7 9, 0 0 1 0 0 0 0 0 0 0
1515906570.62 7251 8983 10849 16376 13254 9219 11 13 8 7, 0 0 1 0 0 0 0 0 0 0
1515906571.63 6562 10266 17010 16595 9738 6391 4 8 2 5, 0 0 1 0 0 0 0 0 0 0
1515906572.63 6100 11001 19761 15602 8786 5767 7 12 7 6, 0 0 1 0 0 0 0 0 0 0
1515906573.65 8052 11692 20563 11397 8720 8786 6 9 5 4, 0 0 1 0 0 0 0 0 0 0
1515906574.65 8020 13125 21048 12441 10394 10390 14 17 9 12, 0 0 1 0 0 0 0 0 0 0
1515906575.65 8132 13167 21061 14547 13870 12685 11 14 3 8, 0 0 1 0 0 0 0 0 0 0
1515906576.65 5116 9867 19855 17225 13720 12734 16 7 3 14, 0 0 1 0 0 0 0 0 0 0
1515906577.66 3413 7554 20117 18620 16561 12095 10 5 1 8, 0 0 1 0 0 0 0 0 0 0
1515906578.66 4876 7489 17380 17455 14361 13096 10 3 1 7, 0 0 1 0 0 0 0 0 0 0
1515906579.66 5816 8841 19972 19036 13802 12140 8 7 1 6, 0 0 1 0 0 0 0 0 0 0
1515906580.66 7652 7971 19284 20108 13445 12688 4 2 1 4, 0 0 1 0 0 0 0 0 0 0
1515906581.66 9549 12907 15043 14627 12958 10772 5 4 1 5, 0 0 1 0 0 0 0 0 0 0
1515906582.67 10238 11954 9129 11424 13598 11099 8 10 6 8, 0 0 1 0 0 0 0 0 0 0
1515906583.67 6172 7353 5302 7726 10086 8052 10 9 4 7, 0 0 1 0 0 0 0 0 0 0
1515906584.67 6500 5881 2816 4077 6735 6824 16 16 10 11, 0 0 1 0 0 0 0 0 0 0
1515906585.67 6383 5420 1861 944 3693 5739 18 25 13 14, 0 0 1 0 0 0 0 0 0 0
1515906586.67 2316 3565 2167 417 937 1479 25 34 16 15, 0 0 1 0 0 0 0 0 0 0
1515906587.67 2302 2038 1455 2821 2047 1803 20 33 18 15, 0 0 1 0 0 0 0 0 0 0
1515906588.68 3765 3222 1767 5213 5300 3559 10 21 9 10, 0 0 1 0 0 0 0 0 0 0
1515906589.68 5165 4165 2598 7842 8684 5981 11 22 13 9, 0 0 1 0 0 0 0 0 0 0
1515906590.69 4321 3866 2205 8021 8401 4583 10 13 3 5, 0 0 1 0 0 0 0 0 0 0
1515906591.7 3934 2854 1132 7059 9561 5712 11 22 10 9, 0 0 1 0 0 0 0 0 0 0
1515906592.7 7594 7289 3183 6773 9594 7342 11 27 7 8, 0 0 1 0 0 0 0 0 0 0
1515906593.71 5899 7289 4010 4700 9663 6155 13 29 11 8, 0 0 1 0 0 0 0 0 0 0
1515906594.71 4710 5208 4394 3848 6594 4892 12 20 6 12, 0 0 1 0 0 0 0 0 0 0
1515906595.71 6109 6749 4672 4031 7233 6151 16 17 11 15, 0 0 1 0 0 0 0 0 0 0
1515906596.71 9458 8631 6833 4374 5824 8350 17 276 10 12, 0 0 1 0 0 0 0 0 0 0
1515906597.71 10035 8112 5816 3701 5633 9383 7 8 3 6, 0 0 1 0 0 0 0 0 0 0
1515906598.71 12049 7361 6184 2781 5077 10809 15 18 11 11, 0 0 1 0 0 0 0 0 0 0
1515906599.71 9112 4944 6475 3157 4978 8765 12 17 7 11, 0 0 1 0 0 0 0 0 0 0
1515906600.71 10656 4941 7182 3672 4659 9471 12 13 6 9, 0 0 1 0 0 0 0 0 0 0
1515906601.72 8258 4716 7527 3672 4659 7319 12 17 7 9, 0 0 1 0 0 0 0 0 0 0
1515906602.72 6131 2153 8331 4223 4457 5518 12 11 9 9, 0 0 1 0 0 0 0 0 0 0
1515906603.73 7500 2263 6316 6476 4912 6399 2 11 5 2, 0 0 1 0 0 0 0 0 0 0
1515906604.73 8720 5916 8088 7293 6498 8332 5 7 2 3, 0 0 1 0 0 0 0 0 0 0
1515906605.74 8321 7835 11400 8494 8056 8886 3 7 3 3, 0 0 1 0 0 0 0 0 0 0
1515906606.74 9795 9198 14328 10846 9081 11708 8 8 5 7, 0 0 1 0 0 0 0 0 0 0
1515906607.75 9689 11299 16504 11803 7918 11911 6 6 1 3, 0 0 1 0 0 0 0 0 0 0
1515906608.75 8972 6521 14673 14954 7190 12702 2 5 2 0, 0 0 1 0 0 0 0 0 0 0
1515906609.76 7552 5295 14991 14012 7396 11915 3 6 2 2, 0 0 1 0 0 0 0 0 0 0
1515906610.76 5723 2781 6676 8888 7756 8819 7 18 3 3, 0 0 1 0 0 0 0 0 0 0
1515906611.77 3818 2858 5726 6600 5548 5685 3 10 4 3, 0 0 1 0 0 0 0 0 0 0
1515906612.77 2639 2062 4387 5240 4759 4702 5 17 4 5, 0 0 1 0 0 0 0 0 0 0
1515906613.77 1254 1428 3210 3820 3732 3224 12 20 7 9, 0 0 1 0 0 0 0 0 0 0
1515906614.77 264 729 2381 1955 407 396 14 28 13 11, 0 0 1 0 0 0 0 0 0 0
1515906615.77 197 187 488 421 156 212 17 33 15 16, 0 0 1 0 0 0 0 0 0 0
1515906616.82 5056 2592 773 269 2677 7038 15 35 12 9, 0 0 1 0 0 0 0 0 0 0
1515906617.82 8160 4820 2359 1934 4496 13404 21 41 17 15, 0 0 1 0 0 0 0 0 0 0
1515906618.82 6592 7075 5613 5087 4460 13029 7 24 7 6, 0 0 1 0 0 0 0 0 0 0
1515906619.82 8153 6248 5005 8152 7920 12787 7 14 5 7, 0 0 1 0 0 0 0 0 0 0
1515906620.82 9640 7885 7058 9425 9511 13669 7 12 4 6, 0 0 1 0 0 0 0 0 0 0
1515906621.82 10107 8271 7173 7394 7915 12867 9 15 8 10, 0 0 1 0 0 0 0 0 0 0
1515906622.82 7903 5941 4319 9763 7929 15180 7 16 5 4, 0 0 1 0 0 0 0 0 0 0
1515906623.82 5678 3951 2658 6335 6739 11936 4 7 1 3, 0 0 1 0 0 0 0 0 0 0
1515906624.83 8009 3125 2826 5281 7289 13931 6 11 3 5, 0 0 1 0 0 0 0 0 0 0
1515906625.83 4610 2129 2352 5890 8266 12797 5 10 2 2, 0 0 1 0 0 0 0 0 0 0
1515906626.83 4061 1672 2972 6669 7652 10831 5 8 4 4, 0 0 1 0 0 0 0 0 0 0
1515906627.83 6411 1832 1445 3622 6683 11041 3 8 2 3, 0 0 1 0 0 0 0 0 0 0
1515906628.83 10158 4427 816 1064 5384 11825 5 10 3 5, 0 0 1 0 0 0 0 0 0 0
1515906629.83 12816 7268 1197 1394 5275 10278 2 18 4 2, 0 0 1 0 0 0 0 0 0 0
1515906630.83 11796 8648 4906 2832 4091 9837 5 19 5 4, 0 0 1 0 0 0 0 0 0 0
1515906631.83 8458 9361 10740 5221 4149 6930 3 9 1 2, 0 0 1 0 0 0 0 0 0 0
1515906632.85 9675 6665 8277 8387 5559 7174 6 10 3 2, 0 0 1 0 0 0 0 0 0 0
1515906633.86 8433 6665 8323 7205 3925 6790 6 109 4 6, 0 0 1 0 0 0 0 0 0 0
1515906634.87 8433 6665 8429 7203 3925 6791 9 212 6 3, 0 0 1 0 0 0 0 0 0 0
1515906635.87 8433 6665 8429 7203 3925 6791 9 212 6 3, 0 0 1 0 0 0 0 0 0 0
1515906636.87 8433 6665 8429 7203 3925 6791 9 212 6 3, 0 0 1 0 0 0 0 0 0 0
1515906637.87 8433 6665 8429 7203 3925 6791 9 212 6 3, 0 0 1 0 0 0 0 0 0 0
1515906638.88 8433 6665 8429 7203 3925 6791 9 212 6 3, 0 0 1 0 0 0 0 0 0 0
1515906639.88 8433 6665 8429 7203 3925 6791 9 212 6 3, 0 0 1 0 0 0 0 0 0 0
1515906640.88 8433 6665 8429 7203 3925 6791 9 212 6 3, 0 0 1 0 0 0 0 0 0 0
