1515909275.85 24317 17480 14594 14103 10448 32889 2 1062 3361 16485, 0 0 0 0 0 0 0 0 0 1
1515909276.85 27040 20941 13357 13078 9727 32951 19 626 2626 16411, 0 0 0 0 0 0 0 0 0 1
1515909277.85 25420 20204 16258 15061 10350 31853 20 1109 3074 16418, 0 0 0 0 0 0 0 0 0 1
1515909278.86 24533 20427 16427 12945 8416 29587 17 1301 3930 15090, 0 0 0 0 0 0 0 0 0 1
1515909279.86 19016 14803 12236 11041 7077 27106 23 144 1996 12743, 0 0 0 0 0 0 0 0 0 1
1515909280.87 22389 14372 9601 11679 7196 27664 17 724 2134 14557, 0 0 0 0 0 0 0 0 0 1
1515909281.87 19453 13451 9823 10612 6460 27798 18 236 1547 14604, 0 0 0 0 0 0 0 0 0 1
1515909282.87 23602 15455 9798 9022 7121 26887 23 291 1489 12605, 0 0 0 0 0 0 0 0 0 1
1515909283.88 23160 17251 9150 9205 6069 27224 17 285 1254 13415, 0 0 0 0 0 0 0 0 0 1
1515909284.88 24631 16636 9590 6901 7455 26709 23 16 815 8991, 0 0 0 0 0 0 0 0 0 1
1515909285.88 22552 13807 8006 9639 7868 27511 20 8 1547 14074, 0 0 0 0 0 0 0 0 0 1
1515909286.88 20633 14388 9964 10035 7846 27360 13 6 1897 14424, 0 0 0 0 0 0 0 0 0 1
1515909287.89 19381 15431 10677 10652 7398 25053 17 6 2485 16009, 0 0 0 0 0 0 0 0 0 1
1515909288.89 18662 14573 10238 10529 7181 23637 19 15 2191 14743, 0 0 0 0 0 0 0 0 0 1
1515909289.89 15873 15215 11351 10742 6593 22165 19 8 2721 14068, 0 0 0 0 0 0 0 0 0 1
1515909290.9 19245 16991 10673 9260 8262 24858 27 18 1886 13839, 0 0 0 0 0 0 0 0 0 1
1515909291.9 20774 15579 11326 10598 6579 24340 17 8 3259 15233, 0 0 0 0 0 0 0 0 0 1
1515909292.9 21760 16944 15112 10510 6876 25980 14 7 3735 13887, 0 0 0 0 0 0 0 0 0 1
1515909293.91 21613 17138 15002 11055 6273 25363 15 7 3199 12684, 0 0 0 0 0 0 0 0 0 1
1515909294.91 22006 16456 13925 12778 6542 25949 21 5 2483 14091, 0 0 0 0 0 0 0 0 0 1
1515909295.91 22952 16265 14038 12020 6418 26114 24 4 2998 13581, 0 0 0 0 0 0 0 0 0 1
1515909296.91 24436 17262 13146 11517 7160 27874 20 72 2062 11872, 0 0 0 0 0 0 0 0 0 1
1515909297.92 24462 17539 13665 10444 7168 27094 21 659 2041 12237, 0 0 0 0 0 0 0 0 0 1
1515909298.92 20879 16529 14922 12786 7774 26627 27 483 1606 11210, 0 0 0 0 0 0 0 0 0 1
1515909299.92 18432 16392 16913 13970 6160 20489 31 597 2020 7854, 0 0 0 0 0 0 0 0 0 1
1515909300.92 20626 13565 14354 10688 6958 23485 32 761 1263 6684, 0 0 0 0 0 0 0 0 0 1
1515909301.93 20867 15405 15114 13006 5355 22313 32 1346 3255 9948, 0 0 0 0 0 0 0 0 0 1
1515909302.93 21266 16088 16941 12323 4588 20103 28 2227 4100 9401, 0 0 0 0 0 0 0 0 0 1
1515909303.93 21202 19587 16852 11863 4221 18318 35 1178 4079 9727, 0 0 0 0 0 0 0 0 0 1
1515909304.93 22935 16529 13219 10485 5093 20127 54 1891 4393 9051, 0 0 0 0 0 0 0 0 0 1
1515909305.94 20039 15517 13505 8778 6218 21509 49 342 2662 9623, 0 0 0 0 0 0 0 0 0 1
1515909306.94 21981 18693 13145 8508 4824 22252 35 388 1376 10708, 0 0 0 0 0 0 0 0 0 1
1515909307.95 21528 17713 15297 11795 5145 23289 31 232 2694 10762, 0 0 0 0 0 0 0 0 0 1
1515909308.95 27149 12197 12796 16030 4868 33186 39 8 1964 16130, 0 0 0 0 0 0 0 0 0 1
1515909309.95 24991 18088 11329 13902 9159 31887 22 5 2198 15893, 0 0 0 0 0 0 0 0 0 1
1515909310.96 21494 14672 10763 12907 5865 25601 34 8 674 10623, 0 0 0 0 0 0 0 0 0 1
1515909311.97 20105 11413 10003 11994 7551 26617 46 7 1558 13163, 0 0 0 0 0 0 0 0 0 1
1515909312.97 21842 13534 12045 13809 6774 26140 24 26 1340 12870, 0 0 0 0 0 0 0 0 0 1
1515909313.97 20486 13855 13731 12445 6656 24205 38 11 1320 10841, 0 0 0 0 0 0 0 0 0 1
1515909314.97 22748 15337 12356 12291 4934 23220 29 6 2009 14675, 0 0 0 0 0 0 0 0 0 1
1515909315.97 21648 16461 11510 15618 4087 19787 25 5 903 13030, 0 0 0 0 0 0 0 0 0 1
1515909316.97 25217 17145 11117 16781 4734 23334 17 5 149 13444, 0 0 0 0 0 0 0 0 0 1
1515909317.98 23721 16288 8600 14832 5573 24523 22 8 1087 15615, 0 0 0 0 0 0 0 0 0 1
1515909318.98 20765 12656 7151 16819 6214 24577 15 6 1484 16400, 0 0 0 0 0 0 0 0 0 1
1515909319.98 17511 11894 8556 16302 7192 24020 21 5 1901 16433, 0 0 0 0 0 0 0 0 0 1
1515909320.98 17724 12036 7383 13939 7399 25175 34 4 1085 15933, 0 0 0 0 0 0 0 0 0 1
1515909321.98 20676 14349 5937 13239 7521 27787 28 5 1070 15869, 0 0 0 0 0 0 0 0 0 1
1515909322.99 20837 13064 6166 14539 8733 30162 25 18 1702 15884, 0 0 0 0 0 0 0 0 0 1
1515909323.99 22375 14889 6031 11055 8237 29107 27 816 1804 12328, 0 0 0 0 0 0 0 0 0 1
1515909324.99 21764 9836 4275 12088 7822 31876 28 556 1644 15340, 0 0 0 0 0 0 0 0 0 1
1515909326.0 21764 9836 4275 12088 7822 31876 28 556 1644 15340, 0 0 0 0 0 0 0 0 0 1
1515909327.02 23086 11771 5024 9746 9775 33439 21 973 1602 13994, 0 0 0 0 0 0 0 0 0 1
1515909328.03 24005 13210 5627 8994 8966 32375 20 1010 1927 13160, 0 0 0 0 0 0 0 0 0 1
1515909329.04 20874 15413 8329 9255 8526 29949 24 1056 2454 14721, 0 0 0 0 0 0 0 0 0 1
1515909330.06 18348 15233 9522 10567 7366 25489 28 1357 2765 13806, 0 0 0 0 0 0 0 0 0 1
1515909331.08 18814 15419 10152 12132 8054 25435 21 9 2378 14534, 0 0 0 0 0 0 0 0 0 1
1515909332.09 18635 14272 12258 12367 7679 27602 26 5 2994 14943, 0 0 0 0 0 0 0 0 0 1
1515909333.11 18086 11320 15642 12991 7265 26627 21 11 3093 14498, 0 0 0 0 0 0 0 0 0 1
1515909334.12 15904 14083 16995 11862 6097 24683 29 6 3166 15073, 0 0 0 0 0 0 0 0 0 1
1515909335.13 18563 14575 17055 15382 6149 23425 29 7 1807 13715, 0 0 0 0 0 0 0 0 0 1
1515909336.14 18166 14259 16103 11488 5151 22737 19 3 1796 12112, 0 0 0 0 0 0 0 0 0 1
1515909337.16 18656 14075 13383 11442 5321 23310 25 181 1594 12676, 0 0 0 0 0 0 0 0 0 1
1515909338.2 20547 17475 16578 9840 3776 22165 41 654 1550 10927, 0 0 0 0 0 0 0 0 0 1
1515909339.2 20968 15037 9057 8229 3336 20887 20 2126 2259 10306, 0 0 0 0 0 0 0 0 0 1
1515909340.21 19662 15820 9185 9703 4760 21547 26 1802 1813 11197, 0 0 0 0 0 0 0 0 0 1
1515909341.22 21507 17072 10625 8951 4473 20521 34 1266 1704 10100, 0 0 0 0 0 0 0 0 0 1
1515909342.23 23963 21075 11624 8182 4766 20924 37 192 556 8351, 0 0 0 0 0 0 0 0 0 1
1515909343.24 23963 21075 11624 8182 4766 20924 37 192 556 8351, 0 0 0 0 0 0 0 0 0 1
1515909344.24 22500 20775 15193 10100 4023 19696 34 7 824 8161, 0 0 0 0 0 0 0 0 0 1
1515909345.25 21525 21024 16008 10275 4751 19723 29 13 365 7558, 0 0 0 0 0 0 0 0 0 1
1515909346.27 23166 19576 15950 10750 3588 20341 35 3 1230 8251, 0 0 0 0 0 0 0 0 0 1
1515909347.29 23101 20221 16698 8701 2200 18551 35 11 972 7109, 0 0 0 0 0 0 0 0 0 1
1515909348.3 26170 26248 22424 14214 3788 24847 52 170 1056 13439, 0 0 0 0 0 0 0 0 0 1
1515909349.33 26349 22544 15764 9607 6444 22094 26 749 1560 8700, 0 0 0 0 0 0 0 0 0 1
1515909350.35 18463 18132 14989 6096 4520 19988 32 1130 1989 7466, 0 0 0 0 0 0 0 0 0 1
1515909351.36 18946 13631 12577 7147 4212 22746 31 1519 2392 11059, 0 0 0 0 0 0 0 0 0 1
1515909352.38 20644 14258 13374 7340 5115 20506 27 2662 3939 10009, 0 0 0 0 0 0 0 0 0 1
1515909353.39 22682 15575 11158 5872 4949 22302 27 3254 4690 9180, 0 0 0 0 0 0 0 0 0 1
1515909354.42 24232 16003 10040 5005 3813 21486 45 3125 3218 5886, 0 0 0 0 0 0 0 0 0 1
1515909355.44 27246 19997 10657 4419 5487 21374 44 1941 2272 4130, 0 0 0 0 0 0 0 0 0 1
1515909356.46 22007 15995 10064 3677 3471 18069 39 2806 4311 5052, 0 0 0 0 0 0 0 0 0 1
1515909357.49 24134 16010 10321 4418 4215 21116 41 2470 3735 5805, 0 0 0 0 0 0 0 0 0 1
1515909358.5 26246 19115 11623 2033 4207 21001 35 1621 4872 4839, 0 0 0 0 0 0 0 0 0 1
1515909359.53 25255 15897 11571 2086 3008 18754 50 4052 6704 4961, 0 0 0 0 0 0 0 0 0 1
1515909360.56 27980 15849 10834 1423 4093 21385 57 2384 4479 3113, 0 0 0 0 0 0 0 0 0 1
1515909361.58 26701 15274 12378 2373 3400 18863 60 3276 5906 3891, 0 0 0 0 0 0 0 0 0 1
1515909362.6 26923 14463 10073 2290 4943 22547 45 1072 4737 5685, 0 0 0 0 0 0 0 0 0 1
1515909363.62 26203 14334 11380 4350 3067 21661 33 589 2991 5855, 0 0 0 0 0 0 0 0 0 1
1515909364.64 26181 16366 12828 5012 3257 19951 41 7 2484 6341, 0 0 0 0 0 0 0 0 0 1
1515909365.66 25547 15337 9548 4672 4724 22746 29 10 3678 7614, 0 0 0 0 0 0 0 0 0 1
1515909366.68 22065 13091 8927 5530 4158 19891 26 3 820 5889, 0 0 0 0 0 0 0 0 0 1
1515909367.69 20331 14147 10554 5277 4825 22033 32 14 1372 7314, 0 0 0 0 0 0 0 0 0 1
1515909368.71 26573 16469 8617 3700 4546 22745 28 2 14 2966, 0 0 0 0 0 0 0 0 0 1
1515909369.73 25067 17773 10298 3100 3123 18713 33 13 24 3438, 0 0 0 0 0 0 0 0 0 1
1515909370.75 26640 17107 9151 3072 5085 21978 41 6 19 3797, 0 0 0 0 0 0 0 0 0 1
1515909371.78 24533 17114 10922 3583 4347 24310 35 9 662 4995, 0 0 0 0 0 0 0 0 0 1
1515909372.79 28019 18686 7084 2315 6154 25724 27 26 106 3731, 0 0 0 0 0 0 0 0 0 1
1515909373.81 27036 20530 7693 2390 5155 21028 22 1219 1228 3750, 0 0 0 0 0 0 0 0 0 1
1515909374.81 26593 18176 7692 2390 3634 18650 22 1468 1218 3751, 0 0 0 0 0 0 0 0 0 1
1515909375.82 22864 18719 8218 2305 4028 16142 22 2023 2052 3175, 0 0 0 0 0 0 0 0 0 1
1515909376.83 23008 19956 9063 2063 4038 15608 26 2023 2026 3090, 0 0 0 0 0 0 0 0 0 1
1515909377.84 23388 18451 9534 1746 4049 18937 34 1843 1855 3088, 0 0 0 0 0 0 0 0 0 1
1515909378.86 24488 16448 10078 2557 3302 20194 46 2026 2690 4665, 0 0 0 0 0 0 0 0 0 1
1515909379.87 32534 21584 13067 3549 4496 30073 73 4241 4905 7572, 0 0 0 0 0 0 0 0 0 1
1515909380.89 23118 13639 10360 3464 4093 21839 36 2332 4213 6915, 0 0 0 0 0 0 0 0 0 1
1515909381.9 24678 15711 7354 2623 4459 23330 35 606 2507 7185, 0 0 0 0 0 0 0 0 0 1
1515909382.92 26773 15175 5758 2929 3522 22384 26 868 1542 5729, 0 0 0 0 0 0 0 0 0 1
1515909383.94 29615 16527 8422 3710 3543 24025 35 618 2874 7218, 0 0 0 0 0 0 0 0 0 1
1515909384.97 24854 18064 11960 2883 3907 20432 26 2143 4029 6452, 0 0 0 0 0 0 0 0 0 1
1515909386.0 23177 15918 12095 3241 3354 20889 27 1261 4593 7306, 0 0 0 0 0 0 0 0 0 1
1515909387.0 24095 17128 9672 2809 4669 21839 28 970 2977 6946, 0 0 0 0 0 0 0 0 0 1
1515909388.03 23308 18765 11813 2620 3980 20384 23 508 3215 6936, 0 0 0 0 0 0 0 0 0 1
1515909389.04 25271 18108 11753 2540 3677 21268 26 625 2213 6003, 0 0 0 0 0 0 0 0 0 1
1515909390.04 17104 14768 12267 2655 2978 16969 16 698 2905 5795, 0 0 0 0 0 0 0 0 0 1
1515909391.05 19833 18633 11880 2927 3440 18421 49 65 1571 5849, 0 0 0 0 0 0 0 0 0 1
1515909392.07 14433 14633 11220 3706 3238 14457 33 129 1019 4503, 0 0 0 0 0 0 0 0 0 1
1515909393.08 19679 16150 10536 3037 4449 19902 36 430 770 4247, 0 0 0 0 0 0 0 0 0 1
1515909394.09 21584 18218 12027 3848 4049 21707 47 8 10 4465, 0 0 0 0 0 0 0 0 0 1
1515909395.1 21990 14593 12633 4405 3150 21581 31 1181 1180 4369, 0 0 0 0 0 0 0 0 0 1
1515909396.12 16414 11227 11412 2870 3796 21964 54 1736 1739 3776, 0 0 0 0 0 0 0 0 0 1
1515909397.14 21282 13295 11764 3036 3922 22125 48 1680 1681 3701, 0 0 0 0 0 0 0 0 0 1
1515909398.15 20034 12376 9438 2933 3723 21815 30 1415 1840 5336, 0 0 0 0 0 0 0 0 0 1
1515909399.16 21315 13552 10824 2437 4487 23813 53 1288 2327 5488, 0 0 0 0 0 0 0 0 0 1
1515909400.19 20764 16783 8742 1579 3445 21448 53 689 1208 4526, 0 0 0 0 0 0 0 0 0 1
1515909401.2 23522 14249 8951 3172 5988 24717 51 582 1929 6527, 0 0 0 0 0 0 0 0 0 1
1515909402.21 22623 11692 6927 2450 7232 26017 48 1052 2202 6102, 0 0 0 0 0 0 0 0 0 1
1515909403.22 23812 14625 7147 3617 4631 23121 34 436 1360 7387, 0 0 0 0 0 0 0 0 0 1
1515909404.23 23540 13885 5704 3608 5429 26424 29 197 205 7219, 0 0 0 0 0 0 0 0 0 1
1515909405.24 25086 18171 7806 2792 4644 23552 35 152 161 6001, 0 0 0 0 0 0 0 0 0 1
1515909406.27 21696 16524 9372 2357 4074 21680 42 565 580 5582, 0 0 0 0 0 0 0 0 0 1
1515909407.28 20535 13726 9686 3201 4490 23161 63 950 955 5600, 0 0 0 0 0 0 0 0 0 1
1515909408.3 19259 11555 11137 2511 4386 23828 31 867 1390 6670, 0 0 0 0 0 0 0 0 0 1
1515909409.31 20175 10530 11881 2579 2805 25210 27 1287 2749 7693, 0 0 0 0 0 0 0 0 0 1
1515909410.32 20135 9772 10179 1903 2246 22775 52 1906 3236 5791, 0 0 0 0 0 0 0 0 0 1
1515909411.35 20688 11969 12437 1951 1691 21029 42 1997 2868 4363, 0 0 0 0 0 0 0 0 0 1
1515909412.37 20121 11725 11223 2039 2112 21961 51 1384 1993 4985, 0 0 0 0 0 0 0 0 0 1
1515909413.38 21058 14206 11330 2198 2749 21593 46 1149 2531 4524, 0 0 0 0 0 0 0 0 0 1
1515909414.39 21508 15350 13951 2431 2606 19148 54 1820 3661 3563, 0 0 0 0 0 0 0 0 0 1
1515909415.4 20064 16177 14672 1656 2871 19108 48 885 2050 2688, 0 0 0 0 0 0 0 0 0 1
1515909416.41 32684 22945 14724 4504 4938 31290 94 998 1435 4052, 0 0 0 0 0 0 0 0 0 1
1515909417.42 21964 12741 9983 3472 3231 21832 92 990 1290 4218, 0 0 0 0 0 0 0 0 0 1
1515909418.44 21747 14455 10301 3932 4102 21705 73 894 1643 5514, 0 0 0 0 0 0 0 0 0 1
1515909419.46 18419 13763 12246 4443 3460 21610 59 230 1039 6543, 0 0 0 0 0 0 0 0 0 1
1515909420.47 19642 11328 8418 4629 4025 23459 60 8 998 6578, 0 0 0 0 0 0 0 0 0 1
1515909421.48 20445 12611 11452 4278 4526 22513 50 9 570 5330, 0 0 0 0 0 0 0 0 0 1
1515909422.5 21330 14778 10201 4538 6192 22977 50 13 1204 5777, 0 0 0 0 0 0 0 0 0 1
1515909423.51 16704 10187 11849 4132 5964 22482 49 12 1953 6189, 0 0 0 0 0 0 0 0 0 1
1515909424.52 17149 10966 12417 4958 5048 22674 36 3 2290 7780, 0 0 0 0 0 0 0 0 0 1
1515909425.53 18982 11834 10107 3842 4547 22924 43 409 3442 8275, 0 0 0 0 0 0 0 0 0 1
1515909426.55 18494 11471 10801 4769 5125 22369 34 907 3167 8099, 0 0 0 0 0 0 0 0 0 1
1515909427.58 22356 12975 10704 4664 2913 21511 20 394 2575 8317, 0 0 0 0 0 0 0 0 0 1
1515909428.64 24070 15044 10286 3452 4026 23944 27 6 2290 7477, 0 0 0 0 0 0 0 0 0 1
1515909429.65 19609 12307 8403 2389 4222 22821 38 3 3028 5959, 0 0 0 0 0 0 0 0 0 1
1515909430.65 19317 13132 9474 2701 4222 22399 43 3 3178 8081, 0 0 0 0 0 0 0 0 0 1
1515909431.66 19448 14368 7769 1087 4742 23804 35 7 2213 6146, 0 0 0 0 0 0 0 0 0 1
1515909432.67 18825 16231 9136 1859 3957 21477 39 149 2581 7572, 0 0 0 0 0 0 0 0 0 1
1515909433.69 20404 15296 9339 2145 4939 24146 22 1506 3194 7680, 0 0 0 0 0 0 0 0 0 1
1515909434.71 18599 13874 11014 2587 3102 21983 44 2387 4511 7125, 0 0 0 0 0 0 0 0 0 1
1515909435.74 18411 13172 9952 4877 4068 23359 34 2178 3764 9541, 0 0 0 0 0 0 0 0 0 1
1515909436.75 20113 13268 9854 6890 4059 21072 39 1099 2364 7666, 0 0 0 0 0 0 0 0 0 1
1515909437.78 20978 13083 8715 7849 3532 21280 52 717 1536 8199, 0 0 0 0 0 0 0 0 0 1
1515909438.8 17987 9673 9704 11140 3545 26599 52 389 2233 11693, 0 0 0 0 0 0 0 0 0 1
1515909439.82 17373 9425 6926 9802 3812 24430 36 16 1710 14015, 0 0 0 0 0 0 0 0 0 1
1515909440.86 16318 9425 7052 12009 3812 22349 36 16 1423 13648, 0 0 0 0 0 0 0 0 0 1
1515909441.87 15574 9938 9558 11049 2986 21282 38 7 2267 10965, 0 0 0 0 0 0 0 0 0 1
1515909442.91 19522 11770 7696 9631 5203 24990 43 10 2878 14176, 0 0 0 0 0 0 0 0 0 1
1515909443.91 20962 13854 6750 8693 4113 26526 34 7 2891 13593, 0 0 0 0 0 0 0 0 0 1
1515909444.95 20964 13854 6747 8693 4113 26526 34 2 2891 13593, 0 0 0 0 0 0 0 0 0 1
1515909445.96 17141 11907 9631 9243 5467 22359 42 6 5257 14021, 0 0 0 0 0 0 0 0 0 1
1515909446.97 18382 15850 9461 8986 3902 20196 42 17 2999 11318, 0 0 0 0 0 0 0 0 0 1
1515909447.98 32311 22136 10438 9819 3902 29619 60 7 4136 12675, 0 0 0 0 0 0 0 0 0 1
1515909448.98 21192 18967 9002 4846 2280 18340 38 3 1868 7773, 0 0 0 0 0 0 0 0 0 1
1515909449.99 23988 20029 9353 3823 4203 23073 63 3 1677 7323, 0 0 0 0 0 0 0 0 0 1
1515909451.0 23988 20029 9353 3823 4203 23073 63 3 1677 7323, 0 0 0 0 0 0 0 0 0 1
1515909452.01 25323 21237 7266 2268 3589 21100 38 7 1920 6081, 0 0 0 0 0 0 0 0 0 1
1515909453.01 25323 21237 7266 2268 3589 21091 38 5 2106 5935, 0 0 0 0 0 0 0 0 0 1
1515909454.02 28157 21008 5898 2920 3466 22731 80 6 565 5759, 0 0 0 0 0 0 0 0 0 1
1515909455.04 27272 23119 7257 3168 4431 22109 68 6 710 6692, 0 0 0 0 0 0 0 0 0 1
1515909456.06 26777 21516 7740 3702 2766 18827 98 3 1739 6929, 0 0 0 0 0 0 0 0 0 1
1515909457.07 26465 19115 7682 5799 3133 17655 80 3 523 6270, 0 0 0 0 0 0 0 0 0 1
1515909458.08 24921 18777 8040 7388 2945 18451 71 5 1450 9043, 0 0 0 0 0 0 0 0 0 1
1515909459.12 27771 19274 8359 6994 1928 18475 70 725 1088 7546, 0 0 0 0 0 0 0 0 0 1
1515909460.13 24966 14688 5412 5680 1536 18374 46 608 1511 8020, 0 0 0 0 0 0 0 0 0 1
1515909461.15 24805 16058 4927 5143 2156 22259 71 13 734 10734, 0 0 0 0 0 0 0 0 0 1
1515909462.17 23109 16720 4949 5049 3435 21694 35 7 694 9431, 0 0 0 0 0 0 0 0 0 1
1515909463.18 22535 14720 7937 4298 2927 23984 34 5 2040 9512, 0 0 0 0 0 0 0 0 0 1
1515909464.22 17143 15037 10712 3390 4873 21593 31 2 2184 7789, 0 0 0 0 0 0 0 0 0 1
1515909465.25 19627 15658 8121 3176 3849 23706 34 20 1943 7450, 0 0 0 0 0 0 0 0 0 1
1515909466.27 22288 16228 10728 2104 4113 22605 29 4 2359 6776, 0 0 0 0 0 0 0 0 0 1
1515909467.31 18610 15163 11362 3741 2948 20214 30 5 1473 6697, 0 0 0 0 0 0 0 0 0 1
1515909468.31 20181 12881 9890 3561 2012 20106 42 2 217 4560, 0 0 0 0 0 0 0 0 0 1
1515909469.32 21730 15698 11879 3399 1865 20472 41 4 1472 6651, 0 0 0 0 0 0 0 0 0 1
1515909470.35 19545 11301 11833 3503 1626 18921 37 1482 2364 5962, 0 0 0 0 0 0 0 0 0 1
1515909471.37 20568 10015 10127 5029 1996 21832 43 2477 2992 8538, 0 0 0 0 0 0 0 0 0 1
1515909472.41 22203 12054 8733 4975 2843 22133 31 1727 2685 8047, 0 0 0 0 0 0 0 0 0 1
1515909473.42 23172 15801 11494 5868 3317 21289 29 230 1244 6735, 0 0 0 0 0 0 0 0 0 1
1515909474.44 21243 13743 9201 5465 3212 20578 44 716 1980 6120, 0 0 0 0 0 0 0 0 0 1
1515909475.44 20154 14441 9202 5465 3534 21131 44 976 1253 6090, 0 0 0 0 0 0 0 0 0 1
1515909476.46 20600 16641 14382 7198 3421 18914 32 977 1684 7214, 0 0 0 0 0 0 0 0 0 1
1515909477.49 22132 17171 12703 6566 3613 20175 90 25 82 6936, 0 0 0 0 0 0 0 0 0 1
1515909478.51 23663 13914 9826 9215 3653 21150 39 16 637 9777, 0 0 0 0 0 0 0 0 0 1
1515909479.54 35243 24277 11466 12810 6221 30390 56 16 1137 13809, 0 0 0 0 0 0 0 0 0 1
1515909480.54 26659 18825 7504 6120 4197 20796 25 8 984 9279, 0 0 0 0 0 0 0 0 0 1
1515909481.57 25228 18909 7490 5587 4466 23296 29 3 710 9712, 0 0 0 0 0 0 0 0 0 1
1515909482.59 22156 15940 8967 3531 3913 19485 52 8 1523 7853, 0 0 0 0 0 0 0 0 0 1
1515909483.62 21680 16471 10430 4773 2760 21481 44 16 30 6947, 0 0 0 0 0 0 0 0 0 1
1515909484.62 20984 14513 13143 4847 3036 21576 39 5 8 7306, 0 0 0 0 0 0 0 0 0 1
1515909485.64 23043 19478 13927 3424 3315 18979 49 6 85 3985, 0 0 0 0 0 0 0 0 0 1
1515909486.64 21145 19227 13492 2887 3943 19811 58 6 903 3948, 0 0 0 0 0 0 0 0 0 1
1515909487.68 21565 15134 13428 1988 4075 20825 55 2 1412 3299, 0 0 0 0 0 0 0 0 0 1
1515909488.7 19971 14928 11160 4257 4454 22785 55 4 1029 5337, 0 0 0 0 0 0 0 0 0 1
1515909489.74 15814 12586 10905 5899 5441 21887 63 13 1162 7562, 0 0 0 0 0 0 0 0 0 1
1515909490.75 13375 13243 12002 7077 4422 22394 56 8 1565 9233, 0 0 0 0 0 0 0 0 0 1
1515909491.76 13905 12616 11434 7534 3355 21227 41 6 1314 7889, 0 0 0 0 0 0 0 0 0 1
1515909492.77 12921 12928 9355 5972 4032 19745 49 12 152 6994, 0 0 0 0 0 0 0 0 0 1
1515909493.78 13695 14241 11961 7347 3281 17054 43 10 117 7513, 0 0 0 0 0 0 0 0 0 1
1515909494.8 14561 14877 8528 6041 2953 17393 55 10 49 7635, 0 0 0 0 0 0 0 0 0 1
1515909495.82 16434 15629 9254 7819 2773 20155 48 13 41 9786, 0 0 0 0 0 0 0 0 0 1
1515909496.83 20648 15707 7375 6797 3102 20410 69 6 21 9259, 0 0 0 0 0 0 0 0 0 1
1515909497.86 22348 15470 5994 7210 5108 23106 63 4 18 7732, 0 0 0 0 0 0 0 0 0 1
1515909498.88 20628 17139 7315 7862 4484 23247 66 11 21 7145, 0 0 0 0 0 0 0 0 0 1
1515909499.91 19760 14469 6988 6469 3386 22907 65 7 24 6476, 0 0 0 0 0 0 0 0 0 1
1515909500.93 18596 16567 7672 6029 3763 22417 61 5 9 6660, 0 0 0 0 0 0 0 0 0 1
1515909501.95 21071 15109 7536 8779 4296 23694 32 18 28 11648, 0 0 0 0 0 0 0 0 0 1
1515909502.96 23825 14529 2640 8265 4099 24863 38 9 16 11165, 0 0 0 0 0 0 0 0 0 1
1515909503.98 23300 15951 4693 7160 5651 23175 41 2 11 6984, 0 0 0 0 0 0 0 0 0 1
1515909505.0 26827 15316 2560 6653 5118 26156 53 4 11 8802, 0 0 0 0 0 0 0 0 0 1
1515909506.01 27538 15702 2272 6650 4679 25446 58 9 16 8370, 0 0 0 0 0 0 0 0 0 1
1515909507.02 24993 15394 6114 9332 4634 22386 53 11 236 6769, 0 0 0 0 0 0 0 0 0 1
1515909508.04 27664 16260 9749 10244 4740 29885 77 12 418 8764, 0 0 0 0 0 0 0 0 0 1
1515909509.07 28984 19165 6667 7885 8103 27197 40 115 563 6969, 0 0 0 0 0 0 0 0 0 1
1515909510.08 17143 11599 7340 6330 3862 18303 42 14 380 5784, 0 0 0 0 0 0 0 0 0 1
1515909511.09 17529 12674 10361 7644 4245 19278 43 9 615 5274, 0 0 0 0 0 0 0 0 0 1
1515909512.1 16619 12139 10309 5686 4738 21365 34 11 1509 6792, 0 0 0 0 0 0 0 0 0 1
1515909513.11 19252 12711 10406 3701 2997 23536 40 6 242 4976, 0 0 0 0 0 0 0 0 0 1
1515909514.12 21329 12170 8744 2877 4888 24540 43 7 12 4860, 0 0 0 0 0 0 0 0 0 1
1515909515.15 23675 14740 7173 2466 4163 23415 29 19 33 4181, 0 0 0 0 0 0 0 0 0 1
1515909516.16 24799 13294 5023 1638 4798 24668 54 5 14 4101, 0 0 0 0 0 0 0 0 0 1
1515909517.18 22084 13868 6304 2866 4969 25782 67 3 150 6448, 0 0 0 0 0 0 0 0 0 1
1515909518.21 19990 13224 8758 4667 4327 23595 84 6 549 5897, 0 0 0 0 0 0 0 0 0 1
1515909519.23 20542 11088 8120 3969 4939 25864 66 7 1160 5988, 0 0 0 0 0 0 0 0 0 1
1515909520.26 21174 12660 5956 4371 3850 22591 45 4 882 8365, 0 0 0 0 0 0 0 0 0 1
1515909521.3 21402 14296 7828 4067 4862 25295 70 19 1019 7744, 0 0 0 0 0 0 0 0 0 1
1515909522.32 20000 11212 9097 5274 3089 18684 65 8 366 5966, 0 0 0 0 0 0 0 0 0 1
1515909523.32 21321 12403 8088 4951 3333 22315 45 8 934 6634, 0 0 0 0 0 0 0 0 0 1
1515909524.36 20002 11595 7570 6054 2902 18845 32 7 1672 7663, 0 0 0 0 0 0 0 0 0 1
1515909525.36 20974 13206 8314 4328 3132 22784 31 7 1590 8194, 0 0 0 0 0 0 0 0 0 1
1515909526.4 18619 11503 8469 4340 3106 23298 24 85 2114 8206, 0 0 0 0 0 0 0 0 0 1
1515909527.4 18889 11074 8558 3699 2885 20974 38 632 2033 6314, 0 0 0 0 0 0 0 0 0 1
1515909528.41 17655 11088 8573 4374 3153 20658 30 229 715 4738, 0 0 0 0 0 0 0 0 0 1
1515909529.41 18693 10498 9952 3841 2001 20831 49 16 1149 3233, 0 0 0 0 0 0 0 0 0 1
1515909530.41 16289 10498 9952 3841 2001 21802 49 16 1149 3233, 0 0 0 0 0 0 0 0 0 1
1515909531.42 18736 10044 12277 3074 3244 21199 35 9 2303 4205, 0 0 0 0 0 0 0 0 0 1
1515909532.43 22285 13297 9158 2855 3916 21564 50 8 261 3255, 0 0 0 0 0 0 0 0 0 1
1515909533.45 19096 12854 10667 2949 5806 21820 47 6 1483 4523, 0 0 0 0 0 0 0 0 0 1
1515909534.46 21645 13864 9896 2760 4028 23582 38 4 664 4222, 0 0 0 0 0 0 0 0 0 1
1515909535.49 22447 13564 9720 2093 4045 22037 59 4 728 4123, 0 0 0 0 0 0 0 0 0 1
1515909536.51 21801 13416 9164 2135 4632 21343 51 6 918 2942, 0 0 0 0 0 0 0 0 0 1
1515909537.52 21507 14523 9826 2205 3383 20041 37 4 349 3729, 0 0 0 0 0 0 0 0 0 1
1515909538.53 20178 12448 8516 1754 4020 20534 59 4 622 3851, 0 0 0 0 0 0 0 0 0 1
1515909539.54 22143 15094 9466 1651 4350 22584 64 17 877 2241, 0 0 0 0 0 0 0 0 0 1
1515909540.55 21590 14706 9367 1252 4428 21529 73 11 1343 3163, 0 0 0 0 0 0 0 0 0 1
1515909541.56 21243 16490 9903 1244 4461 18856 72 345 1955 3040, 0 0 0 0 0 0 0 0 0 1
1515909542.58 19666 15886 12492 1515 4936 19226 57 1269 3436 4010, 0 0 0 0 0 0 0 0 0 1
1515909543.58 17858 11519 12004 2038 5871 20478 40 1233 4714 6102, 0 0 0 0 0 0 0 0 0 1
1515909544.59 16817 12245 10957 3176 7877 19506 60 714 3870 6156, 0 0 0 0 0 0 0 0 0 1
1515909545.6 18784 13425 10302 3509 7252 21069 24 7 3016 5927, 0 0 0 0 0 0 0 0 0 1
1515909546.64 25900 16314 12444 2972 10564 26181 42 471 2698 3574, 0 0 0 0 0 0 0 0 0 1
1515909547.65 27533 15742 11225 3992 6234 20887 48 1127 4001 7258, 0 0 0 0 0 0 0 0 0 1
1515909548.66 18076 9357 8495 2365 8866 23530 31 937 2726 6367, 0 0 0 0 0 0 0 0 0 1
1515909549.67 16803 7802 9123 2614 6869 21760 20 1087 2733 6344, 0 0 0 0 0 0 0 0 0 1
1515909550.68 16840 9252 9546 3860 6326 21647 27 288 1853 6302, 0 0 0 0 0 0 0 0 0 1
1515909551.69 18936 10465 9203 2306 8886 23754 25 1308 2580 5172, 0 0 0 0 0 0 0 0 0 1
1515909552.7 18996 11115 9298 1746 7322 23060 35 875 3291 4595, 0 0 0 0 0 0 0 0 0 1
1515909553.72 18318 12790 9401 2711 9105 21571 35 435 2330 4921, 0 0 0 0 0 0 0 0 0 1
1515909554.73 22664 15007 8587 2094 7122 21463 44 261 1837 3906, 0 0 0 0 0 0 0 0 0 1
1515909555.74 19438 16005 7193 3349 7393 18501 33 762 1661 4856, 0 0 0 0 0 0 0 0 0 1
1515909556.76 21732 15567 9603 2777 6443 20273 30 448 1779 4450, 0 0 0 0 0 0 0 0 0 1
1515909557.78 23767 18315 11442 2343 6200 21635 38 425 2432 4307, 0 0 0 0 0 0 0 0 0 1
1515909558.8 20638 17934 12014 2787 6025 19666 29 570 2256 4412, 0 0 0 0 0 0 0 0 0 1
1515909559.82 18330 15581 10529 3040 5335 17896 32 494 2406 6314, 0 0 0 0 0 0 0 0 0 1
1515909560.84 20315 14664 7784 2519 4298 19948 27 945 2700 6383, 0 0 0 0 0 0 0 0 0 1
1515909561.85 23969 12122 7322 3184 6612 23762 17 941 3769 7260, 0 0 0 0 0 0 0 0 0 1
1515909562.86 20252 13966 7213 3006 9021 23674 15 609 4559 6446, 0 0 0 0 0 0 0 0 0 1
1515909563.88 20473 11372 6402 3231 6966 21413 29 417 3436 7352, 0 0 0 0 0 0 0 0 0 1
1515909564.89 22293 10071 6511 2960 8672 27500 18 158 4786 8953, 0 0 0 0 0 0 0 0 0 1
1515909565.9 17526 10508 7857 2918 7497 26773 22 10 5661 10188, 0 0 0 0 0 0 0 0 0 1
1515909566.91 14296 10069 8484 2352 6565 26116 11 3 5793 11026, 0 0 0 0 0 0 0 0 0 1
1515909567.92 16734 12616 8766 2863 4601 22901 19 7 3113 9082, 0 0 0 0 0 0 0 0 0 1
1515909568.94 17926 12220 11371 3485 4507 22051 21 36 3361 7691, 0 0 0 0 0 0 0 0 0 1
1515909569.95 14435 12765 9473 3131 3379 19638 24 472 2751 7449, 0 0 0 0 0 0 0 0 0 1
1515909570.97 15620 12366 10225 3184 2434 16998 21 984 3195 7395, 0 0 0 0 0 0 0 0 0 1
1515909571.98 15900 10953 11121 5183 2586 18983 18 594 2537 8609, 0 0 0 0 0 0 0 0 0 1
1515909572.99 17166 14128 10904 5190 3846 18419 14 999 2456 6970, 0 0 0 0 0 0 0 0 0 1
1515909574.0 13902 13275 10875 8018 3286 17512 48 1782 2746 8275, 0 0 0 0 0 0 0 0 0 1
1515909575.01 15966 12994 9827 9166 3501 19418 27 1363 2731 10063, 0 0 0 0 0 0 0 0 0 1
1515909576.03 17051 11969 8812 10740 4302 20990 29 1455 1466 9983, 0 0 0 0 0 0 0 0 0 1
1515909577.04 16271 10743 10758 10182 4431 21243 36 1351 1776 10454, 0 0 0 0 0 0 0 0 0 1
1515909578.07 16773 12127 9975 9527 2942 21108 28 1207 2333 10230, 0 0 0 0 0 0 0 0 0 1
1515909579.09 16797 11256 11841 10566 4193 20350 18 2125 3014 7838, 0 0 0 0 0 0 0 0 0 1
1515909580.11 15699 10926 11496 10326 2754 18895 21 1365 2139 9350, 0 0 0 0 0 0 0 0 0 1
1515909581.12 15962 13919 13579 9179 2095 17147 20 1303 2781 8430, 0 0 0 0 0 0 0 0 0 1
1515909582.13 14395 15578 13713 7743 2344 16627 22 966 2898 8921, 0 0 0 0 0 0 0 0 0 1
1515909583.15 14970 14013 13171 6921 874 13679 32 2413 3344 8756, 0 0 0 0 0 0 0 0 0 1
1515909584.17 20801 21324 19204 6711 2439 20557 32 3291 5265 13530, 0 0 0 0 0 0 0 0 0 1
1515909585.2 27903 14465 12269 2762 2004 20605 43 2250 4494 7353, 0 0 0 0 0 0 0 0 0 1
1515909586.21 24344 15422 9903 2070 2813 19821 35 1505 3245 5994, 0 0 0 0 0 0 0 0 0 1
1515909587.23 25677 15920 7336 2653 2784 19572 30 1014 2645 7144, 0 0 0 0 0 0 0 0 0 1
1515909588.25 21893 13464 10604 2537 4797 21220 25 177 3083 6553, 0 0 0 0 0 0 0 0 0 1
1515909589.26 18476 12343 8615 4272 3174 20368 67 19 690 7012, 0 0 0 0 0 0 0 0 0 1
1515909590.28 17695 13752 9889 6585 3803 17526 28 10 1793 7517, 0 0 0 0 0 0 0 0 0 1
1515909591.3 20469 15917 8726 6392 2581 17146 24 6 1288 7851, 0 0 0 0 0 0 0 0 0 1
1515909592.31 21286 14420 7409 6049 3306 18831 22 357 1354 7907, 0 0 0 0 0 0 0 0 0 1
1515909593.33 14210 12279 10702 6472 2969 15715 14 1270 2768 8102, 0 0 0 0 0 0 0 0 0 1
1515909594.36 14279 11211 8325 6909 3313 17797 13 753 1254 9837, 0 0 0 0 0 0 0 0 0 1
1515909595.37 15651 14316 7808 6701 4239 17077 16 129 603 8962, 0 0 0 0 0 0 0 0 0 1
1515909596.4 17801 14164 9902 5764 3377 17957 19 4 1035 7002, 0 0 0 0 0 0 0 0 0 1
1515909597.42 17974 14933 12193 4844 3090 15545 19 5 1296 4822, 0 0 0 0 0 0 0 0 0 1
1515909598.44 17323 13220 10304 4473 3612 16827 22 9 1236 4646, 0 0 0 0 0 0 0 0 0 1
1515909599.47 17756 15865 10545 3039 4028 17218 19 6 1240 4398, 0 0 0 0 0 0 0 0 0 1
1515909600.5 14464 12302 10752 2368 3679 18366 21 130 1962 5984, 0 0 0 0 0 0 0 0 0 1
1515909601.51 14014 13000 12525 3907 4727 19550 14 197 2456 5983, 0 0 0 0 0 0 0 0 0 1
1515909602.52 13637 12324 14191 3988 5239 22184 15 701 4387 7918, 0 0 0 0 0 0 0 0 0 1
1515909603.53 13629 10863 13271 4759 4454 21844 32 260 4092 7969, 0 0 0 0 0 0 0 0 0 1
1515909604.54 16251 11512 10921 5285 4106 20484 27 610 2325 7099, 0 0 0 0 0 0 0 0 0 1
1515909605.57 16620 11342 7713 6867 5985 20716 13 913 2833 8705, 0 0 0 0 0 0 0 0 0 1
1515909606.58 19419 14218 8470 4710 4652 18205 25 913 2189 5849, 0 0 0 0 0 0 0 0 0 1
1515909607.6 23682 14587 9124 4672 4666 21659 26 1019 2004 5478, 0 0 0 0 0 0 0 0 0 1
1515909608.6 23268 14175 6655 4865 3995 21856 24 245 1639 7927, 0 0 0 0 0 0 0 0 0 1
1515909609.62 24313 15612 8764 3840 3109 19274 23 937 1195 5165, 0 0 0 0 0 0 0 0 0 1
1515909610.66 22898 15693 8789 4945 4013 17960 29 470 472 5946, 0 0 0 0 0 0 0 0 0 1
1515909611.68 21984 15710 9160 5484 4568 19849 21 160 160 6373, 0 0 0 0 0 0 0 0 0 1
1515909612.69 31526 23716 17388 11326 5808 26236 35 18 1354 8366, 0 0 0 0 0 0 0 0 0 1
1515909613.71 18384 15132 12717 8064 5174 18733 21 4 1916 8812, 0 0 0 0 0 0 0 0 0 1
1515909614.72 14992 11876 9499 10876 5511 18299 14 5 1688 10681, 0 0 0 0 0 0 0 0 0 1
1515909615.73 18683 13396 9037 9484 5052 17921 32 11 1348 8719, 0 0 0 0 0 0 0 0 0 1
1515909616.74 16581 11054 7387 9400 5587 19532 22 25 1669 11656, 0 0 0 0 0 0 0 0 0 1
1515909617.76 17889 13756 7353 8543 5399 21102 15 11 253 10743, 0 0 0 0 0 0 0 0 0 1
1515909618.77 19802 15513 7614 6561 4757 18673 20 10 356 8547, 0 0 0 0 0 0 0 0 0 1
1515909619.79 20194 15214 7325 5434 4674 17213 21 9 501 6737, 0 0 0 0 0 0 0 0 0 1
1515909620.79 21987 16774 7900 4427 4118 17098 29 11 643 5770, 0 0 0 0 0 0 0 0 0 1
1515909621.81 20040 16748 9215 5635 3376 18259 23 11 1304 7856, 0 0 0 0 0 0 0 0 0 1
1515909622.82 19227 15280 10857 6364 3498 17631 23 6 1512 7607, 0 0 0 0 0 0 0 0 0 1
1515909623.84 17740 15750 11257 4263 2593 15271 22 925 2136 6755, 0 0 0 0 0 0 0 0 0 1
1515909624.85 20693 13746 9010 3831 3698 20133 46 1870 2101 7230, 0 0 0 0 0 0 0 0 0 1
1515909625.88 20616 14998 11212 3411 3233 18772 23 1818 3782 6942, 0 0 0 0 0 0 0 0 0 1
1515909626.9 19098 13348 8287 6083 4253 19803 24 630 655 9218, 0 0 0 0 0 0 0 0 0 1
1515909627.93 20045 12042 8586 6440 3837 23653 63 130 135 8801, 0 0 0 0 0 0 0 0 0 1
1515909628.95 21028 12715 11268 6745 2258 19013 17 892 891 4647, 0 0 0 0 0 0 0 0 0 1
1515909629.97 17075 12690 8801 5709 2602 17573 31 1274 1269 4289, 0 0 0 0 0 0 0 0 0 1
1515909630.99 21954 11716 8704 7281 2369 20994 39 609 688 5270, 0 0 0 0 0 0 0 0 0 1
1515909632.0 17039 11537 9204 7031 2028 19626 32 19 377 7593, 0 0 0 0 0 0 0 0 0 1
1515909633.01 14460 11278 11239 7416 2303 20328 27 24 220 8233, 0 0 0 0 0 0 0 0 0 1
1515909634.03 18361 12052 9239 5038 2041 20763 26 11 14 8165, 0 0 0 0 0 0 0 0 0 1
1515909635.04 18451 14104 7870 5707 1477 19061 22 27 52 9702, 0 0 0 0 0 0 0 0 0 1
1515909636.08 21048 14218 7794 4310 1906 20666 27 14 21 7222, 0 0 0 0 0 0 0 0 0 1
1515909637.09 22975 17184 7064 2758 2202 19902 21 163 60 6364, 0 0 0 0 0 0 0 0 0 1
1515909638.1 23155 15735 5196 1648 1890 20529 29 557 554 3674, 0 0 0 0 0 0 0 0 0 1
1515909639.1 20764 13416 5221 1011 2726 18894 44 710 1036 3444, 0 0 0 0 0 0 0 0 0 1
1515909640.13 20889 11568 5223 1011 2981 19344 44 771 1102 3457, 0 0 0 0 0 0 0 0 0 1
1515909641.14 19659 13038 8250 2020 3027 16121 32 690 1179 3107, 0 0 0 0 0 0 0 0 0 1
1515909642.18 19659 13038 8250 2020 3027 16121 32 690 1179 3107, 0 0 0 0 0 0 0 0 0 1
1515909643.2 18722 12757 10240 2628 2643 15444 39 913 1961 3514, 0 0 0 0 0 0 0 0 0 1
1515909644.21 21131 13952 10074 2331 1928 17117 28 1235 2913 5375, 0 0 0 0 0 0 0 0 0 1
1515909645.21 20038 11199 13778 2177 1634 12951 36 2671 4123 3544, 0 0 0 0 0 0 0 0 0 1
1515909646.23 19555 10394 12441 1043 2187 16115 44 1875 4246 3743, 0 0 0 0 0 0 0 0 0 1
1515909647.23 20197 12529 13661 1723 2423 16317 39 1327 3976 4068, 0 0 0 0 0 0 0 0 0 1
1515909648.23 21129 12887 12911 1140 2423 16457 38 1327 3976 4253, 0 0 0 0 0 0 0 0 0 1
1515909649.24 21734 11293 10988 1010 3399 18138 38 1143 4371 4392, 0 0 0 0 0 0 0 0 0 1
1515909650.25 23602 11895 11871 1693 2590 23531 55 269 5882 6589, 0 0 0 0 0 0 0 0 0 1
1515909651.27 23623 17291 13044 2864 5789 23203 27 15 2687 4870, 0 0 0 0 0 0 0 0 0 1
1515909652.29 19681 13355 7435 4750 4421 20727 46 14 1561 6183, 0 0 0 0 0 0 0 0 0 1
1515909653.3 18878 11496 8793 6554 4498 19407 31 12 1205 8282, 0 0 0 0 0 0 0 0 0 1
1515909654.32 14339 9032 9708 8254 5466 19440 32 7 2551 10078, 0 0 0 0 0 0 0 0 0 1
1515909655.33 14954 9497 8184 8933 5837 21906 29 5 1321 8644, 0 0 0 0 0 0 0 0 0 1
1515909656.34 15128 8269 7336 9037 6620 22494 17 6 1724 10855, 0 0 0 0 0 0 0 0 0 1
1515909657.36 16333 8049 6805 8697 6368 22340 20 6 1008 10483, 0 0 0 0 0 0 0 0 0 1
1515909658.38 18954 9680 7626 7984 6162 23630 19 7 499 9209, 0 0 0 0 0 0 0 0 0 1
1515909659.42 17497 9512 6602 8596 4042 20461 22 7 17 9118, 0 0 0 0 0 0 0 0 0 1
1515909660.43 18899 9714 7948 6512 5317 20849 18 11 16 6226, 0 0 0 0 0 0 0 0 0 1
1515909661.45 20314 11571 11218 5819 5126 21236 9 6 8 5378, 0 0 0 0 0 0 0 0 0 1
1515909662.46 21267 11655 9339 6364 3963 22079 19 11 299 6200, 0 0 0 0 0 0 0 0 0 1
1515909663.48 21416 11282 8034 6598 4435 24925 23 4 200 6869, 0 0 0 0 0 0 0 0 0 1
1515909664.49 22134 12878 7264 6607 3294 23520 13 10 199 7325, 0 0 0 0 0 0 0 0 0 1
1515909665.5 20816 14166 7846 9152 4514 24278 52 11 440 10355, 0 0 0 0 0 0 0 0 0 1
1515909666.57 20868 14774 9744 7585 3497 23058 25 4 1024 9182, 0 0 0 0 0 0 0 0 0 1
1515909667.58 16091 12022 8291 9442 2857 20774 21 6 994 12200, 0 0 0 0 0 0 0 0 0 1
1515909668.59 17071 11874 11728 11875 3022 20517 23 8 789 9027, 0 0 0 0 0 0 0 0 0 1
1515909669.6 14732 11043 11980 10902 2212 17023 35 4 1165 9004, 0 0 0 0 0 0 0 0 0 1
1515909670.62 13708 10727 8916 10088 2242 17174 19 30 1524 8202, 0 0 0 0 0 0 0 0 0 1
1515909671.63 11263 10083 10485 15412 1494 17967 41 165 214 11679, 0 0 0 0 0 0 0 0 0 1
1515909672.67 14874 13025 11493 11891 1986 17052 28 732 1449 11903, 0 0 0 0 0 0 0 0 0 1
1515909673.68 12869 12398 13668 11385 2456 13753 25 975 2068 7331, 0 0 0 0 0 0 0 0 0 1
1515909674.7 14693 12841 9037 10409 3895 16871 34 1417 1455 8126, 0 0 0 0 0 0 0 0 0 1
1515909675.73 17285 11722 5853 9747 5013 20657 26 421 444 11162, 0 0 0 0 0 0 0 0 0 1
1515909676.74 16169 10048 5816 8696 3747 19637 31 1603 1610 9232, 0 0 0 0 0 0 0 0 0 1
1515909677.78 17760 12394 7186 8527 3529 18022 15 1717 1770 8991, 0 0 0 0 0 0 0 0 0 1
1515909678.82 31455 17024 9351 12046 6101 32305 32 1279 1150 16005, 0 0 0 0 0 0 0 0 0 1
1515909679.83 18463 10509 7579 10972 4668 20956 34 1666 3374 10430, 0 0 0 0 0 0 0 0 0 1
1515909680.84 18513 10966 8588 9399 3398 21730 34 167 1581 10430, 0 0 0 0 0 0 0 0 0 1
1515909681.85 16371 9520 8274 9240 3398 20206 24 167 900 9890, 0 0 0 0 0 0 0 0 0 1
1515909682.85 17671 8868 9130 8234 4049 22183 20 1757 2773 10135, 0 0 0 0 0 0 0 0 0 1
1515909683.86 14625 7023 9198 9624 3268 19989 22 725 2000 12458, 0 0 0 0 0 0 0 0 0 1
1515909684.87 15703 6983 10484 8721 2928 20602 18 1267 3109 12988, 0 0 0 0 0 0 0 0 0 1
1515909685.88 11013 6065 10824 11199 3787 19626 21 381 1636 14231, 0 0 0 0 0 0 0 0 0 1
1515909686.91 13796 6291 8791 10265 4557 21179 22 849 2273 14503, 0 0 0 0 0 0 0 0 0 1
1515909687.93 11492 7200 8874 12807 3884 19969 20 467 2092 13932, 0 0 0 0 0 0 0 0 0 1
1515909688.95 11049 6033 8412 12431 3378 19066 16 809 2287 13406, 0 0 0 0 0 0 0 0 0 1
1515909689.96 10294 5287 6917 12974 3359 17304 12 522 2403 13339, 0 0 0 0 0 0 0 0 0 1
1515909690.99 11197 7476 7059 12256 4751 20573 18 183 1507 13280, 0 0 0 0 0 0 0 0 0 1
1515909692.0 12361 7943 8903 10875 6012 22530 15 218 1609 13698, 0 0 0 0 0 0 0 0 0 1
1515909693.02 13750 7517 8267 10288 6007 21009 16 9 914 11443, 0 0 0 0 0 0 0 0 0 1
1515909694.03 13019 8268 7296 9108 6959 19703 22 10 1027 10926, 0 0 0 0 0 0 0 0 0 1
1515909695.06 14923 8531 6967 8187 5657 18670 16 4 1009 9938, 0 0 0 0 0 0 0 0 0 1
1515909696.08 13988 10866 8081 10639 4220 17224 17 13 812 12093, 0 0 0 0 0 0 0 0 0 1
1515909697.1 10981 12245 12608 8436 3588 15021 19 7 1179 9776, 0 0 0 0 0 0 0 0 0 1
1515909698.1 12034 15305 14079 10235 2521 16248 15 12 1809 12156, 0 0 0 0 0 0 0 0 0 1
1515909699.11 13790 14788 13189 10923 2682 14319 25 9 2136 10277, 0 0 0 0 0 0 0 0 0 1
1515909700.12 14009 11957 11031 9851 2182 13600 33 11 1010 6832, 0 0 0 0 0 0 0 0 0 1
1515909701.14 18921 13895 10010 7672 3470 17217 29 13 860 7327, 0 0 0 0 0 0 0 0 0 1
1515909702.15 22696 14509 9962 6386 2536 18565 24 13 1451 5459, 0 0 0 0 0 0 0 0 0 1
1515909703.16 22684 15984 10882 3928 1802 16153 38 15 1127 4777, 0 0 0 0 0 0 0 0 0 1
1515909704.17 26341 19830 8392 3511 2725 18805 36 9 10 5170, 0 0 0 0 0 0 0 0 0 1
1515909705.2 24249 18001 10716 3498 1574 16634 44 10 17 3369, 0 0 0 0 0 0 0 0 0 1
1515909706.2 26781 18184 8603 3097 2210 19923 60 9 898 5880, 0 0 0 0 0 0 0 0 0 1
1515909707.22 24767 15402 7326 2624 1958 19679 41 3 696 5896, 0 0 0 0 0 0 0 0 0 1
1515909708.25 21784 15440 7058 3094 3392 19138 27 5 834 6617, 0 0 0 0 0 0 0 0 0 1
1515909709.26 23400 14920 6589 2926 2675 20178 29 1 614 6542, 0 0 0 0 0 0 0 0 0 1
1515909710.27 23531 14947 5194 2794 2976 16763 25 5 97 5700, 0 0 0 0 0 0 0 0 0 1
1515909711.3 26741 17138 6044 2959 3923 20356 32 9 595 5478, 0 0 0 0 0 0 0 0 0 1
1515909712.31 23395 15217 6042 3297 5849 21352 55 13 706 5949, 0 0 0 0 0 0 0 0 0 1
1515909713.35 25718 17158 6649 3713 5818 19162 60 7 498 4314, 0 0 0 0 0 0 0 0 0 1
1515909714.36 36733 22777 9856 5421 5311 27939 57 9 1346 7071, 0 0 0 0 0 0 0 0 0 1
1515909715.38 24722 14944 6218 3116 2111 20017 44 2 1124 5904, 0 0 0 0 0 0 0 0 0 1
1515909716.4 26727 15669 6347 2757 2427 19927 69 11 2034 5156, 0 0 0 0 0 0 0 0 0 1
1515909717.41 26595 17187 6664 1975 2731 22080 44 5 2212 5187, 0 0 0 0 0 0 0 0 0 1
1515909718.43 30202 18587 6661 1325 3458 21818 51 9 2692 3502, 0 0 0 0 0 0 0 0 0 1
1515909719.44 24653 16649 7428 2143 3213 19105 45 8 2818 3920, 0 0 0 0 0 0 0 0 0 1
1515909720.48 24739 17833 7528 1554 2234 20142 80 13 2037 3230, 0 0 0 0 0 0 0 0 0 1
1515909721.49 25025 14205 6629 3073 3792 22079 40 96 2229 4694, 0 0 0 0 0 0 0 0 0 1
1515909722.51 24265 15099 8701 2876 2425 21370 32 674 3157 5441, 0 0 0 0 0 0 0 0 0 1
1515909723.51 22676 14684 8937 3317 1787 18392 47 340 2366 5572, 0 0 0 0 0 0 0 0 0 1
1515909724.52 23197 14213 7479 2837 1904 17425 53 1210 3434 5754, 0 0 0 0 0 0 0 0 0 1
1515909725.55 19617 12419 7276 2833 2017 17620 76 1153 3664 6349, 0 0 0 0 0 0 0 0 0 1
1515909726.6 21237 13388 8163 2468 1322 19664 39 1423 3812 6619, 0 0 0 0 0 0 0 0 0 1
1515909727.61 20233 10902 8493 1429 1661 18763 35 1427 3253 4160, 0 0 0 0 0 0 0 0 0 1
1515909728.62 22903 13236 5931 1862 3368 20447 35 1406 2701 4458, 0 0 0 0 0 0 0 0 0 1
1515909729.64 19320 15369 7404 1135 2314 18142 36 603 2080 2099, 0 0 0 0 0 0 0 0 0 1
1515909730.65 19132 13136 8162 1526 2670 17576 43 2832 4033 2896, 0 0 0 0 0 0 0 0 0 1
1515909731.67 18511 13974 6676 2557 2617 15537 49 2509 3608 3051, 0 0 0 0 0 0 0 0 0 1
1515909732.68 22492 15708 6666 1885 3970 19323 52 774 2509 3527, 0 0 0 0 0 0 0 0 0 1
1515909733.71 21098 14789 5989 2667 4542 18478 37 90 1529 3901, 0 0 0 0 0 0 0 0 0 1
1515909734.72 22421 14670 5367 1836 5610 18748 44 450 1771 3926, 0 0 0 0 0 0 0 0 0 1
1515909735.73 21268 14539 5527 2514 5593 16489 35 15 427 2674, 0 0 0 0 0 0 0 0 0 1
1515909736.76 23522 14794 3883 1626 3735 19573 31 5 316 3991, 0 0 0 0 0 0 0 0 0 1
1515909737.77 24433 15298 4414 1538 3754 22102 42 6 13 3383, 0 0 0 0 0 0 0 0 0 1
1515909738.78 19251 12226 3401 3801 5151 19998 65 8 22 4445, 0 0 0 0 0 0 0 0 0 1
1515909739.81 18405 11857 4069 1899 4340 16619 36 11 165 2743, 0 0 0 0 0 0 0 0 0 1
1515909740.83 20546 14779 4144 2285 3933 17482 36 7 98 4540, 0 0 0 0 0 0 0 0 0 1
1515909741.88 23321 16306 2776 2248 4589 19989 71 13 465 4016, 0 0 0 0 0 0 0 0 0 1
1515909742.9 32683 20386 3147 2992 8865 31168 57 10 1979 6698, 0 0 0 0 0 0 0 0 0 1
1515909743.93 18296 12991 2367 2801 6015 20489 24 6 995 5922, 0 0 0 0 0 0 0 0 0 1
1515909744.94 16723 12693 2549 2692 5849 19188 16 2 1449 7023, 0 0 0 0 0 0 0 0 0 1
1515909745.96 20140 14072 3092 2299 6326 19691 17 3 1502 6830, 0 0 0 0 0 0 0 0 0 1
1515909746.97 17542 12681 4058 2472 5895 19012 65 11 2053 5544, 0 0 0 0 0 0 0 0 0 1
1515909747.99 19679 16600 3508 1361 4961 18949 73 16 1810 5090, 0 0 0 0 0 0 0 0 0 1
1515909749.0 19139 15379 3701 1938 5176 19385 35 11 1838 6288, 0 0 0 0 0 0 0 0 0 1
1515909750.02 17986 12685 2915 1039 5933 19635 30 5 1970 4993, 0 0 0 0 0 0 0 0 0 1
1515909751.04 21692 12120 3657 1799 7299 22766 36 7 2655 7068, 0 0 0 0 0 0 0 0 0 1
1515909752.05 18818 12922 2786 1740 7470 22906 18 3 2980 7195, 0 0 0 0 0 0 0 0 0 1
1515909753.06 19113 10286 3647 2622 7118 20698 20 86 2639 7728, 0 0 0 0 0 0 0 0 0 1
1515909754.09 17306 13258 6169 2748 7044 19566 27 117 2282 7706, 0 0 0 0 0 0 0 0 0 1
1515909755.11 16904 14029 8359 3853 6536 16342 34 10 1454 6755, 0 0 0 0 0 0 0 0 0 1
1515909756.13 15551 12955 9094 4359 6898 16851 35 6 1445 7057, 0 0 0 0 0 0 0 0 0 1
1515909757.16 13858 11372 8649 4903 8972 16790 35 8 701 7073, 0 0 0 0 0 0 0 0 0 1
1515909758.18 17420 12325 6550 4075 5640 19378 35 12 561 8227, 0 0 0 0 0 0 0 0 0 1
1515909759.2 17754 12064 8613 4226 6663 21015 38 6 930 8487, 0 0 0 0 0 0 0 0 0 1
1515909760.22 16445 10090 3867 3420 6907 21150 25 9 562 7605, 0 0 0 0 0 0 0 0 0 1
1515909761.24 19960 10950 3873 3044 9530 23440 48 6 1187 6159, 0 0 0 0 0 0 0 0 0 1
1515909762.27 22122 11857 3888 3497 7518 23726 30 6 1563 6798, 0 0 0 0 0 0 0 0 0 1
1515909763.29 22963 12480 3752 2460 8172 25581 27 6 278 4841, 0 0 0 0 0 0 0 0 0 1
1515909764.32 24495 13402 3016 4005 6762 28099 34 3 24 6219, 0 0 0 0 0 0 0 0 0 1
1515909765.37 26678 12058 2766 2098 6497 28066 41 6 13 3433, 0 0 0 0 0 0 0 0 0 1
1515909766.37 27780 13477 2185 3105 4758 28408 24 5 53 6321, 0 0 0 0 0 0 0 0 0 1
1515909767.38 25741 11606 2097 1722 4679 24911 33 18 20 4019, 0 0 0 0 0 0 0 0 0 1
1515909768.4 25741 11606 2097 1722 4679 24911 33 18 20 4019, 0 0 0 0 0 0 0 0 0 1
1515909769.41 25325 11001 1744 1789 3616 22691 26 14 31 3409, 0 0 0 0 0 0 0 0 0 1
1515909770.45 26699 11114 1827 1150 3608 22930 33 14 29 2350, 0 0 0 0 0 0 0 0 0 1
1515909771.45 24548 14783 4946 1532 3267 21125 40 12 27 3312, 0 0 0 0 0 0 0 0 0 1
1515909772.46 35485 18550 7232 4737 4561 30264 30 14 29 4409, 0 0 0 0 0 0 0 0 0 1
1515909773.49 35485 18550 7232 4737 4561 30264 30 14 29 4409, 0 0 0 0 0 0 0 0 0 1
1515909774.5 25856 14412 5242 3697 2419 21516 21 11 24 3350, 0 0 0 0 0 0 0 0 0 1
1515909775.52 24596 15077 3501 3691 1938 20225 28 13 18 4389, 0 0 0 0 0 0 0 0 0 1
1515909776.53 23986 12793 5027 4692 2445 19223 27 225 404 4837, 0 0 0 0 0 0 0 0 0 1
1515909777.55 23111 14681 4379 4081 1628 18772 24 134 158 5163, 0 0 0 0 0 0 0 0 0 1
1515909778.55 22784 13641 5045 4289 2917 18254 28 277 334 4968, 0 0 0 0 0 0 0 0 0 1
1515909779.57 19458 14240 6081 3855 3046 17615 32 555 1104 4707, 0 0 0 0 0 0 0 0 0 1
1515909780.59 19534 13264 7794 2663 2947 16202 37 1458 1987 2590, 0 0 0 0 0 0 0 0 0 1
1515909781.61 19240 13807 8038 2986 2226 14559 33 1710 2673 3400, 0 0 0 0 0 0 0 0 0 1
1515909782.63 18217 13859 7816 3625 2594 15625 34 1138 1796 3469, 0 0 0 0 0 0 0 0 0 1
1515909783.64 16143 13134 8449 2793 4075 19435 34 1529 2361 4145, 0 0 0 0 0 0 0 0 0 1
1515909784.67 18293 14589 8123 3092 3777 16444 27 687 972 4288, 0 0 0 0 0 0 0 0 0 1
1515909785.69 16932 14023 6615 3021 4080 16669 30 247 1428 5462, 0 0 0 0 0 0 0 0 0 1
1515909786.7 19746 16293 7343 2632 3808 19195 24 22 1490 4683, 0 0 0 0 0 0 0 0 0 1
1515909787.72 20436 14452 6008 3176 4027 18729 26 585 1687 5109, 0 0 0 0 0 0 0 0 0 1
1515909788.73 21546 13546 6086 2084 4149 20842 24 986 1652 2187, 0 0 0 0 0 0 0 0 0 1
1515909789.75 22966 12885 4470 2212 4406 21339 21 602 1574 2836, 0 0 0 0 0 0 0 0 0 1
1515909790.75 24420 11123 2772 1076 4346 23379 18 13 32 896, 0 0 0 0 0 0 0 0 0 1
1515909791.77 26396 13752 2239 1831 4192 23262 15 10 14 3069, 0 0 0 0 0 0 0 0 0 1
1515909792.81 26021 12846 3132 2166 3558 21764 19 12 38 4364, 0 0 0 0 0 0 0 0 0 1
1515909793.86 24225 10988 2180 2149 3798 22547 15 14 32 4804, 0 0 0 0 0 0 0 0 0 1
1515909794.89 27735 10899 1056 1322 3877 23289 16 17 41 4079, 0 0 0 0 0 0 0 0 0 1
1515909795.91 26708 11033 1270 2263 2676 22694 14 9 17 5663, 0 0 0 0 0 0 0 0 0 1
1515909796.93 24361 10690 979 2067 2119 21946 6 15 20 5627, 0 0 0 0 0 0 0 0 0 1
1515909797.95 20231 9718 1696 1980 2629 21480 8 18 381 5128, 0 0 0 0 0 0 0 0 0 1
1515909798.99 29741 12330 2427 600 3347 29916 29 13 735 2445, 0 0 0 0 0 0 0 0 0 1
1515909800.01 25851 15582 1589 278 3820 23933 22 11 1531 2863, 0 0 0 0 0 0 0 0 0 1
1515909801.04 24189 11484 2930 1259 2505 19636 16 6 1544 3458, 0 0 0 0 0 0 0 0 0 1
1515909802.05 24860 12666 2761 1391 2625 20716 18 12 1015 3793, 0 0 0 0 0 0 0 0 0 1
1515909803.1 21530 10963 2658 1252 2304 21718 23 6 1700 4386, 0 0 0 0 0 0 0 0 0 1
1515909804.15 23376 14751 3144 1592 3538 20360 23 11 1722 4739, 0 0 0 0 0 0 0 0 0 1
1515909805.15 26120 16215 1652 1234 2380 21764 6 10 830 4232, 0 0 0 0 0 0 0 0 0 1
1515909806.15 27545 18002 2700 1673 2669 20552 15 8 355 5071, 0 0 0 0 0 0 0 0 0 1
1515909807.17 26993 17277 2288 1448 2083 19496 8 10 24 3797, 0 0 0 0 0 0 0 0 0 1
1515909808.18 26601 17087 2897 1501 1211 17704 8 6 17 3793, 0 0 0 0 0 0 0 0 0 1
1515909809.19 19845 13515 2893 2093 1225 17616 5 806 660 5313, 0 0 0 0 0 0 0 0 0 1
1515909810.2 18576 13172 4529 1763 1217 14445 11 806 1173 3503, 0 0 0 0 0 0 0 0 0 1
1515909811.24 19065 11729 7274 1841 1906 15987 13 2288 2490 2471, 0 0 0 0 0 0 0 0 0 1
1515909812.26 18999 11098 8547 4164 876 13701 29 2198 2371 3373, 0 0 0 0 0 0 0 0 0 1
1515909813.29 15705 11929 10245 5239 1635 14730 20 2265 2535 4197, 0 0 0 0 0 0 0 0 0 1
1515909814.3 15990 10971 8847 5047 2294 16495 34 2254 2825 6098, 0 0 0 0 0 0 0 0 0 1
1515909815.34 17377 14079 9487 4456 2310 15325 25 1226 1870 5127, 0 0 0 0 0 0 0 0 0 1
1515909816.36 17360 13919 7457 4010 2889 16161 20 1253 1819 3809, 0 0 0 0 0 0 0 0 0 1
1515909817.38 21837 14515 5030 3084 3968 18590 26 489 1120 4807, 0 0 0 0 0 0 0 0 0 1
1515909818.39 22000 14463 6468 2569 4983 19806 22 7 2389 5914, 0 0 0 0 0 0 0 0 0 1
1515909819.39 22933 13422 6071 2052 5194 22181 36 8 2078 5664, 0 0 0 0 0 0 0 0 0 1
1515909820.39 18462 11320 5981 3077 3370 20371 27 15 1773 6330, 0 0 0 0 0 0 0 0 0 1
1515909821.4 19719 12116 5983 1679 5868 24022 23 10 3609 7105, 0 0 0 0 0 0 0 0 0 1
1515909822.42 20843 12294 5249 2568 4529 21465 20 9 3137 8482, 0 0 0 0 0 0 0 0 0 1
1515909823.43 17152 13146 5405 1640 2357 17031 24 12 1383 5651, 0 0 0 0 0 0 0 0 0 1
1515909824.45 17088 16245 8390 2414 2002 17002 18 5 245 4994, 0 0 0 0 0 0 0 0 0 1
1515909825.46 19640 17917 10224 1820 1566 14219 19 6 681 3068, 0 0 0 0 0 0 0 0 0 1
1515909826.48 14670 17107 11313 2105 2445 12616 21 5 618 3784, 0 0 0 0 0 0 0 0 0 1
1515909827.49 13413 17604 13992 3114 2029 11477 26 8 562 3801, 0 0 0 0 0 0 0 0 0 1
1515909828.5 14690 18497 15017 3482 1665 11169 22 5 1130 2928, 0 0 0 0 0 0 0 0 0 1
1515909829.51 22006 29229 19052 3431 2665 18432 44 6 596 2818, 0 0 0 0 0 0 0 0 0 1
1515909830.53 14853 19179 11624 2000 840 9844 24 5 435 2756, 0 0 0 0 0 0 0 0 0 1
1515909831.54 15784 18427 11108 1444 1095 10115 31 10 375 2167, 0 0 0 0 0 0 0 0 0 1
1515909832.56 15668 17426 12596 2093 1333 11111 32 51 57 2271, 0 0 0 0 0 0 0 0 0 1
1515909833.57 16262 14499 8628 1951 2112 14450 30 1783 2039 3816, 0 0 0 0 0 0 0 0 0 1
1515909834.58 17067 11297 9720 2922 2462 16446 31 1990 2297 2439, 0 0 0 0 0 0 0 0 0 1
1515909835.59 16321 9982 7909 1855 3618 17262 27 2202 3067 3200, 0 0 0 0 0 0 0 0 0 1
1515909836.61 19293 10047 7773 1510 4016 19213 28 3209 5104 3085, 0 0 0 0 0 0 0 0 0 1
1515909837.63 20119 11662 5984 1729 4659 20630 31 2107 3108 3052, 0 0 0 0 0 0 0 0 0 1
1515909838.65 18616 8787 5170 2058 4045 19905 44 729 1196 2601, 0 0 0 0 0 0 0 0 0 1
1515909839.66 20352 8307 4681 1456 2015 17515 30 499 509 2293, 0 0 0 0 0 0 0 0 0 1
1515909840.68 18560 9472 5185 1333 2651 18668 16 635 646 3294, 0 0 0 0 0 0 0 0 0 1
1515909841.69 19697 10216 7468 1885 2218 16603 16 1414 1429 3074, 0 0 0 0 0 0 0 0 0 1
1515909842.71 20795 10962 6588 2401 2505 18328 10 1144 1146 3759, 0 0 0 0 0 0 0 0 0 1
1515909843.72 16688 10749 6614 2555 2050 15591 14 980 981 4312, 0 0 0 0 0 0 0 0 0 1
1515909844.73 14856 11387 7525 5269 2328 16616 13 17 31 6230, 0 0 0 0 0 0 0 0 0 1
1515909845.75 13740 12506 8677 4737 2559 16682 13 7 139 5958, 0 0 0 0 0 0 0 0 0 1
1515909846.78 13910 12443 10827 5301 3125 15662 11 7 920 6049, 0 0 0 0 0 0 0 0 0 1
1515909847.79 10854 11076 10272 7360 4316 16709 12 3 1161 8299, 0 0 0 0 0 0 0 0 0 1
1515909848.8 12801 8928 7557 9113 2683 20411 9 1 606 9865, 0 0 0 0 0 0 0 0 0 1
1515909849.82 13302 10684 6722 9595 2751 16608 12 1 266 10620, 0 0 0 0 0 0 0 0 0 1
1515909850.85 11898 6543 5505 9943 1863 16727 14 5 67 11471, 0 0 0 0 0 0 0 0 0 1
1515909851.87 20333 11953 11611 13719 2420 23378 22 19 41 16156, 0 0 0 0 0 0 0 0 0 1
1515909852.89 7990 3831 4087 3023 1225 9346 5 2 6 5671, 0 0 0 0 0 0 0 0 0 1
1515909853.91 15826 12252 7055 5516 2910 17554 14 16 25 7631, 0 0 0 0 0 0 0 0 0 1
1515909854.93 19788 16063 7289 4899 1987 15721 13 5 14 6246, 0 0 0 0 0 0 0 0 0 1
1515909855.94 18410 14111 4042 2641 3598 18253 15 6 22 4438, 0 0 0 0 0 0 0 0 0 1
1515909856.97 21480 14536 4240 1620 3032 18943 15 7 9 4551, 0 0 0 0 0 0 0 0 0 1
1515909857.99 18586 13386 6841 1724 3096 20307 8 17 32 4257, 0 0 0 0 0 0 0 0 0 1
1515909859.01 19005 17065 8115 2371 3589 19060 10 8 17 3544, 0 0 0 0 0 0 0 0 0 1
1515909860.02 17559 13972 6200 1535 2486 16804 7 5 8 2072, 0 0 0 0 0 0 0 0 0 1
1515909861.04 16639 11786 7454 1041 3146 17813 9 6 25 1267, 0 0 0 0 0 0 0 0 0 1
1515909862.08 30046 24150 10995 2120 2900 21159 13 11 33 2932, 0 0 0 0 0 0 0 0 0 1
1515909863.11 20527 14731 6442 2607 3076 19473 9 7 323 3858, 0 0 0 0 0 0 0 0 0 1
1515909864.14 23474 16358 6926 3123 2189 18135 13 8 22 3974, 0 0 0 0 0 0 0 0 0 1
1515909865.17 20982 12284 8313 4724 2544 17888 10 10 29 4840, 0 0 0 0 0 0 0 0 0 1
1515909866.21 18808 10803 6986 5614 2593 16256 20 9 15 4800, 0 0 0 0 0 0 0 0 0 1
1515909867.22 19622 12744 7815 4244 3542 20897 17 8 203 5599, 0 0 0 0 0 0 0 0 0 1
1515909868.22 22300 10510 8900 4837 3033 16862 12 9 476 4913, 0 0 0 0 0 0 0 0 0 1
1515909869.26 16202 9365 10371 5739 3638 17193 15 9 488 4967, 0 0 0 0 0 0 0 0 0 1
1515909870.27 15579 10218 9210 3421 3142 17613 12 8 401 4888, 0 0 0 0 0 0 0 0 0 1
1515909871.29 14587 8630 11364 3999 2697 18912 17 11 1008 6050, 0 0 0 0 0 0 0 0 0 1
1515909872.3 13472 10819 10184 4745 3933 15942 14 8 980 6273, 0 0 0 0 0 0 0 0 0 1
1515909873.34 16401 12158 10562 2845 3745 16103 19 185 1367 3943, 0 0 0 0 0 0 0 0 0 1
1515909874.38 21080 14201 8947 937 3270 15162 17 1238 1318 477, 0 0 0 0 0 0 0 0 0 1
1515909875.4 19725 14427 9972 1723 3064 14758 21 3486 3708 1324, 0 0 0 0 0 0 0 0 0 1
1515909876.42 20393 15241 10134 1875 3429 16267 15 1858 2444 1602, 0 0 0 0 0 0 0 0 0 1
1515909877.43 20685 16707 9177 2041 4306 18296 15 742 2275 3593, 0 0 0 0 0 0 0 0 0 1
1515909878.44 17660 16750 9591 3012 2863 19851 9 612 2249 5100, 0 0 0 0 0 0 0 0 0 1
1515909879.45 15084 11969 8258 4561 3483 19075 5 7 1516 6538, 0 0 0 0 0 0 0 0 0 1
1515909880.5 12350 11379 8907 5144 2537 16905 7 14 2391 7302, 0 0 0 0 0 0 0 0 0 1
1515909881.51 12407 11451 10138 7618 2882 17212 7 149 1490 7801, 0 0 0 0 0 0 0 0 0 1
1515909882.52 13932 11007 9174 8119 2437 17101 28 616 2245 8349, 0 0 0 0 0 0 0 0 0 1
1515909883.54 12223 9170 8521 7566 2898 16075 18 457 1768 7631, 0 0 0 0 0 0 0 0 0 1
1515909884.55 11706 8217 7832 9027 2821 18570 30 918 1872 8547, 0 0 0 0 0 0 0 0 0 1
1515909885.56 12525 9419 8725 8452 3550 18180 20 609 1527 8115, 0 0 0 0 0 0 0 0 0 1
1515909886.58 16781 10138 9835 13485 3252 21337 13 746 2863 13287, 0 0 0 0 0 0 0 0 0 1
1515909887.59 17163 15546 10907 8043 4186 17008 30 1582 3786 7267, 0 0 0 0 0 0 0 0 0 1
1515909888.6 15291 10140 8567 8218 3757 17193 22 412 3632 7782, 0 0 0 0 0 0 0 0 0 1
1515909889.63 15986 11169 7727 5805 2021 15360 24 45 1488 5831, 0 0 0 0 0 0 0 0 0 1
1515909890.65 15613 10959 9058 8447 2552 14168 23 7 1308 6337, 0 0 0 0 0 0 0 0 0 1
1515909891.66 16688 13927 8706 5378 2424 13454 23 9 1731 5456, 0 0 0 0 0 0 0 0 0 1
1515909892.68 18780 15936 7448 4565 2338 14116 30 7 641 4264, 0 0 0 0 0 0 0 0 0 1
1515909893.7 14810 13255 8000 5546 3161 14462 24 5 832 5939, 0 0 0 0 0 0 0 0 0 1
1515909894.75 12574 9013 5766 8531 3449 18085 23 7 1985 9850, 0 0 0 0 0 0 0 0 0 1
1515909895.76 13610 8582 5639 8259 3670 19546 28 5 1596 9523, 0 0 0 0 0 0 0 0 0 1
1515909896.78 15390 10152 4964 8802 2713 18673 22 8 1473 9686, 0 0 0 0 0 0 0 0 0 1
1515909897.8 14339 10894 4290 8325 2134 19714 66 2 1094 9134, 0 0 0 0 0 0 0 0 0 1
1515909898.81 14924 9583 6230 6091 2906 19050 30 9 1738 9056, 0 0 0 0 0 0 0 0 0 1
1515909899.83 12551 8123 5168 6091 3474 19950 27 230 1861 7898, 0 0 0 0 0 0 0 0 0 1
1515909900.84 13410 8327 4448 6273 4482 21195 25 508 2084 7180, 0 0 0 0 0 0 0 0 0 1
1515909901.86 18378 7787 4291 8117 5078 22530 21 176 2424 10541, 0 0 0 0 0 0 0 0 0 1
1515909902.87 16711 8158 5254 9339 4393 23000 21 1057 2283 9408, 0 0 0 0 0 0 0 0 0 1
1515909903.88 13473 8188 5616 9585 3447 17751 27 313 1205 7684, 0 0 0 0 0 0 0 0 0 1
1515909904.94 11081 7266 7182 9434 3661 16400 17 629 1992 8004, 0 0 0 0 0 0 0 0 0 1
1515909905.95 13483 7787 6437 8272 3570 19534 24 553 2498 11688, 0 0 0 0 0 0 0 0 0 1
1515909906.96 11973 9005 7346 7253 3355 20710 19 401 3637 11118, 0 0 0 0 0 0 0 0 0 1
1515909907.98 14176 8686 6835 4098 3579 20737 29 15 1988 8254, 0 0 0 0 0 0 0 0 0 1
1515909908.99 13556 8504 5874 5524 3386 20369 35 13 1780 6599, 0 0 0 0 0 0 0 0 0 1
1515909910.0 9436 8598 9143 5251 2382 15862 24 10 2500 8229, 0 0 0 0 0 0 0 0 0 1
1515909911.02 12603 10960 9220 3703 2937 16898 27 8 762 5413, 0 0 0 0 0 0 0 0 0 1
1515909912.04 11470 12269 8284 3371 2477 17306 31 9 269 4662, 0 0 0 0 0 0 0 0 0 1
1515909913.05 12385 9625 9601 3029 2784 19453 33 10 572 5042, 0 0 0 0 0 0 0 0 0 1
1515909914.07 11008 7020 9298 5189 3637 21006 41 14 757 6694, 0 0 0 0 0 0 0 0 0 1
1515909915.09 11789 7890 9672 7935 2652 17023 45 5 1322 8931, 0 0 0 0 0 0 0 0 0 1
1515909916.11 15107 11080 9647 8270 2841 18369 33 6 1036 8604, 0 0 0 0 0 0 0 0 0 1
1515909917.13 18433 11805 14427 14447 3458 23043 45 4 1287 11281, 0 0 0 0 0 0 0 0 0 1
1515909918.15 14663 9187 10028 8847 2255 16862 39 4 186 7607, 0 0 0 0 0 0 0 0 0 1
1515909919.2 15066 9732 7320 9561 2236 16507 31 11 601 10304, 0 0 0 0 0 0 0 0 0 1
1515909920.23 15317 10592 3879 9087 1227 15248 22 7 2226 12874, 0 0 0 0 0 0 0 0 0 1
1515909921.23 17849 10821 4473 9109 1056 16670 34 8 2193 13387, 0 0 0 0 0 0 0 0 0 1
1515909922.24 17849 10821 4473 9109 1056 16670 34 8 2193 13387, 0 0 0 0 0 0 0 0 0 1
1515909923.29 17004 11993 5630 10529 1576 14057 22 18 2961 11824, 0 0 0 0 0 0 0 0 0 1
1515909924.29 15203 8967 7580 8553 2137 17359 25 4 1132 10370, 0 0 0 0 0 0 0 0 0 1
1515909925.31 15229 9106 4275 9218 3573 17610 25 14 993 10820, 0 0 0 0 0 0 0 0 0 1
1515909926.33 15808 9992 5168 8654 3356 19304 20 8 2291 11120, 0 0 0 0 0 0 0 0 0 1
1515909927.34 18315 11252 5167 7033 4192 21768 27 14 2648 10280, 0 0 0 0 0 0 0 0 0 1
1515909928.34 18315 11252 5167 7033 4192 21768 27 14 2648 10280, 0 0 0 0 0 0 0 0 0 1
1515909929.35 17476 10775 6612 5892 5415 21620 21 11 3050 7226, 0 0 0 0 0 0 0 0 0 1
1515909930.38 18317 9462 5672 4268 4423 22339 21 15 2578 7059, 0 0 0 0 0 0 0 0 0 1
1515909931.4 17334 11477 4852 4189 4170 22526 24 8 1933 7292, 0 0 0 0 0 0 0 0 0 1
1515909932.41 16013 10867 6653 3576 4402 20640 30 9 2700 7722, 0 0 0 0 0 0 0 0 0 1
1515909933.42 17473 11682 5888 1968 2840 21623 37 20 1806 5180, 0 0 0 0 0 0 0 0 0 1
1515909934.44 21787 12696 5063 2099 3530 21033 34 15 2113 4416, 0 0 0 0 0 0 0 0 0 1
1515909935.45 22860 12271 5232 2192 3395 21075 51 26 845 3434, 0 0 0 0 0 0 0 0 0 1
1515909936.46 23382 12496 6393 2366 2404 19882 79 17 1252 4247, 0 0 0 0 0 0 0 0 0 1
1515909937.48 20655 13656 5635 1977 2627 18122 49 14 1303 5035, 0 0 0 0 0 0 0 0 0 1
1515909938.5 20341 15761 5970 2126 2269 16166 32 12 939 5216, 0 0 0 0 0 0 0 0 0 1
1515909939.51 21736 17694 6122 1857 3420 15867 31 18 194 2185, 0 0 0 0 0 0 0 0 0 1
1515909940.53 16403 16159 6914 2084 2397 14973 36 23 603 4095, 0 0 0 0 0 0 0 0 0 1
1515909941.54 13483 14600 5471 4906 3565 13946 40 17 19 6056, 0 0 0 0 0 0 0 0 0 1
1515909942.56 13327 10080 5057 7434 3964 16765 41 30 46 8617, 0 0 0 0 0 0 0 0 0 1
1515909943.57 13615 10413 5437 7009 4406 18974 40 452 777 9604, 0 0 0 0 0 0 0 0 0 1
1515909944.61 14593 9088 5070 8681 3788 18632 50 797 930 9590, 0 0 0 0 0 0 0 0 0 1
1515909945.62 14581 10399 7118 9880 3995 16260 29 982 1102 8498, 0 0 0 0 0 0 0 0 0 1
1515909946.65 15230 9423 5800 8378 3849 18048 34 310 520 9404, 0 0 0 0 0 0 0 0 0 1
1515909947.66 16133 12146 12768 14290 5359 22323 39 874 882 14479, 0 0 0 0 0 0 0 0 0 1
1515909948.68 9446 6857 10262 11936 1925 12599 28 1219 1228 10231, 0 0 0 0 0 0 0 0 0 1
1515909949.7 9940 8054 7160 10975 2773 11811 17 3989 3990 9814, 0 0 0 0 0 0 0 0 0 1
1515909950.72 9933 7519 7797 10351 3519 13692 23 3044 3059 8913, 0 0 0 0 0 0 0 0 0 1
1515909951.74 11300 8723 6201 8496 3416 14534 25 1394 1414 6951, 0 0 0 0 0 0 0 0 0 1
1515909952.76 11793 7082 5525 9805 5104 17363 28 1803 2075 10473, 0 0 0 0 0 0 0 0 0 1
1515909953.79 13050 7251 6175 9538 3636 17320 39 1877 3180 12221, 0 0 0 0 0 0 0 0 0 1
1515909954.81 12874 8055 7653 10162 2702 16122 38 2434 3484 10479, 0 0 0 0 0 0 0 0 0 1
1515909955.83 14833 9403 5793 7368 3395 19870 27 1109 1915 9440, 0 0 0 0 0 0 0 0 0 1
1515909956.85 14240 9538 5478 7333 3453 19645 17 750 1792 11000, 0 0 0 0 0 0 0 0 0 1
1515909957.87 15221 10302 4925 8432 4388 20591 15 676 1938 12153, 0 0 0 0 0 0 0 0 0 1
1515909958.9 13296 9708 6964 7740 2990 17526 28 1397 1925 10443, 0 0 0 0 0 0 0 0 0 1
1515909959.92 13678 8513 6187 7822 2524 16768 23 1809 1963 9607, 0 0 0 0 0 0 0 0 0 1
1515909960.94 11886 8852 7961 7414 2347 15400 23 1509 1625 10650, 0 0 0 0 0 0 0 0 0 1
1515909961.95 14293 9047 7869 9008 2464 20020 12 1355 1724 12594, 0 0 0 0 0 0 0 0 0 1
1515909962.97 12283 7980 9164 8344 1959 19149 20 982 1620 10560, 0 0 0 0 0 0 0 0 0 1
1515909963.98 12639 7823 9310 7708 2262 18740 15 1767 2027 11352, 0 0 0 0 0 0 0 0 0 1
1515909964.99 11900 8298 9317 8545 1903 16541 23 1914 1915 9389, 0 0 0 0 0 0 0 0 0 1
1515909966.01 15008 9678 8617 8114 2704 20475 16 1542 1807 9792, 0 0 0 0 0 0 0 0 0 1
1515909967.04 12980 10365 8616 6542 2934 16669 30 658 1182 6806, 0 0 0 0 0 0 0 0 0 1
1515909968.05 10339 8968 9651 9628 2038 13914 33 509 531 7274, 0 0 0 0 0 0 0 0 0 1
1515909969.07 14216 10263 6815 7301 3435 19117 69 566 571 7031, 0 0 0 0 0 0 0 0 0 1
1515909970.09 13997 12210 6309 5518 3446 16705 40 596 607 5266, 0 0 0 0 0 0 0 0 0 1
1515909971.11 13162 10831 6155 6673 2915 15574 38 896 900 5260, 0 0 0 0 0 0 0 0 0 1
1515909972.13 12035 10547 6320 7804 2831 16580 26 179 195 7101, 0 0 0 0 0 0 0 0 0 1
1515909973.15 10193 9802 6090 8413 3111 15022 37 8 11 7612, 0 0 0 0 0 0 0 0 0 1
1515909974.17 13061 12808 6524 7120 3117 17596 50 6 24 8006, 0 0 0 0 0 0 0 0 0 1
1515909975.19 9737 12184 8254 5641 3363 16693 41 5 11 6577, 0 0 0 0 0 0 0 0 0 1
1515909976.2 20592 18130 10631 6579 5508 26972 58 9 120 9284, 0 0 0 0 0 0 0 0 0 1
1515909977.21 16005 13008 7248 4596 3018 17962 25 5 221 6310, 0 0 0 0 0 0 0 0 0 1
1515909978.23 18131 14969 8188 5042 2890 18318 25 6 534 7496, 0 0 0 0 0 0 0 0 0 1
1515909979.24 15309 12998 8646 4956 3243 16494 26 3 219 7392, 0 0 0 0 0 0 0 0 0 1
1515909980.26 14545 8692 4646 4402 1782 14582 17 7 167 6519, 0 0 0 0 0 0 0 0 0 1
1515909981.27 14823 10516 7159 4647 2149 14629 16 5 247 6923, 0 0 0 0 0 0 0 0 0 1
1515909982.35 15996 12091 6666 4241 1566 14042 15 8 325 6399, 0 0 0 0 0 0 0 0 0 1
1515909983.37 15892 11563 7935 7470 2418 15863 53 13 1139 6719, 0 0 0 0 0 0 0 0 0 1
1515909984.39 14786 9277 7600 8198 2268 18825 81 4 755 7566, 0 0 0 0 0 0 0 0 0 1
1515909985.42 13839 10341 8051 8097 2274 13937 53 7 1475 6192, 0 0 0 0 0 0 0 0 0 1
1515909986.44 17019 11775 7707 8330 2587 15445 49 8 2612 7897, 0 0 0 0 0 0 0 0 0 1
1515909987.46 15203 13929 7385 5790 2373 14283 43 12 1869 7634, 0 0 0 0 0 0 0 0 0 1
1515909988.5 18876 11209 5951 6127 3361 16889 71 8 1021 5914, 0 0 0 0 0 0 0 0 0 1
1515909989.53 19495 13376 4964 6965 3491 16442 47 7 1377 6400, 0 0 0 0 0 0 0 0 0 1
1515909990.54 13648 8273 5496 9198 3146 17589 41 237 723 7722, 0 0 0 0 0 0 0 0 0 1
1515909991.56 15791 10668 5899 8798 3672 17569 28 1243 1570 7668, 0 0 0 0 0 0 0 0 0 1
1515909992.57 14779 10763 7280 7748 3547 18473 31 265 941 7904, 0 0 0 0 0 0 0 0 0 1
1515909993.58 17691 10259 6664 7040 3654 21238 30 5 22 6868, 0 0 0 0 0 0 0 0 0 1
1515909994.6 19852 11578 6159 5816 2767 19869 45 4 31 6523, 0 0 0 0 0 0 0 0 0 1
1515909995.62 18249 9237 7913 6968 2224 18214 35 9 72 5790, 0 0 0 0 0 0 0 0 0 1
1515909996.63 16860 8555 6299 7852 2796 17722 35 17 132 8766, 0 0 0 0 0 0 0 0 0 1
1515909997.66 17802 10659 4036 6626 3744 19993 34 7 8 9668, 0 0 0 0 0 0 0 0 0 1
1515909998.68 19315 8497 3964 7190 2419 22001 26 7 17 11094, 0 0 0 0 0 0 0 0 0 1
1515909999.7 17759 8815 3973 7417 2146 20212 22 3 923 12347, 0 0 0 0 0 0 0 0 0 1
1515910000.71 17615 8988 4683 7273 3015 19067 24 10 430 10282, 0 0 0 0 0 0 0 0 0 1
1515910001.72 21452 9727 5512 9163 3675 24305 14 8 874 12338, 0 0 0 0 0 0 0 0 0 1
1515910002.75 17033 10821 6192 13281 2856 22981 26 5 1507 15381, 0 0 0 0 0 0 0 0 0 1
1515910003.76 12796 11291 8630 8684 4583 22620 18 10 1446 10765, 0 0 0 0 0 0 0 0 0 1
1515910004.77 13333 9599 4635 8048 3163 20476 12 8 1290 8587, 0 0 0 0 0 0 0 0 0 1
1515910005.8 13143 8377 5487 7181 3214 20984 15 18 1489 9452, 0 0 0 0 0 0 0 0 0 1
1515910006.8 12767 10020 5618 6634 2919 20621 13 5 1351 8892, 0 0 0 0 0 0 0 0 0 1
1515910007.82 13969 10116 5873 6772 3029 19580 19 10 707 8031, 0 0 0 0 0 0 0 0 0 1
1515910008.83 13689 9868 6707 6753 3642 18336 15 7 730 6554, 0 0 0 0 0 0 0 0 0 1
1515910009.85 14911 9729 7416 8139 2652 16607 19 14 1237 7080, 0 0 0 0 0 0 0 0 0 1
1515910010.87 15605 11009 7155 8347 1887 15153 18 15 1599 7827, 0 0 0 0 0 0 0 0 0 1
1515910011.88 16827 9137 6019 9696 2731 19133 39 13 1372 10232, 0 0 0 0 0 0 0 0 0 1
1515910012.89 16634 8145 6292 8290 1348 18959 16 10 1734 9669, 0 0 0 0 0 0 0 0 0 1
1515910013.92 14944 9687 7254 6892 1421 16232 17 4 1190 8983, 0 0 0 0 0 0 0 0 0 1
1515910014.92 17911 10675 9390 6495 1909 16605 23 6 644 6338, 0 0 0 0 0 0 0 0 0 1
1515910015.94 20659 11909 7150 5545 2462 18497 25 3 620 5994, 0 0 0 0 0 0 0 0 0 1
1515910016.98 19588 11403 6544 4931 2776 18577 26 13 524 4104, 0 0 0 0 0 0 0 0 0 1
1515910017.99 17722 10781 7403 3862 2715 17050 12 9 459 2697, 0 0 0 0 0 0 0 0 0 1
1515910019.0 15415 8160 7581 4759 1950 16363 16 1 404 5336, 0 0 0 0 0 0 0 0 0 1
1515910020.03 15415 8160 7581 4759 1950 16363 16 1 404 5336, 0 0 0 0 0 0 0 0 0 1
1515910021.04 15717 7456 7383 6733 1649 17581 11 6 1110 6405, 0 0 0 0 0 0 0 0 0 1
1515910022.06 15250 8276 8370 7315 1889 14766 42 5 757 6218, 0 0 0 0 0 0 0 0 0 1
1515910023.07 14393 8895 6209 7145 1500 15079 15 5 787 9553, 0 0 0 0 0 0 0 0 0 1
1515910024.08 15449 8895 8080 7443 2512 16066 15 5 1559 7651, 0 0 0 0 0 0 0 0 0 1
1515910025.11 14270 8435 6668 6972 2708 14555 17 9 1572 8766, 0 0 0 0 0 0 0 0 0 1
1515910026.13 14587 9268 6775 7237 3306 16758 18 8 2462 9995, 0 0 0 0 0 0 0 0 0 1
1515910027.14 15450 9377 6308 7259 2528 16013 12 346 3064 10222, 0 0 0 0 0 0 0 0 0 1
1515910028.15 14778 9377 6107 5651 2489 16083 14 346 3057 8432, 0 0 0 0 0 0 0 0 0 1
1515910029.18 15848 11374 7305 4913 2495 18108 21 1205 3460 7562, 0 0 0 0 0 0 0 0 0 1
1515910030.22 14933 8200 6544 3197 2700 18151 16 1658 3937 5566, 0 0 0 0 0 0 0 0 0 1
1515910031.23 16574 12497 8561 5118 2734 15849 24 2847 5468 4992, 0 0 0 0 0 0 0 0 0 1
1515910032.23 16193 12497 7553 3187 3448 15137 24 2851 3949 4928, 0 0 0 0 0 0 0 0 0 1
1515910033.25 18269 10809 6155 1680 3424 17270 21 1462 2593 3210, 0 0 0 0 0 0 0 0 0 1
1515910034.26 15193 12030 7575 1356 2802 18984 27 3 1039 3415, 0 0 0 0 0 0 0 0 0 1
1515910035.28 15424 12030 8235 1701 2805 17494 27 3 853 2149, 0 0 0 0 0 0 0 0 0 1
1515910036.28 16105 11627 7488 1552 3190 20176 27 243 407 1808, 0 0 0 0 0 0 0 0 0 1
1515910037.29 23775 15232 13134 5786 3518 24471 50 424 647 5192, 0 0 0 0 0 0 0 0 0 1
1515910038.32 15701 10635 9526 5679 1508 13403 27 304 305 5625, 0 0 0 0 0 0 0 0 0 1
1515910039.33 15410 8426 8796 6601 2281 15370 38 738 730 5596, 0 0 0 0 0 0 0 0 0 1
1515910040.35 13446 8426 9668 8177 2273 14463 38 738 946 7494, 0 0 0 0 0 0 0 0 0 1
1515910041.37 12778 9328 8754 8660 2701 15569 36 503 736 7186, 0 0 0 0 0 0 0 0 0 1
1515910042.38 14699 6843 7917 8051 2117 16104 30 5 175 7941, 0 0 0 0 0 0 0 0 0 1
1515910043.39 10165 5394 8013 9846 5193 18120 16 7 570 8792, 0 0 0 0 0 0 0 0 0 1
1515910044.41 7922 7291 9413 9649 3463 15343 33 0 572 8834, 0 0 0 0 0 0 0 0 0 1
1515910045.42 12671 8993 8876 8700 3054 17973 29 7 1492 9123, 0 0 0 0 0 0 0 0 0 1
1515910046.43 10367 11469 10428 7120 3037 16265 15 6 1980 10179, 0 0 0 0 0 0 0 0 0 1
1515910047.46 10286 11436 11044 5516 3083 15069 21 6 2634 8310, 0 0 0 0 0 0 0 0 0 1
1515910048.5 11864 12606 12562 3429 2874 14827 25 3 3969 6514, 0 0 0 0 0 0 0 0 0 1
1515910049.52 11359 11301 10440 2684 3593 15305 25 4 3008 5331, 0 0 0 0 0 0 0 0 0 1
1515910050.52 11525 11390 10534 2834 3845 17583 20 5 2942 5514, 0 0 0 0 0 0 0 0 0 1
1515910051.54 12097 13551 10243 2924 3001 15411 14 41 1334 3334, 0 0 0 0 0 0 0 0 0 1
1515910052.55 11523 12538 11391 4915 2637 13416 20 841 2319 5524, 0 0 0 0 0 0 0 0 0 1
1515910053.58 13430 13597 9693 4622 2360 13274 14 7 2337 6865, 0 0 0 0 0 0 0 0 0 1
1515910054.6 11594 14372 8165 6505 2404 13630 16 12 2954 7743, 0 0 0 0 0 0 0 0 0 1
1515910055.62 12863 13445 8672 5919 2460 14410 17 5 2901 7546, 0 0 0 0 0 0 0 0 0 1
1515910056.68 12308 11463 9177 5817 2233 15178 20 14 2054 7044, 0 0 0 0 0 0 0 0 0 1
1515910057.68 15201 11867 7039 6280 3125 14238 20 4 1575 7452, 0 0 0 0 0 0 0 0 0 1
1515910058.68 16375 12951 7373 5491 2929 16741 16 10 2381 8535, 0 0 0 0 0 0 0 0 0 1
1515910059.68 18917 12131 6588 6052 3571 16258 16 14 2378 8535, 0 0 0 0 0 0 0 0 0 1
1515910060.69 20262 12131 2920 7049 3571 17635 25 13 1539 8416, 0 0 0 0 0 0 0 0 0 1
1515910061.7 19498 12875 3607 5683 2704 17315 25 6 877 6016, 0 0 0 0 0 0 0 0 0 1
1515910062.73 20650 12583 5222 3746 2620 18190 20 12 1906 7170, 0 0 0 0 0 0 0 0 0 1
1515910063.75 21166 12577 6064 1472 2819 18877 21 14 3315 5702, 0 0 0 0 0 0 0 0 0 1
1515910064.77 21510 12958 5378 3184 2669 18999 23 13 1895 6251, 0 0 0 0 0 0 0 0 0 1
1515910065.78 19654 11541 5573 1812 3613 17759 22 10 1485 4501, 0 0 0 0 0 0 0 0 0 1
1515910066.79 20742 11592 5933 829 2592 18968 29 11 1762 3121, 0 0 0 0 0 0 0 0 0 1
1515910067.8 17264 10919 6380 575 2421 18442 37 9 1220 1751, 0 0 0 0 0 0 0 0 0 1
1515910068.82 22945 9911 8528 3128 3179 25138 29 11 1768 3640, 0 0 0 0 0 0 0 0 0 1
1515910069.83 19501 15959 9804 2119 4849 20945 40 11 1188 1808, 0 0 0 0 0 0 0 0 0 1
1515910070.86 16873 10320 10523 2652 2099 14194 36 1184 2142 1784, 0 0 0 0 0 0 0 0 0 1
1515910071.87 18138 9001 8755 3064 2158 14871 32 427 821 1437, 0 0 0 0 0 0 0 0 0 1
1515910072.89 15435 7787 8375 1841 2807 16794 38 423 441 1228, 0 0 0 0 0 0 0 0 0 1
1515910073.9 14659 8882 8199 2046 3493 16739 38 501 507 2643, 0 0 0 0 0 0 0 0 0 1
1515910074.92 15220 7980 5329 2200 3488 17938 33 933 940 3485, 0 0 0 0 0 0 0 0 0 1
1515910075.94 15984 8922 6510 1361 3676 17391 34 857 1033 2599, 0 0 0 0 0 0 0 0 0 1
1515910076.98 18284 8854 6150 1837 3868 18492 46 352 859 2382, 0 0 0 0 0 0 0 0 0 1
1515910078.0 17137 7282 5748 1552 2937 17795 41 1244 1479 2209, 0 0 0 0 0 0 0 0 0 1
1515910079.01 16699 9078 7754 2126 2533 16612 39 1239 1571 2694, 0 0 0 0 0 0 0 0 0 1
1515910080.03 16888 8245 5847 1732 2272 18934 46 1369 1777 3008, 0 0 0 0 0 0 0 0 0 1
1515910081.05 19596 9826 5990 1458 2431 18920 31 5 472 2553, 0 0 0 0 0 0 0 0 0 1
1515910082.07 18960 12178 7305 642 3132 20131 32 1 642 1887, 0 0 0 0 0 0 0 0 0 1
1515910083.08 19191 10389 5175 868 4054 22202 54 5 1522 3231, 0 0 0 0 0 0 0 0 0 1
1515910084.08 19934 11758 4002 385 4061 20393 55 5 1438 2173, 0 0 0 0 0 0 0 0 0 1
1515910085.09 17210 11951 4478 695 4368 19970 47 13 2450 3285, 0 0 0 0 0 0 0 0 0 1
1515910086.12 16797 11903 5111 1685 3570 19448 42 4 1143 3429, 0 0 0 0 0 0 0 0 0 1
1515910087.13 15884 10325 5594 1353 4285 18932 42 9 1503 2897, 0 0 0 0 0 0 0 0 0 1
1515910088.14 15422 9302 5290 1483 3774 19183 49 10 1105 2907, 0 0 0 0 0 0 0 0 0 1
1515910089.16 16281 9195 5065 1961 2921 19955 52 219 1023 3411, 0 0 0 0 0 0 0 0 0 1
1515910090.17 11928 8531 7051 1339 2112 14933 48 784 1990 3669, 0 0 0 0 0 0 0 0 0 1
1515910091.2 14455 10744 5889 2045 2491 14249 50 1106 1889 4630, 0 0 0 0 0 0 0 0 0 1
1515910092.23 12134 8736 6395 2955 2780 15263 30 798 820 4192, 0 0 0 0 0 0 0 0 0 1
1515910093.24 12092 8929 5955 2023 2868 15674 45 1643 1910 5072, 0 0 0 0 0 0 0 0 0 1
1515910094.26 13439 8252 5305 2718 3799 16844 39 751 1127 5762, 0 0 0 0 0 0 0 0 0 1
1515910095.27 13095 8167 7483 3733 2370 17886 40 800 1445 6509, 0 0 0 0 0 0 0 0 0 1
1515910096.29 13064 10516 8545 3014 1804 16956 23 99 971 5353, 0 0 0 0 0 0 0 0 0 1
1515910097.32 11929 10464 8485 3257 2173 15307 37 259 1252 5873, 0 0 0 0 0 0 0 0 0 1
1515910098.33 11194 9732 7936 1547 1661 14345 32 84 1019 6194, 0 0 0 0 0 0 0 0 0 1
1515910099.37 14145 9155 5185 892 3852 18946 56 13 1053 4789, 0 0 0 0 0 0 0 0 0 1
1515910100.38 20074 11687 6316 1331 2764 22422 48 12 1293 5791, 0 0 0 0 0 0 0 0 0 1
1515910101.38 23931 11534 5443 1331 3296 26188 51 7 1151 5537, 0 0 0 0 0 0 0 0 0 1
1515910102.39 13722 9643 4923 2255 2338 16896 34 7 1050 4719, 0 0 0 0 0 0 0 0 0 1
1515910103.4 16516 9643 4923 2255 2338 18003 34 8 336 4623, 0 0 0 0 0 0 0 0 0 1
1515910104.41 15953 9049 5353 1279 2951 17377 36 10 672 3947, 0 0 0 0 0 0 0 0 0 1
1515910105.42 15302 11378 5703 2214 3423 16135 44 7 195 3692, 0 0 0 0 0 0 0 0 0 1
1515910106.43 16486 13761 8282 2477 2004 14151 51 9 20 3405, 0 0 0 0 0 0 0 0 0 1
1515910107.44 18835 12727 7909 988 2425 16582 47 13 24 1445, 0 0 0 0 0 0 0 0 0 1
1515910108.45 18206 12659 6442 1496 2325 17549 40 12 13 4368, 0 0 0 0 0 0 0 0 0 1
1515910109.46 19961 12186 4468 1576 1872 17711 49 11 14 3347, 0 0 0 0 0 0 0 0 0 1
1515910110.48 19210 13616 5575 1150 1576 16591 40 9 25 2816, 0 0 0 0 0 0 0 0 0 1
1515910111.49 20176 12403 5151 2194 2202 16272 36 2 5 3055, 0 0 0 0 0 0 0 0 0 1
1515910112.5 22666 14186 6438 1639 1913 17789 28 4 9 1675, 0 0 0 0 0 0 0 0 0 1
1515910113.52 19970 11528 6740 1653 1880 16986 40 4 20 2611, 0 0 0 0 0 0 0 0 0 1
1515910114.53 17558 10877 5326 2007 1685 17081 54 4 7 3497, 0 0 0 0 0 0 0 0 0 1
1515910115.54 18659 10626 4354 1918 2580 19960 40 16 139 3679, 0 0 0 0 0 0 0 0 0 1
1515910116.56 18475 10972 4930 1414 2258 19050 42 405 729 4042, 0 0 0 0 0 0 0 0 0 1
1515910117.58 15306 9797 6665 2356 2008 16813 60 1632 2181 4653, 0 0 0 0 0 0 0 0 0 1
1515910118.59 14812 8859 5658 1766 2403 17539 33 1035 1888 4616, 0 0 0 0 0 0 0 0 0 1
1515910119.62 14192 6802 7170 1831 2839 17932 42 1346 2660 5076, 0 0 0 0 0 0 0 0 0 1
1515910120.65 13450 9045 9992 2854 1802 14209 78 2070 3128 4553, 0 0 0 0 0 0 0 0 0 1
1515910121.66 16026 10231 9012 1854 2619 14320 62 755 1669 3805, 0 0 0 0 0 0 0 0 0 1
1515910122.7 15055 11005 6211 1032 1961 16561 21 3 1845 4716, 0 0 0 0 0 0 0 0 0 1
1515910123.71 15543 10475 6106 891 1748 13112 27 9 1667 2417, 0 0 0 0 0 0 0 0 0 1
1515910124.74 16262 10149 3330 873 2369 11619 24 13 1049 2377, 0 0 0 0 0 0 0 0 0 1
1515910125.76 18554 7968 2563 658 841 12062 29 11 403 1724, 0 0 0 0 0 0 0 0 0 1
1515910126.79 17891 10396 1145 750 1165 10627 26 8 58 1652, 0 0 0 0 0 0 0 0 0 1
1515910127.8 19867 10752 1157 1813 2397 14185 26 14 33 4017, 0 0 0 0 0 0 0 0 0 1
1515910128.84 18663 7474 366 1483 2577 16267 18 6 14 3990, 0 0 0 0 0 0 0 0 0 1
1515910129.86 18986 9722 1192 1635 2350 17577 22 15 36 4762, 0 0 0 0 0 0 0 0 0 1
1515910130.89 20737 11253 1710 1940 2378 16389 34 8 21 4537, 0 0 0 0 0 0 0 0 0 1
1515910131.91 19515 9889 1154 1714 3478 18174 25 10 14 4982, 0 0 0 0 0 0 0 0 0 1
1515910132.92 33380 18951 3278 2949 5341 27543 28 11 25 5799, 0 0 0 0 0 0 0 0 0 1
1515910133.94 19312 10897 2051 1437 3595 19116 69 5 363 3330, 0 0 0 0 0 0 0 0 0 1
1515910134.95 16723 9620 3073 2800 2348 16040 30 7 25 4558, 0 0 0 0 0 0 0 0 0 1
1515910135.96 16236 11967 4975 1193 3227 18952 37 6 9 2114, 0 0 0 0 0 0 0 0 0 1
1515910136.99 14166 10787 5537 2015 3128 18053 35 14 27 1472, 0 0 0 0 0 0 0 0 0 1
1515910138.0 14995 10245 6437 1879 4311 20331 44 9 21 1558, 0 0 0 0 0 0 0 0 0 1
1515910139.03 14658 10526 9002 1853 2685 18227 31 11 15 2571, 0 0 0 0 0 0 0 0 0 1
1515910140.05 13210 8327 6870 2036 2052 18325 21 15 26 2886, 0 0 0 0 0 0 0 0 0 1
1515910141.06 14998 11817 6001 1678 3421 18403 60 14 22 3703, 0 0 0 0 0 0 0 0 0 1
1515910142.07 16564 12200 6375 1933 3487 18413 34 4 10 3934, 0 0 0 0 0 0 0 0 0 1
1515910143.07 15726 13966 8636 2562 3167 15200 40 8 24 2256, 0 0 0 0 0 0 0 0 0 1
1515910144.09 18512 10208 7357 2182 3488 18748 41 4 181 2785, 0 0 0 0 0 0 0 0 0 1
1515910145.1 19034 9810 4927 1637 3884 19260 41 13 316 3377, 0 0 0 0 0 0 0 0 0 1
1515910146.11 18761 11816 5203 1346 2450 19167 47 70 425 2551, 0 0 0 0 0 0 0 0 0 1
1515910147.13 22134 11969 4517 1267 2979 20233 34 16 389 913, 0 0 0 0 0 0 0 0 0 1
1515910148.13 23072 11750 3549 966 2409 16947 34 6 51 179, 0 0 0 0 0 0 0 0 0 1
1515910149.15 20240 14059 4297 409 2300 15600 48 6 36 435, 0 0 0 0 0 0 0 0 0 1
1515910150.19 18350 13391 2330 574 2298 15194 46 12 27 1159, 0 0 0 0 0 0 0 0 0 1
1515910151.24 21641 13211 1428 726 3943 20540 49 11 25 1607, 0 0 0 0 0 0 0 0 0 1
1515910152.29 22913 13376 1746 104 3803 20170 57 13 33 224, 0 0 0 0 0 0 0 0 0 1
1515910153.3 21938 12765 797 119 4023 22975 51 5 12 222, 0 0 0 0 0 0 0 0 0 1
1515910154.32 21590 11324 774 603 2903 20256 53 4 18 1563, 0 0 0 0 0 0 0 0 0 1
1515910155.32 18697 10047 664 693 2679 21268 63 7 14 1873, 0 0 0 0 0 0 0 0 0 1
1515910156.33 16723 9333 1091 938 2248 17422 47 18 17 2830, 0 0 0 0 0 0 0 0 0 1
1515910157.35 19704 11493 1124 665 2753 18027 58 18 30 2109, 0 0 0 0 0 0 0 0 0 1
1515910158.37 18091 13442 892 1302 2188 17407 63 5 13 3505, 0 0 0 0 0 0 0 0 0 1
1515910159.4 13590 11993 1795 1159 2666 15584 38 19 26 4697, 0 0 0 0 0 0 0 0 0 1
1515910160.42 10614 11175 1279 1097 1557 14275 31 14 38 4796, 0 0 0 0 0 0 0 0 0 1
1515910161.45 10667 11060 1690 1019 2096 12430 43 11 18 3855, 0 0 0 0 0 0 0 0 0 1
1515910162.47 20380 14037 1631 2605 3001 21086 58 17 47 7819, 0 0 0 0 0 0 0 0 0 1
1515910163.49 9977 7991 484 814 1060 13064 38 7 13 3289, 0 0 0 0 0 0 0 0 0 1
1515910164.51 13117 6664 331 965 1065 14665 26 8 18 4660, 0 0 0 0 0 0 0 0 0 1
1515910165.53 15767 9792 694 1255 1675 15017 47 9 15 4476, 0 0 0 0 0 0 0 0 0 1
1515910166.56 16203 10869 686 1115 2649 16758 23 8 14 4472, 0 0 0 0 0 0 0 0 0 1
1515910167.6 17476 10518 1497 1489 2878 16346 29 7 12 4935, 0 0 0 0 0 0 0 0 0 1
1515910168.61 18737 10298 1647 1282 2710 16331 25 10 16 2542, 0 0 0 0 0 0 0 0 0 1
1515910169.62 18506 13749 2355 1833 2011 18317 30 14 20 4435, 0 0 0 0 0 0 0 0 0 1
1515910170.63 17471 10813 1561 2209 2260 16145 23 21 27 5307, 0 0 0 0 0 0 0 0 0 1
1515910171.65 17220 12043 1697 1273 2327 17814 34 11 11 3382, 0 0 0 0 0 0 0 0 0 1
1515910172.66 16348 12766 2620 1255 2206 16950 29 6 8 4375, 0 0 0 0 0 0 0 0 0 1
1515910173.67 11630 11972 2923 1777 1535 16053 31 6 9 3918, 0 0 0 0 0 0 0 0 0 1
1515910174.68 9604 13551 2858 1810 2170 13049 27 5 18 3717, 0 0 0 0 0 0 0 0 0 1
1515910175.7 11736 10952 3373 1345 3116 14633 25 11 15 3053, 0 0 0 0 0 0 0 0 0 1
1515910176.72 12546 13140 1513 1179 2488 13194 42 18 26 3517, 0 0 0 0 0 0 0 0 0 1
1515910177.73 11303 9432 3221 1015 1203 11370 17 248 421 3985, 0 0 0 0 0 0 0 0 0 1
1515910178.75 14349 8743 1904 1558 1215 13118 21 18 72 4040, 0 0 0 0 0 0 0 0 0 1
1515910179.76 15422 9351 2346 1007 1325 13340 41 17 16 2651, 0 0 0 0 0 0 0 0 0 1
1515910180.78 17941 9353 2255 630 1354 13182 29 8 8 2762, 0 0 0 0 0 0 0 0 0 1
1515910181.8 17306 11651 3917 1715 1678 13798 36 58 270 2907, 0 0 0 0 0 0 0 0 0 1
1515910182.82 17351 10457 4408 1762 1391 15215 31 19 49 4405, 0 0 0 0 0 0 0 0 0 1
1515910183.83 18011 10115 4335 2053 1969 16579 26 27 237 4891, 0 0 0 0 0 0 0 0 0 1
1515910184.84 18222 10662 4665 1273 2431 16173 17 215 774 5101, 0 0 0 0 0 0 0 0 0 1
1515910185.86 14273 8756 6838 2850 1976 13914 16 7 435 5044, 0 0 0 0 0 0 0 0 0 1
1515910186.87 15042 9165 8156 2155 1147 12475 16 12 766 4659, 0 0 0 0 0 0 0 0 0 1
1515910187.89 17431 8334 5519 2209 1278 14854 19 99 1399 5078, 0 0 0 0 0 0 0 0 0 1
1515910188.9 16971 9327 7326 1980 491 13386 29 6 1236 4545, 0 0 0 0 0 0 0 0 0 1
1515910189.92 15622 8308 7173 1759 1241 14572 24 7 2103 5678, 0 0 0 0 0 0 0 0 0 1
1515910190.93 14552 8407 6052 1984 1691 14960 47 6 2204 6085, 0 0 0 0 0 0 0 0 0 1
1515910191.94 14897 9349 7582 3305 1773 16146 32 4 1486 6751, 0 0 0 0 0 0 0 0 0 1
1515910192.96 14582 8810 6504 2591 2856 14896 20 4 20 4247, 0 0 0 0 0 0 0 0 0 1
1515910193.98 14998 9426 5321 2201 3243 16689 19 2 17 3275, 0 0 0 0 0 0 0 0 0 1
1515910195.0 12817 9140 7879 2757 2308 14560 16 6 61 4484, 0 0 0 0 0 0 0 0 0 1
1515910196.01 15531 8799 6324 2746 3753 17462 20 8 400 4580, 0 0 0 0 0 0 0 0 0 1
1515910197.05 25629 17707 9523 2999 3535 22923 24 9 853 6832, 0 0 0 0 0 0 0 0 0 1
1515910198.06 17033 9543 6876 1818 1674 14065 27 1837 2468 5538, 0 0 0 0 0 0 0 0 0 1
1515910199.06 16000 9360 5774 1354 3275 13750 44 1745 2176 3279, 0 0 0 0 0 0 0 0 0 1
1515910200.08 17683 9770 6899 936 4197 15459 53 2129 2829 2293, 0 0 0 0 0 0 0 0 0 1
1515910201.09 19228 8517 6555 1322 4254 15701 32 1464 2013 3293, 0 0 0 0 0 0 0 0 0 1
1515910202.1 19407 11050 5868 2300 3545 15141 43 310 313 3721, 0 0 0 0 0 0 0 0 0 1
1515910203.11 15231 11732 6529 2033 3545 15061 40 285 10 3736, 0 0 0 0 0 0 0 0 0 1
1515910204.13 13893 8308 5547 1596 3823 13927 44 4 6 2655, 0 0 0 0 0 0 0 0 0 1
1515910205.13 14675 10009 5896 1802 3823 16332 43 3 4 4347, 0 0 0 0 0 0 0 0 0 1
1515910206.14 14863 10001 5324 2083 5551 15007 43 1 6 4346, 0 0 0 0 0 0 0 0 0 1
1515910207.15 15793 11937 5196 2417 7859 15334 36 7 20 4291, 0 0 0 0 0 0 0 0 0 1
1515910208.15 16441 10770 2607 2277 8009 14560 47 47 85 4463, 0 0 0 0 0 0 0 0 0 1
1515910209.17 12908 10661 4215 2884 6366 14372 27 950 1307 6364, 0 0 0 0 0 0 0 0 0 1
1515910210.18 9777 7389 4454 2130 5397 12854 31 1569 2088 4824, 0 0 0 0 0 0 0 0 0 1
1515910211.2 11370 8709 5526 2568 5318 14059 42 2170 3144 7092, 0 0 0 0 0 0 0 0 0 1
1515910212.21 11782 9213 3249 1773 6367 16163 16 815 1943 7064, 0 0 0 0 0 0 0 0 0 1
1515910213.22 13346 7662 2473 1747 4266 16891 37 991 2494 6045, 0 0 0 0 0 0 0 0 0 1
1515910214.24 13190 8261 3302 1117 2137 16134 29 869 2247 5428, 0 0 0 0 0 0 0 0 0 1
1515910215.25 13975 7952 3591 1225 3639 18441 36 5 1099 4564, 0 0 0 0 0 0 0 0 0 1
1515910216.26 17436 9976 3813 900 2717 16429 24 8 1135 3912, 0 0 0 0 0 0 0 0 0 1
1515910217.28 18784 10289 4233 1193 3445 17847 25 11 1855 4779, 0 0 0 0 0 0 0 0 0 1
1515910218.3 17816 11935 5906 1296 4307 15277 32 7 1179 3755, 0 0 0 0 0 0 0 0 0 1
1515910219.32 16736 8384 5819 1686 3784 15194 30 12 1947 3987, 0 0 0 0 0 0 0 0 0 1
1515910220.33 13299 4320 4822 1754 3475 14045 24 3 1091 3278, 0 0 0 0 0 0 0 0 0 1
1515910221.35 14221 8480 4843 3681 6189 17150 32 5 367 5456, 0 0 0 0 0 0 0 0 0 1
1515910222.36 15126 5997 4870 2789 5045 20805 26 5 412 3737, 0 0 0 0 0 0 0 0 0 1
1515910223.38 14080 6346 5685 1967 5033 18167 15 8 29 2548, 0 0 0 0 0 0 0 0 0 1
1515910224.4 10577 5650 5146 2487 5848 19939 13 4 889 4447, 0 0 0 0 0 0 0 0 0 1
1515910225.42 11901 6391 7269 2646 4755 18696 25 3 513 4370, 0 0 0 0 0 0 0 0 0 1
1515910226.43 12377 5105 6292 1924 6527 19848 12 5 693 3526, 0 0 0 0 0 0 0 0 0 1
1515910227.45 12166 8335 5303 2135 3652 16926 34 8 832 5125, 0 0 0 0 0 0 0 0 0 1
1515910228.46 15256 7341 5225 1317 4922 20213 21 13 986 4122, 0 0 0 0 0 0 0 0 0 1
1515910229.48 14658 9016 4691 772 3619 17416 37 5 1408 1819, 0 0 0 0 0 0 0 0 0 1
1515910230.5 16194 9768 5032 1197 3203 17953 34 6 2487 3314, 0 0 0 0 0 0 0 0 0 1
1515910231.51 17878 10817 3843 1880 3152 18131 37 61 964 2808, 0 0 0 0 0 0 0 0 0 1
1515910232.53 18341 10440 4622 1650 2888 16766 36 1145 2197 3416, 0 0 0 0 0 0 0 0 0 1
1515910233.54 22627 10590 7801 3388 2486 24263 50 420 2153 6800, 0 0 0 0 0 0 0 0 0 1
1515910234.55 20751 10840 8240 1615 2280 19148 23 1315 2377 3184, 0 0 0 0 0 0 0 0 0 1
1515910235.56 15055 6973 6267 1629 2514 17104 30 769 1924 2988, 0 0 0 0 0 0 0 0 0 1
1515910236.58 14822 6309 5766 1732 2042 18520 27 445 1823 4786, 0 0 0 0 0 0 0 0 0 1
1515910237.6 11624 4991 7057 2474 2122 17466 37 732 2024 5001, 0 0 0 0 0 0 0 0 0 1
1515910238.63 11214 4643 9293 2056 1944 16191 38 1034 1784 4182, 0 0 0 0 0 0 0 0 0 1
1515910239.64 14154 5973 6451 2464 2261 17025 37 409 1824 4865, 0 0 0 0 0 0 0 0 0 1
1515910240.67 14800 9150 6970 2427 2202 15931 41 228 1065 3947, 0 0 0 0 0 0 0 0 0 1
1515910241.68 16209 10291 6539 2694 2037 16559 39 260 1102 3597, 0 0 0 0 0 0 0 0 0 1
1515910242.69 13402 11737 7407 2984 2655 15292 24 242 562 5747, 0 0 0 0 0 0 0 0 0 1
1515910243.7 13130 8701 5076 2299 3486 15841 20 8 527 6020, 0 0 0 0 0 0 0 0 0 1
1515910244.72 14627 11650 6194 2307 2909 16781 26 14 24 4108, 0 0 0 0 0 0 0 0 0 1
1515910245.74 17087 11845 4410 1553 3952 18231 13 4 113 4832, 0 0 0 0 0 0 0 0 0 1
1515910246.76 16800 12415 4046 1838 3601 16516 22 7 123 4792, 0 0 0 0 0 0 0 0 0 1
1515910247.79 18380 13929 5022 1574 2691 14746 14 5 524 5058, 0 0 0 0 0 0 0 0 0 1
1515910248.81 19306 15154 5046 1450 2601 15274 22 4 459 4095, 0 0 0 0 0 0 0 0 0 1
1515910249.82 15934 10954 5964 2048 3337 14425 19 23 1021 3708, 0 0 0 0 0 0 0 0 0 1
1515910250.83 18928 10484 4684 1530 3168 15673 14 216 616 3350, 0 0 0 0 0 0 0 0 0 1
1515910251.85 16007 8571 5972 1742 4540 15455 19 878 2071 4661, 0 0 0 0 0 0 0 0 0 1
1515910252.87 16143 9481 5642 2245 5465 15618 30 1394 2359 4708, 0 0 0 0 0 0 0 0 0 1
1515910253.88 12560 9035 5725 2184 5540 15456 19 1199 3266 5536, 0 0 0 0 0 0 0 0 0 1
1515910254.88 12088 8772 5489 2150 5084 15497 13 1096 3074 4537, 0 0 0 0 0 0 0 0 0 1
1515910255.9 12159 7005 6547 2108 6241 16484 12 1877 4335 4981, 0 0 0 0 0 0 0 0 0 1
1515910256.94 13848 6584 4444 1950 6131 17731 27 625 1231 3166, 0 0 0 0 0 0 0 0 0 1
1515910257.97 14866 7495 4755 1794 6174 20193 15 2169 3482 3144, 0 0 0 0 0 0 0 0 0 1
1515910258.98 15383 7557 3279 1514 6057 18374 39 200 503 3325, 0 0 0 0 0 0 0 0 0 1
1515910260.0 12606 5910 4243 940 4899 17909 19 14 362 2069, 0 0 0 0 0 0 0 0 0 1
1515910261.01 11674 5389 3255 1103 4488 17959 23 7 622 4010, 0 0 0 0 0 0 0 0 0 1
1515910262.01 13269 6837 2771 2194 4636 18864 18 11 624 5674, 0 0 0 0 0 0 0 0 0 1
1515910263.03 13032 6105 4006 1387 5085 19304 16 7 617 4904, 0 0 0 0 0 0 0 0 0 1
1515910264.05 16873 8164 2505 2124 3365 19180 24 6 75 4707, 0 0 0 0 0 0 0 0 0 1
1515910265.06 16292 8621 2743 2015 4338 18257 16 20 173 4410, 0 0 0 0 0 0 0 0 0 1
1515910266.06 16867 10259 4160 1341 3715 19128 28 158 531 4571, 0 0 0 0 0 0 0 0 0 1
1515910267.07 15589 10040 3936 1354 3995 18276 23 362 933 3832, 0 0 0 0 0 0 0 0 0 1
1515910268.09 23935 11356 5692 2472 6340 30228 42 946 2780 5681, 0 0 0 0 0 0 0 0 0 1
1515910269.1 15669 8216 3184 2111 5666 23573 26 1104 1501 4495, 0 0 0 0 0 0 0 0 0 1
1515910270.12 16322 7440 2915 1460 3495 20807 28 1319 1982 4206, 0 0 0 0 0 0 0 0 0 1
1515910271.14 14082 8790 6720 2151 2060 17267 28 1841 3218 5161, 0 0 0 0 0 0 0 0 0 1
1515910272.15 15260 8995 6236 2107 1645 15868 34 1922 3166 6883, 0 0 0 0 0 0 0 0 0 1
1515910273.17 17682 11200 7430 2178 1143 12969 22 1486 2320 5047, 0 0 0 0 0 0 0 0 0 1
1515910274.19 16553 10562 7714 2386 1118 12112 31 734 1821 5439, 0 0 0 0 0 0 0 0 0 1
1515910275.22 16249 8962 6924 2400 1130 14927 20 311 1266 5531, 0 0 0 0 0 0 0 0 0 1
1515910276.23 17934 10031 6899 2524 2124 17763 13 7 1649 6771, 0 0 0 0 0 0 0 0 0 1
1515910277.25 16130 9180 4373 1114 3209 19029 15 2 1964 6353, 0 0 0 0 0 0 0 0 0 1
1515910278.26 15621 8984 5375 2141 3155 19094 22 258 1672 5900, 0 0 0 0 0 0 0 0 0 1
1515910279.29 16155 8828 3462 1454 2414 18694 21 348 1623 5178, 0 0 0 0 0 0 0 0 0 1
1515910280.3 13457 7876 2244 730 2459 17642 16 177 1069 4221, 0 0 0 0 0 0 0 0 0 1
1515910281.31 11733 8109 4291 1276 1587 17927 34 349 366 1681, 0 0 0 0 0 0 0 0 0 1
1515910282.34 13519 9818 6481 1424 2299 15985 33 8 11 1575, 0 0 0 0 0 0 0 0 0 1
1515910283.35 12318 10768 5942 1349 1718 14722 30 86 100 1740, 0 0 0 0 0 0 0 0 0 1
1515910284.39 13997 10404 4665 2265 2786 16564 24 308 329 2355, 0 0 0 0 0 0 0 0 0 1
1515910285.42 14732 9541 4039 2365 2764 13753 27 15 88 2413, 0 0 0 0 0 0 0 0 0 1
1515910286.48 16402 9918 4323 1632 3442 18695 27 16 976 3687, 0 0 0 0 0 0 0 0 0 1
1515910287.49 16927 8763 3660 1326 3059 17732 27 564 1439 3641, 0 0 0 0 0 0 0 0 0 1
1515910288.5 13695 9188 5311 866 1970 14375 17 1828 2207 2769, 0 0 0 0 0 0 0 0 0 1
1515910289.54 16331 9554 4217 1709 2485 18339 23 697 715 3433, 0 0 0 0 0 0 0 0 0 1
1515910290.56 16977 9975 4637 1264 2695 17026 18 6 9 2929, 0 0 0 0 0 0 0 0 0 1
1515910291.59 18330 10737 4288 1739 2349 18268 22 3 6 3602, 0 0 0 0 0 0 0 0 0 1
1515910292.61 26278 12663 6619 2050 3317 28612 30 8 272 6062, 0 0 0 0 0 0 0 0 0 1
1515910293.63 17564 8894 5548 916 3074 18027 29 5 631 2858, 0 0 0 0 0 0 0 0 0 1
1515910294.67 16747 11681 5060 1439 2972 16660 25 9 432 2444, 0 0 0 0 0 0 0 0 0 1
1515910295.69 18485 13535 6915 1353 2830 16865 20 6 865 2180, 0 0 0 0 0 0 0 0 0 1
1515910296.7 18634 14567 7389 1275 3831 18172 25 6 730 2666, 0 0 0 0 0 0 0 0 0 1
1515910297.71 16603 12408 5417 831 3678 17357 33 8 1039 2605, 0 0 0 0 0 0 0 0 0 1
1515910298.75 18911 12362 4632 1401 3143 18534 24 5 1279 3763, 0 0 0 0 0 0 0 0 0 1
1515910299.76 18361 8375 3037 701 5025 21827 14 7 1067 2967, 0 0 0 0 0 0 0 0 0 1
1515910300.78 19741 7804 1367 1101 3107 24346 23 17 211 3981, 0 0 0 0 0 0 0 0 0 1
1515910301.83 21155 8378 732 1293 2948 22373 18 4 6 3350, 0 0 0 0 0 0 0 0 0 1
1515910302.86 21438 8868 1693 1432 3773 21552 18 4 15 2210, 0 0 0 0 0 0 0 0 0 1
1515910303.87 19260 8831 3730 1654 1450 19003 17 7 217 3256, 0 0 0 0 0 0 0 0 0 1
1515910304.89 18290 8358 2415 1506 1922 18143 19 6 302 3584, 0 0 0 0 0 0 0 0 0 1
1515910305.9 17807 9214 3435 589 2247 16613 9 12 305 2906, 0 0 0 0 0 0 0 0 0 1
1515910306.91 18502 11052 3152 875 2495 16040 25 384 395 2456, 0 0 0 0 0 0 0 0 0 1
1515910307.92 16112 13035 5962 510 2359 13969 26 262 267 1975, 0 0 0 0 0 0 0 0 0 1
1515910308.93 16413 13258 6559 949 2801 16528 21 4 12 1306, 0 0 0 0 0 0 0 0 0 1
1515910309.94 16302 12540 6202 534 2694 16160 28 4 11 503, 0 0 0 0 0 0 0 0 0 1
1515910310.95 16041 13038 5603 542 2760 15895 33 5 64 209, 0 0 0 0 0 0 0 0 0 1
1515910311.96 15985 12636 4913 523 3376 15009 33 2 381 1011, 0 0 0 0 0 0 0 0 0 1
1515910312.98 14291 12171 6267 800 2675 12916 35 28 537 2004, 0 0 0 0 0 0 0 0 0 1
1515910313.99 13090 11792 7903 948 2282 15245 29 330 983 3026, 0 0 0 0 0 0 0 0 0 1
1515910315.0 10992 10574 8380 1407 1326 13402 25 617 1523 3144, 0 0 0 0 0 0 0 0 0 1
1515910316.02 13915 13692 9353 1694 414 10089 31 867 905 2451, 0 0 0 0 0 0 0 0 0 1
1515910317.03 12642 13054 10349 1652 237 8635 37 1153 1356 2553, 0 0 0 0 0 0 0 0 0 1
1515910318.04 14757 13899 9990 2544 599 10426 21 1099 1564 3756, 0 0 0 0 0 0 0 0 0 1
1515910319.07 13674 11167 8502 1530 861 11638 29 1066 1689 3275, 0 0 0 0 0 0 0 0 0 1
1515910320.08 12910 11048 7501 1042 1308 11474 36 663 1183 2597, 0 0 0 0 0 0 0 0 0 1
1515910321.09 10807 7794 7858 844 2360 15151 31 1733 3044 3540, 0 0 0 0 0 0 0 0 0 1
1515910322.12 14857 8628 5925 1044 2437 16189 38 1574 2322 3416, 0 0 0 0 0 0 0 0 0 1
1515910323.14 22368 13159 9977 2767 2593 22585 42 2144 3809 5988, 0 0 0 0 0 0 0 0 0 1
1515910324.15 13407 8647 6142 1507 2899 19618 26 945 855 3403, 0 0 0 0 0 0 0 0 0 1
1515910325.16 12947 8744 6464 597 1392 15318 33 888 1351 2803, 0 0 0 0 0 0 0 0 0 1
1515910326.17 12837 9375 7675 1574 2468 14558 27 610 1809 3117, 0 0 0 0 0 0 0 0 0 1
1515910327.19 12827 9864 7190 1388 1643 14070 34 1747 2818 3899, 0 0 0 0 0 0 0 0 0 1
1515910328.25 12541 9975 7692 2586 1015 12989 38 1088 1813 4574, 0 0 0 0 0 0 0 0 0 1
1515910329.25 11416 9278 6596 1777 1674 14051 41 664 1318 4129, 0 0 0 0 0 0 0 0 0 1
1515910330.25 14437 10226 7153 1767 1261 14303 32 699 990 5033, 0 0 0 0 0 0 0 0 0 1
1515910331.25 15387 9086 6246 1766 971 14812 18 446 780 5100, 0 0 0 0 0 0 0 0 0 1
1515910332.26 14993 8432 5710 1590 1261 14228 34 761 879 4274, 0 0 0 0 0 0 0 0 0 1
1515910333.27 15560 7522 6402 1791 1477 14249 34 796 951 3213, 0 0 0 0 0 0 0 0 0 1
1515910334.29 14959 7522 6211 1218 1480 15102 24 796 979 4144, 0 0 0 0 0 0 0 0 0 1
1515910335.3 13283 5691 6825 1750 1747 15606 21 1088 1649 3969, 0 0 0 0 0 0 0 0 0 1
1515910336.31 14684 7167 5177 1801 2897 17381 11 853 1919 4654, 0 0 0 0 0 0 0 0 0 1
1515910337.33 15438 8774 6467 1861 2466 15906 23 810 1621 4569, 0 0 0 0 0 0 0 0 0 1
1515910338.34 14674 10653 8131 2330 2180 16603 26 1279 2401 5388, 0 0 0 0 0 0 0 0 0 1
1515910339.36 16332 12908 7727 1648 3175 15462 23 1408 2707 4851, 0 0 0 0 0 0 0 0 0 1
1515910340.37 14959 13871 7332 2080 1698 13446 28 972 1564 5308, 0 0 0 0 0 0 0 0 0 1
1515910341.39 15687 14461 8466 1975 1289 13608 30 467 1538 5242, 0 0 0 0 0 0 0 0 0 1
1515910342.42 14982 14956 7384 2294 1323 11216 26 94 759 5814, 0 0 0 0 0 0 0 0 0 1
1515910343.43 15573 13700 7619 1650 1862 13876 25 164 1492 5137, 0 0 0 0 0 0 0 0 0 1
1515910344.44 13960 11874 8056 1897 2020 12357 26 320 1975 5145, 0 0 0 0 0 0 0 0 0 1
1515910345.46 16208 12547 7242 2263 1212 14218 27 7 1062 5420, 0 0 0 0 0 0 0 0 0 1
1515910346.47 17528 13650 7697 2400 1712 12420 25 5 563 3969, 0 0 0 0 0 0 0 0 0 1
1515910347.48 16049 10396 5071 2497 1951 13298 23 5 828 3610, 0 0 0 0 0 0 0 0 0 1
1515910348.52 12686 7880 6387 2292 2184 12520 39 9 1774 3869, 0 0 0 0 0 0 0 0 0 1
1515910349.54 12370 6710 6183 1932 1608 14877 30 14 1731 4652, 0 0 0 0 0 0 0 0 0 1
1515910350.55 9202 8051 8954 2048 1233 12700 27 12 2581 5099, 0 0 0 0 0 0 0 0 0 1
1515910351.56 11820 8848 6720 2358 1945 14105 22 6 2745 6841, 0 0 0 0 0 0 0 0 0 1
1515910352.57 12454 10446 6915 2374 2849 14327 30 831 3501 7205, 0 0 0 0 0 0 0 0 0 1
1515910353.59 11348 8234 8799 2694 1182 16115 21 1403 4187 8265, 0 0 0 0 0 0 0 0 0 1
1515910354.59 12083 10212 5564 2703 1937 14305 21 1112 3267 8697, 0 0 0 0 0 0 0 0 0 1
1515910355.61 10798 6988 6484 2912 888 12567 22 774 2647 7108, 0 0 0 0 0 0 0 0 0 1
1515910356.63 9607 10747 9862 2050 1846 11428 27 276 3609 6185, 0 0 0 0 0 0 0 0 0 1
1515910357.66 8541 8416 9879 2901 2022 12347 25 821 4106 8001, 0 0 0 0 0 0 0 0 0 1
1515910358.68 14773 13437 16852 3427 2640 16124 33 420 3763 8817, 0 0 0 0 0 0 0 0 0 1
1515910359.7 14668 15288 8257 1710 2776 16108 20 13 2629 4578, 0 0 0 0 0 0 0 0 0 1
1515910360.71 13279 11405 7691 1656 2564 13973 30 10 2130 3876, 0 0 0 0 0 0 0 0 0 1
1515910361.73 14061 11402 6222 1542 3150 16101 43 7 2422 4699, 0 0 0 0 0 0 0 0 0 1
1515910362.74 12740 9460 8560 1456 2517 14771 32 15 2967 4407, 0 0 0 0 0 0 0 0 0 1
1515910363.76 13470 8959 7152 2118 2730 13658 32 11 1691 3766, 0 0 0 0 0 0 0 0 0 1
1515910364.77 15090 10728 6482 2060 1438 13292 40 9 496 2508, 0 0 0 0 0 0 0 0 0 1
1515910365.78 16391 9619 7390 2179 1445 15387 47 5 638 2329, 0 0 0 0 0 0 0 0 0 1
1515910366.8 14851 11760 6098 1986 1726 13654 36 57 1215 3780, 0 0 0 0 0 0 0 0 0 1
1515910367.81 15334 10845 7116 1852 930 13560 32 534 1234 2882, 0 0 0 0 0 0 0 0 0 1
1515910368.83 16400 13211 6763 1941 1446 14392 29 460 1522 3746, 0 0 0 0 0 0 0 0 0 1
1515910369.85 15105 10749 7853 2009 1214 13906 32 1193 2339 5358, 0 0 0 0 0 0 0 0 0 1
1515910370.86 14704 10578 6232 1361 623 12894 12 1051 2184 5444, 0 0 0 0 0 0 0 0 0 1
1515910371.88 17301 10280 6990 1926 867 13810 24 1329 2598 6432, 0 0 0 0 0 0 0 0 0 1
1515910372.89 16490 9631 7561 1754 1115 14853 25 1682 3517 6079, 0 0 0 0 0 0 0 0 0 1
1515910373.93 14247 9266 7202 1813 1288 13604 48 1726 1732 2855, 0 0 0 0 0 0 0 0 0 1
1515910374.94 11819 6267 5508 2163 1926 13754 37 2189 1965 2805, 0 0 0 0 0 0 0 0 0 1
1515910375.96 10455 6267 7009 2273 1921 15119 37 2189 2193 3613, 0 0 0 0 0 0 0 0 0 1
1515910376.97 11476 8053 8948 1865 1143 12707 51 1844 1764 2570, 0 0 0 0 0 0 0 0 0 1
1515910378.01 12589 10030 9018 2480 1141 11591 29 1844 1999 2193, 0 0 0 0 0 0 0 0 0 1
1515910379.02 10323 10840 7956 2083 2563 11495 38 1238 1718 4180, 0 0 0 0 0 0 0 0 0 1
1515910380.06 10235 10724 8090 1250 2090 12885 33 1583 1976 3577, 0 0 0 0 0 0 0 0 0 1
1515910381.07 12107 13248 7149 1333 2270 14486 28 841 1830 4092, 0 0 0 0 0 0 0 0 0 1
1515910382.07 13021 14155 6364 1428 2237 13215 29 307 1554 4760, 0 0 0 0 0 0 0 0 0 1
1515910383.11 13021 14155 6364 1428 2237 13215 29 307 1554 4760, 0 0 0 0 0 0 0 0 0 1
1515910384.11 12691 11396 5996 1138 1727 12471 31 1305 2486 4740, 0 0 0 0 0 0 0 0 0 1
1515910385.13 12691 11396 5996 1138 1727 12471 31 1305 2486 4740, 0 0 0 0 0 0 0 0 0 1
1515910386.2 14533 14642 5720 2179 1554 11963 33 30 416 5156, 0 0 0 0 0 0 0 0 0 1
1515910387.2 9587 13048 5666 1135 1556 7235 39 8 373 2753, 0 0 0 0 0 0 0 0 0 1
1515910388.2 10734 13066 5173 810 2251 10048 31 6 679 4675, 0 0 0 0 0 0 0 0 0 1
1515910389.2 11153 13939 6177 930 1754 11373 27 9 1352 4717, 0 0 0 0 0 0 0 0 0 1
1515910390.21 14062 13603 5219 992 1820 11386 31 10 1143 4908, 0 0 0 0 0 0 0 0 0 1
1515910391.23 13333 13272 5663 1361 2517 14628 19 8 336 3705, 0 0 0 0 0 0 0 0 0 1
1515910392.24 14505 12161 7245 1479 2423 16236 21 5 1531 4015, 0 0 0 0 0 0 0 0 0 1
1515910393.24 25757 19583 12027 1782 2180 19609 81 6 1685 4376, 0 0 0 0 0 0 0 0 0 1
1515910394.24 25757 19583 12897 2103 2180 19905 81 6 1565 4827, 0 0 0 0 0 0 0 0 0 1
1515910395.26 16318 12783 6261 925 2423 14833 46 10 178 2461, 0 0 0 0 0 0 0 0 0 1
1515910396.27 18997 12136 6016 600 2699 17213 43 9 18 780, 0 0 0 0 0 0 0 0 0 1
1515910397.28 20023 13314 5717 1251 2211 16781 50 285 293 1127, 0 0 0 0 0 0 0 0 0 1
1515910398.31 17878 9370 5250 2070 1890 17058 48 789 798 4099, 0 0 0 0 0 0 0 0 0 1
1515910399.32 17125 8512 4405 2056 1134 13812 28 1204 1264 4410, 0 0 0 0 0 0 0 0 0 1
1515910400.33 14012 7962 5089 2894 1314 13879 25 410 805 5142, 0 0 0 0 0 0 0 0 0 1
1515910401.35 11636 9358 9413 1964 2266 11492 35 440 1281 3370, 0 0 0 0 0 0 0 0 0 1
1515910402.36 11309 10402 9608 1590 1732 11833 31 13 1413 4039, 0 0 0 0 0 0 0 0 0 1
1515910403.37 13747 11744 10478 1871 767 11979 28 15 1071 3870, 0 0 0 0 0 0 0 0 0 1
1515910404.38 13239 10543 8356 2240 1090 10029 37 20 717 2988, 0 0 0 0 0 0 0 0 0 1
1515910405.4 15273 14426 7684 1587 1383 9689 23 12 513 2902, 0 0 0 0 0 0 0 0 0 1
1515910406.41 14647 10777 7750 2241 1013 12912 21 193 833 3738, 0 0 0 0 0 0 0 0 0 1
1515910407.42 16718 10033 8019 2756 1045 13274 28 121 853 3903, 0 0 0 0 0 0 0 0 0 1
1515910408.44 15281 8698 7744 3371 1434 13880 31 402 1842 6215, 0 0 0 0 0 0 0 0 0 1
1515910409.45 12316 7958 9778 3067 1634 13734 35 1074 2355 6501, 0 0 0 0 0 0 0 0 0 1
1515910410.46 9032 6240 10310 2614 677 10871 21 1607 2434 4732, 0 0 0 0 0 0 0 0 0 1
1515910411.48 11999 8347 8009 1275 1913 15130 22 1967 2791 4525, 0 0 0 0 0 0 0 0 0 1
1515910412.49 15316 9537 7432 1522 2020 15295 20 904 908 3337, 0 0 0 0 0 0 0 0 0 1
1515910413.5 13997 10300 8913 1465 1451 13653 23 1934 1937 1465, 0 0 0 0 0 0 0 0 0 1
1515910414.51 8376 8024 10514 1658 2283 14220 36 1994 2051 1877, 0 0 0 0 0 0 0 0 0 1
1515910415.52 11444 10178 9527 1819 2133 13498 32 970 1325 3204, 0 0 0 0 0 0 0 0 0 1
1515910416.54 11812 10530 11107 2895 1442 12981 42 1846 2319 2561, 0 0 0 0 0 0 0 0 0 1
1515910417.55 11764 11101 9380 2450 798 13627 40 1255 1863 3768, 0 0 0 0 0 0 0 0 0 1
1515910418.56 12759 10391 7639 1819 1335 15838 48 404 871 3325, 0 0 0 0 0 0 0 0 0 1
1515910419.58 16954 10362 5802 2052 1775 17847 43 7 464 4036, 0 0 0 0 0 0 0 0 0 1
1515910420.59 14842 7245 7031 2714 1546 18223 45 7 709 4505, 0 0 0 0 0 0 0 0 0 1
1515910421.61 14556 6385 7395 2582 1558 16046 39 11 621 4460, 0 0 0 0 0 0 0 0 0 1
1515910422.62 17202 8365 6192 2548 1472 14755 24 9 273 4885, 0 0 0 0 0 0 0 0 0 1
1515910423.63 14811 8519 6171 1770 1355 13087 18 7 410 4125, 0 0 0 0 0 0 0 0 0 1
1515910424.64 17698 9430 6539 2063 2182 13887 47 6 423 3063, 0 0 0 0 0 0 0 0 0 1
1515910425.65 17121 8148 5867 1883 1068 12715 43 7 424 2680, 0 0 0 0 0 0 0 0 0 1
1515910426.66 19134 8415 4300 1803 1148 12789 34 14 444 3360, 0 0 0 0 0 0 0 0 0 1
1515910427.67 16974 9391 6689 1528 1860 13897 40 870 1380 2123, 0 0 0 0 0 0 0 0 0 1
1515910428.68 14543 6130 5172 826 2536 16231 59 246 990 2217, 0 0 0 0 0 0 0 0 0 1
1515910429.7 17536 7783 4887 748 3462 20899 49 15 872 2343, 0 0 0 0 0 0 0 0 0 1
1515910430.74 13401 7309 4946 718 2324 18289 43 9 408 2687, 0 0 0 0 0 0 0 0 0 1
1515910431.75 14992 10130 5278 1627 2329 16780 34 4 29 2848, 0 0 0 0 0 0 0 0 0 1
1515910432.78 15715 9571 4982 1486 2463 18589 41 3 144 3608, 0 0 0 0 0 0 0 0 0 1
1515910433.8 17836 11148 10614 2913 2839 19500 52 6 954 3536, 0 0 0 0 0 0 0 0 0 1
1515910434.81 14953 13859 7221 1512 4133 18842 40 15 945 2571, 0 0 0 0 0 0 0 0 0 1
1515910435.82 13919 10276 8356 1778 2492 14720 32 9 692 3208, 0 0 0 0 0 0 0 0 0 1
1515910436.84 15034 11175 6302 1513 3675 18280 32 5 1241 4912, 0 0 0 0 0 0 0 0 0 1
1515910437.86 15612 11987 6625 1802 2617 16662 23 6 1129 5799, 0 0 0 0 0 0 0 0 0 1
1515910438.89 17453 13778 5803 2198 2251 16645 22 10 743 5424, 0 0 0 0 0 0 0 0 0 1
1515910439.92 14166 11249 5925 1748 1814 14966 19 15 382 4773, 0 0 0 0 0 0 0 0 0 1
1515910440.93 15544 9647 6541 1329 2489 15475 29 9 174 3617, 0 0 0 0 0 0 0 0 0 1
1515910441.95 16878 9664 6974 2578 3215 19984 21 10 321 4132, 0 0 0 0 0 0 0 0 0 1
1515910442.97 14372 8693 8366 2516 2884 17724 36 5 415 3627, 0 0 0 0 0 0 0 0 0 1
1515910443.98 15301 10122 7812 2091 2833 16941 25 14 634 4472, 0 0 0 0 0 0 0 0 0 1
1515910445.01 12853 10901 8552 1885 2671 14408 26 6 259 3599, 0 0 0 0 0 0 0 0 0 1
1515910446.02 13998 10117 8769 1611 1745 16787 25 2 190 3740, 0 0 0 0 0 0 0 0 0 1
1515910447.04 11545 11673 9638 1335 2398 15342 26 2 390 3264, 0 0 0 0 0 0 0 0 0 1
1515910448.06 12648 10030 7634 1787 3029 15816 39 7 343 2023, 0 0 0 0 0 0 0 0 0 1
1515910449.08 13419 8375 7915 1625 3204 16009 35 6 784 1915, 0 0 0 0 0 0 0 0 0 1
1515910450.09 12278 8968 7003 1882 2328 13216 35 256 264 1890, 0 0 0 0 0 0 0 0 0 1
1515910451.11 10988 9696 8553 1726 2097 12797 36 347 356 1648, 0 0 0 0 0 0 0 0 0 1
1515910452.12 12274 8533 10141 1596 1963 12011 32 767 768 1215, 0 0 0 0 0 0 0 0 0 1
1515910453.14 11793 13267 8814 761 2096 13413 48 870 878 589, 0 0 0 0 0 0 0 0 0 1
1515910454.15 10188 10497 12453 2102 3341 12237 41 995 1005 868, 0 0 0 0 0 0 0 0 0 1
1515910455.17 11050 12021 8872 767 2455 12600 30 1044 1152 308, 0 0 0 0 0 0 0 0 0 1
1515910456.18 10157 8971 8382 556 2465 12856 26 352 668 529, 0 0 0 0 0 0 0 0 0 1
1515910457.19 11467 10118 9205 709 2958 11725 26 1492 2640 2278, 0 0 0 0 0 0 0 0 0 1
1515910458.2 12456 9103 8082 523 2957 12807 35 2284 3419 2171, 0 0 0 0 0 0 0 0 0 1
1515910459.21 16840 11678 5355 66 3205 15590 30 1519 2280 879, 0 0 0 0 0 0 0 0 0 1
1515910460.22 16096 10465 4711 142 3556 13060 38 1400 2321 1233, 0 0 0 0 0 0 0 0 0 1
1515910461.23 15344 10144 3810 833 2242 12700 38 633 667 931, 0 0 0 0 0 0 0 0 0 1
1515910462.25 18284 12143 6064 1936 2286 14004 40 907 1339 1479, 0 0 0 0 0 0 0 0 0 1
1515910463.27 19043 12463 4691 1619 3340 16136 49 407 1001 2766, 0 0 0 0 0 0 0 0 0 1
1515910464.29 17834 10123 5255 1315 2815 16516 46 1323 2272 3201, 0 0 0 0 0 0 0 0 0 1
1515910465.33 27050 14494 6321 2663 4502 24148 56 1325 2822 6596, 0 0 0 0 0 0 0 0 0 1
1515910466.35 12863 9292 6238 1453 2114 14965 36 114 1878 5697, 0 0 0 0 0 0 0 0 0 1
1515910467.41 14098 11945 4409 1112 3059 14602 38 150 1006 4614, 0 0 0 0 0 0 0 0 0 1
1515910468.42 14074 12979 3199 1874 1927 13775 44 11 38 4998, 0 0 0 0 0 0 0 0 0 1
1515910469.45 18015 14187 1645 1008 2634 14761 30 4 15 5100, 0 0 0 0 0 0 0 0 0 1
1515910470.47 14411 9610 1306 1433 1678 15421 29 10 25 5625, 0 0 0 0 0 0 0 0 0 1
1515910471.49 10964 9354 3120 2811 1582 13369 54 11 27 5782, 0 0 0 0 0 0 0 0 0 1
1515910472.51 13143 8864 4269 3078 2624 15797 25 10 84 5141, 0 0 0 0 0 0 0 0 0 1
1515910473.53 11798 9266 5631 2597 2107 16116 20 7 332 5533, 0 0 0 0 0 0 0 0 0 1
1515910474.55 12394 9593 3941 1700 2634 18153 17 8 1156 7753, 0 0 0 0 0 0 0 0 0 1
1515910475.58 14723 9567 2522 1068 1908 19479 24 15 962 6424, 0 0 0 0 0 0 0 0 0 1
1515910476.6 15597 10952 3717 1216 2886 18796 23 7 1796 8115, 0 0 0 0 0 0 0 0 0 1
1515910477.61 17115 9780 5150 1677 2266 18550 16 11 2333 7744, 0 0 0 0 0 0 0 0 0 1
1515910478.62 17064 10991 5639 1147 3064 20437 19 8 2953 8520, 0 0 0 0 0 0 0 0 0 1
1515910479.64 16298 8520 4641 2185 2442 18734 18 17 3388 10188, 0 0 0 0 0 0 0 0 0 1
1515910480.65 14578 7418 4180 3010 4061 16485 18 11 5917 12347, 0 0 0 0 0 0 0 0 0 1
1515910481.67 14714 7418 1100 304 4061 10128 28 281 667 715, 0 0 0 0 0 0 0 0 0 1
1515910482.67 14714 7418 1100 304 4061 10041 30 281 667 412, 0 0 0 0 0 0 0 0 0 1
1515910483.68 14714 7418 1100 304 4061 10041 30 281 667 412, 0 0 0 0 0 0 0 0 0 1
1515910484.68 14714 7418 1100 304 4061 10041 30 281 667 412, 0 0 0 0 0 0 0 0 0 1
1515910485.69 14714 7418 1100 304 4061 10041 30 281 667 412, 0 0 0 0 0 0 0 0 0 1
1515910486.7 14714 7418 1100 304 4061 10041 30 281 667 412, 0 0 0 0 0 0 0 0 0 1
1515910487.71 14714 7418 1100 304 4061 10041 30 281 667 412, 0 0 0 0 0 0 0 0 0 1
1515910488.71 14714 7418 1100 304 4061 10041 30 281 667 412, 0 0 0 0 0 0 0 0 0 1
