1513880687.59 29779 18978 26682 31902 31706 37348 1627 1619 2 12, 0 0 0 1 0 0 0 0 0 0
1513880688.59 23159 19348 25706 28938 29021 28936 204 188 0 20, 0 0 0 1 0 0 0 0 0 0
1513880689.59 23166 17917 24224 26471 27247 28938 454 425 2 34, 0 0 0 1 0 0 0 0 0 0
1513880690.59 22114 21060 26248 29213 30251 28162 226 196 2 32, 0 0 0 1 0 0 0 0 0 0
1513880691.59 22334 21184 30314 30847 28334 30894 946 930 3 21, 0 0 0 1 0 0 0 0 0 0
1513880692.59 20066 25384 31175 30038 27368 25181 76 65 1 13, 0 0 0 1 0 0 0 0 0 0
1513880693.6 21547 26672 33819 30093 28691 26403 717 698 2 21, 0 0 0 1 0 0 0 0 0 0
1513880694.6 20058 23355 31007 30691 30765 26903 1182 1146 1 38, 0 0 0 1 0 0 0 0 0 0
1513880695.6 20635 24137 31364 32137 30504 25777 1049 1039 2 14, 0 0 0 1 0 0 0 0 0 0
1513880696.6 23008 23844 30651 31706 27983 28100 649 630 3 20, 0 0 0 1 0 0 0 0 0 0
1513880697.6 24854 22553 28746 29167 27461 31071 1425 1414 3 12, 0 0 0 1 0 0 0 0 0 0
1513880698.6 27653 21403 27994 29495 27531 34373 3224 3211 1 14, 0 0 0 1 0 0 0 0 0 0
1513880699.6 29962 20363 27603 30649 29822 38472 2679 2663 3 19, 0 0 0 1 0 0 0 0 0 0
1513880700.6 24072 18302 23186 28782 27666 29454 2379 2361 2 20, 0 0 0 1 0 0 0 0 0 0
1513880701.61 22398 15935 20918 24327 20015 26541 1119 1084 3 39, 0 0 0 1 0 0 0 0 0 0
1513880702.61 24159 20292 27260 30382 26059 29472 2386 2348 1 42, 0 0 0 1 0 0 0 0 0 0
1513880703.61 23347 19121 25821 28725 28740 29819 1977 1942 6 42, 0 0 0 1 0 0 0 0 0 0
1513880704.61 23868 20146 26673 29940 28131 28323 1864 1828 4 40, 0 0 0 1 0 0 0 0 0 0
1513880705.61 23776 20082 24792 28998 26861 28376 2008 1979 2 34, 0 0 0 1 0 0 0 0 0 0
1513880706.61 21307 22291 27882 30617 28144 27099 1357 1323 3 36, 0 0 0 1 0 0 0 0 0 0
1513880707.61 22725 20675 27808 31203 30190 28573 939 913 2 28, 0 0 0 1 0 0 0 0 0 0
1513880708.62 20344 22119 29588 32174 31503 27413 792 769 1 24, 0 0 0 1 0 0 0 0 0 0
1513880709.62 17152 15976 24923 29159 26752 24232 814 795 2 24, 0 0 0 1 0 0 0 0 0 0
1513880710.62 21271 15889 23001 27030 28386 29255 1123 1092 4 36, 0 0 0 1 0 0 0 0 0 0
1513880711.62 21003 15919 19705 26046 25653 26744 390 347 2 45, 0 0 0 1 0 0 0 0 0 0
1513880712.63 23205 20809 25322 28406 29056 27864 605 570 0 36, 0 0 0 1 0 0 0 0 0 0
1513880713.63 20864 21299 26653 30459 28092 26660 638 622 0 20, 0 0 0 1 0 0 0 0 0 0
1513880714.63 23915 22370 26782 29048 27275 28428 858 820 0 42, 0 0 0 1 0 0 0 0 0 0
1513880715.63 25873 22267 27158 30759 27058 30173 842 775 7 72, 0 0 0 1 0 0 0 0 0 0
1513880716.63 24277 19111 24724 30456 26864 26648 465 414 1 54, 0 0 0 1 0 0 0 0 0 0
1513880717.63 26797 19704 24308 30014 26666 28511 256 231 0 33, 0 0 0 1 0 0 0 0 0 0
1513880718.63 24191 16592 22013 26465 24781 29203 402 380 6 32, 0 0 0 1 0 0 0 0 0 0
1513880719.63 24015 19302 25468 27181 26973 30031 312 284 3 36, 0 0 0 1 0 0 0 0 0 0
1513880720.64 21322 16956 24297 27790 28362 29980 89 63 4 33, 0 0 0 1 0 0 0 0 0 0
1513880721.64 18360 15330 23098 23575 22918 26444 96 59 4 41, 0 0 0 1 0 0 0 0 0 0
1513880722.64 22251 19794 26972 26036 25873 30297 83 55 4 31, 0 0 0 1 0 0 0 0 0 0
1513880723.64 20745 21439 28715 29492 26705 29750 73 49 4 29, 0 0 0 1 0 0 0 0 0 0
1513880724.64 18680 22093 29678 29984 28475 26823 96 65 0 35, 0 0 0 1 0 0 0 0 0 0
1513880725.87 19591 22043 29592 28713 28074 28759 91 61 5 36, 0 0 0 1 0 0 0 0 0 0
1513880726.87 10729 11452 15010 13810 13037 14546 40 26 2 16, 0 0 0 1 0 0 0 0 0 0
1513880727.88 12814 13833 18897 16398 15810 17400 75 52 1 25, 0 0 0 1 0 0 0 0 0 0
1513880728.88 17676 21048 28623 26442 23340 23572 71 44 1 32, 0 0 0 1 0 0 0 0 0 0
1513880729.88 20361 21566 27375 26621 24818 25426 59 36 2 28, 0 0 0 1 0 0 0 0 0 0
1513880730.88 19128 20723 26350 29973 28224 26287 211 176 1 42, 0 0 0 1 0 0 0 0 0 0
1513880731.88 15400 15469 23086 26529 22617 24768 91 50 3 44, 0 0 0 1 0 0 0 0 0 0
1513880732.88 18663 17878 24238 28754 27390 26106 98 75 5 35, 0 0 0 1 0 0 0 0 0 0
1513880733.88 18437 17852 25747 32286 29964 26648 117 91 5 39, 0 0 0 1 0 0 0 0 0 0
1513880734.88 20779 16405 23358 29252 29338 29812 210 172 6 45, 0 0 0 1 0 0 0 0 0 0
1513880735.89 21004 18922 23199 29580 30382 30371 106 64 4 49, 0 0 0 1 0 0 0 0 0 0
1513880736.89 21492 17715 23889 30462 30012 28562 66 46 1 25, 0 0 0 1 0 0 0 0 0 0
1513880737.89 20758 15972 22995 31944 30440 29473 73 45 2 30, 0 0 0 1 0 0 0 0 0 0
1513880738.89 20291 16770 23736 29499 27451 28504 66 42 2 37, 0 0 0 1 0 0 0 0 0 0
1513880739.89 21280 18176 23213 28356 28206 28639 112 74 2 46, 0 0 0 1 0 0 0 0 0 0
1513880740.89 21102 18530 23566 28614 25897 25234 128 76 2 59, 0 0 0 1 0 0 0 0 0 0
1513880741.89 21439 18672 23018 28493 26670 25040 92 57 1 43, 0 0 0 1 0 0 0 0 0 0
1513880742.9 22874 15978 20477 24691 25747 26699 99 70 3 33, 0 0 0 1 0 0 0 0 0 0
1513880743.9 20738 16106 20960 23228 24206 26221 108 77 2 40, 0 0 0 1 0 0 0 0 0 0
1513880744.9 18052 14375 20892 24294 25056 24966 125 100 6 38, 0 0 0 1 0 0 0 0 0 0
1513880745.9 13506 12614 23276 27434 28839 22556 101 65 4 45, 0 0 0 1 0 0 0 0 0 0
1513880746.9 9583 10165 21411 27885 28323 19555 118 79 7 48, 0 0 0 1 0 0 0 0 0 0
1513880747.9 12796 11291 22421 28424 28118 23120 117 90 13 41, 0 0 0 1 0 0 0 0 0 0
1513880748.9 12977 12709 23964 31344 29781 23202 90 73 4 26, 0 0 0 1 0 0 0 0 0 0
1513880749.9 9267 11573 25039 29798 28307 20188 119 81 6 44, 0 0 0 1 0 0 0 0 0 0
1513880750.9 11838 14787 23702 29269 26075 18880 108 74 4 40, 0 0 0 1 0 0 0 0 0 0
1513880751.91 14803 17985 22917 26495 26565 19829 154 78 4 87, 0 0 0 1 0 0 0 0 0 0
1513880752.91 11828 18572 25642 28219 22659 14611 110 65 1 59, 0 0 0 1 0 0 0 0 0 0
1513880753.91 11434 18419 31506 33928 23013 18034 199 115 6 76, 0 0 0 1 0 0 0 0 0 0
1513880754.91 12212 17808 24855 30364 24054 18924 104 54 2 52, 0 0 0 1 0 0 0 0 0 0
1513880755.91 14787 23793 28084 32704 30084 20665 91 46 1 46, 0 0 0 1 0 0 0 0 0 0
1513880756.91 14003 17548 24002 25611 24158 21900 92 47 2 47, 0 0 0 1 0 0 0 0 0 0
1513880757.91 15742 18653 21057 24639 25914 24529 105 61 3 49, 0 0 0 1 0 0 0 0 0 0
1513880758.91 16708 19758 24686 27852 27996 25504 96 52 2 50, 0 0 0 1 0 0 0 0 0 0
1513880759.92 13938 16994 19894 24823 24346 20404 123 78 4 56, 0 0 0 1 0 0 0 0 0 0
1513880760.92 11717 12162 12467 17192 17727 18203 1131 998 18 153, 0 0 0 1 0 0 0 0 0 0
1513880761.92 18085 12792 8373 8566 16496 24960 2743 2024 688 731, 0 0 0 1 0 0 0 0 0 0
1513880762.92 23195 15961 9266 9444 21987 30073 3876 1 3853 3886, 0 0 0 1 0 0 0 0 0 0
1513880763.92 23988 15243 9412 10634 22229 30374 3864 0 3841 3866, 0 0 0 1 0 0 0 0 0 0
1513880764.92 22567 14122 8483 8275 21099 29753 5560 1 5535 5564, 0 0 0 1 0 0 0 0 0 0
1513880765.92 21549 14501 6974 6861 22156 28364 4400 0 4397 4406, 0 0 0 1 0 0 0 0 0 0
1513880766.92 20450 12704 8352 6253 19695 29640 4745 0 4736 4752, 0 0 0 1 0 0 0 0 0 0
1513880767.92 21730 16795 11584 9706 21950 28695 5137 0 5126 5142, 0 0 0 1 0 0 0 0 0 0
1513880768.93 25934 14747 11287 10142 24112 31812 4072 0 4055 4074, 0 0 0 1 0 0 0 0 0 0
1513880769.93 29696 16043 10599 7946 18453 32019 2905 0 2900 2911, 0 0 0 1 0 0 0 0 0 0
1513880770.93 29861 13727 6675 3584 14007 31997 3339 12 3331 3345, 0 0 0 1 0 0 0 0 0 0
1513880771.93 29417 11363 3470 1783 12864 30420 3531 0 3523 3533, 0 0 0 1 0 0 0 0 0 0
1513880772.93 24217 9952 3178 1453 13112 27441 3676 0 3663 3677, 0 0 0 1 0 0 0 0 0 0
1513880773.93 26933 13438 5216 1632 14012 31354 3047 0 3020 3052, 0 0 0 1 0 0 0 0 0 0
1513880774.93 25283 18092 8353 1480 15523 28671 4474 0 4453 4484, 0 0 0 1 0 0 0 0 0 0
1513880775.93 25048 15641 6423 2376 14450 28259 2381 686 2517 2577, 0 0 0 1 0 0 0 0 0 0
1513880776.93 21248 15847 4097 2576 14463 21837 288 255 406 428, 0 0 0 1 0 0 0 0 0 0
1513880777.93 20892 16247 2875 2256 13420 24462 157 122 298 323, 0 0 0 1 0 0 0 0 0 0
1513880778.93 23194 15708 2265 948 12785 25296 151 121 151 175, 0 0 0 1 0 0 0 0 0 0
1513880779.94 20664 14654 2306 680 8983 21208 66 45 24 41, 0 0 0 1 0 0 0 0 0 0
1513880780.94 17509 12599 2624 225 5656 16001 390 365 34 49, 0 0 0 1 0 0 0 0 0 0
1513880781.94 16674 9520 1365 1353 6432 16021 89 60 7 33, 0 0 0 1 0 0 0 0 0 0
1513880782.94 16626 9075 629 542 7574 14747 67 42 10 28, 0 0 0 1 0 0 0 0 0 0
1513880783.94 15209 7486 1251 1350 7633 14102 66 37 0 32, 0 0 0 1 0 0 0 0 0 0
1513880784.94 10260 4031 462 636 5224 10595 421 404 6 25, 0 0 0 1 0 0 0 0 0 0
1513880785.94 8068 3739 134 154 2308 6310 72 54 5 27, 0 0 0 1 0 0 0 0 0 0
1513880786.94 6901 3464 241 502 1022 3756 167 130 3 48, 0 0 0 1 0 0 0 0 0 0
1513880787.94 5565 2575 104 229 280 2602 102 51 0 56, 0 0 0 1 0 0 0 0 0 0
1513880788.94 3971 1733 375 758 655 1904 100 56 11 53, 0 0 0 1 0 0 0 0 0 0
1513880789.94 4679 1532 305 744 904 2528 234 193 1 47, 0 0 0 1 0 0 0 0 0 0
1513880790.94 2017 649 245 221 201 1342 282 240 3 50, 0 0 0 1 0 0 0 0 0 0
1513880791.94 214 56 94 201 229 387 106 52 3 60, 0 0 0 1 0 0 0 0 0 0
1513880792.94 626 159 235 491 668 1062 98 50 6 58, 0 0 0 1 0 0 0 0 0 0
1513880793.95 4223 1250 217 1567 7829 9730 101 58 7 52, 0 0 0 1 0 0 0 0 0 0
1513880794.95 4787 1686 270 1786 7150 9594 77 45 4 43, 0 0 0 1 0 0 0 0 0 0
1513880795.95 5649 2929 4252 8130 11719 11890 89 68 9 38, 0 0 0 1 0 0 0 0 0 0
1513880796.95 7232 3534 7070 15084 18040 16994 246 207 2 43, 0 0 0 1 0 0 0 0 0 0
1513880797.95 6732 5233 11487 17950 17801 17551 200 178 4 28, 0 0 0 1 0 0 0 0 0 0
1513880798.95 8164 11496 21353 25274 19623 17443 226 199 5 32, 0 0 0 1 0 0 0 0 0 0
1513880799.95 8514 16210 25382 26108 18182 15343 334 307 1 32, 0 0 0 1 0 0 0 0 0 0
1513880800.95 7611 13289 25271 24888 14826 14991 224 187 4 44, 0 0 0 1 0 0 0 0 0 0
1513880801.95 11162 17298 24403 23839 17640 15616 138 111 6 38, 0 0 0 1 0 0 0 0 0 0
1513880802.95 10616 16744 24152 21807 14335 14809 77 30 3 56, 0 0 0 1 0 0 0 0 0 0
1513880803.95 9013 14656 20866 13357 11598 12140 79 42 3 41, 0 0 0 1 0 0 0 0 0 0
1513880804.96 9065 14682 19442 12403 7850 8900 81 40 10 49, 0 0 0 1 0 0 0 0 0 0
1513880805.96 8503 14780 20710 12371 6135 7546 86 33 3 60, 0 0 0 1 0 0 0 0 0 0
1513880806.96 10056 14030 14429 10457 7518 9603 91 53 6 45, 0 0 0 1 0 0 0 0 0 0
1513880807.96 8792 9469 7984 7041 5844 8059 88 46 7 56, 0 0 0 1 0 0 0 0 0 0
1513880808.96 7676 5594 3623 2717 3211 6700 274 228 8 57, 0 0 0 1 0 0 0 0 0 0
1513880809.96 1599 1399 733 522 1754 2725 105 72 10 41, 0 0 0 1 0 0 0 0 0 0
1513880810.96 172 80 106 276 785 882 63 36 3 38, 0 0 0 1 0 0 0 0 0 0
1513880811.96 539 122 399 753 793 923 84 40 5 52, 0 0 0 1 0 0 0 0 0 0
1513880812.96 156 96 154 277 217 304 78 22 5 61, 0 0 0 1 0 0 0 0 0 0
1513880813.96 298 1871 4557 3296 906 442 103 33 3 79, 0 0 0 1 0 0 0 0 0 0
1513880814.96 183 2432 7427 4055 1128 392 89 33 3 65, 0 0 0 1 0 0 0 0 0 0
1513880815.96 187 2254 8001 4921 1331 376 103 35 6 75, 0 0 0 1 0 0 0 0 0 0
1513880816.96 1707 4968 10208 8350 3498 1990 111 46 5 72, 0 0 0 1 0 0 0 0 0 0
1513880817.97 4161 9715 14175 11171 6929 4745 108 42 1 71, 0 0 0 1 0 0 0 0 0 0
1513880818.97 9580 10182 13575 11446 8687 11502 107 53 3 66, 0 0 0 1 0 0 0 0 0 0
1513880819.97 10662 9140 12434 9553 8336 16174 73 29 4 53, 0 0 0 1 0 0 0 0 0 0
1513880820.97 12496 10899 14198 10199 8666 18445 78 40 5 43, 0 0 0 1 0 0 0 0 0 0
1513880821.97 13179 13210 15744 12612 11566 19840 76 42 2 44, 0 0 0 1 0 0 0 0 0 0
1513880822.97 17504 15285 16009 13195 13214 20792 134 104 6 42, 0 0 0 1 0 0 0 0 0 0
1513880823.98 21034 14026 14492 12977 13056 24164 72 46 6 38, 0 0 0 1 0 0 0 0 0 0
1513880824.98 22839 14961 15389 12826 15054 28280 198 171 2 33, 0 0 0 1 0 0 0 0 0 0
1513880825.98 20781 14309 13854 11080 13070 24437 66 43 7 32, 0 0 0 1 0 0 0 0 0 0
1513880826.98 22371 13750 14051 10647 12287 23653 65 38 3 36, 0 0 0 1 0 0 0 0 0 0
1513880827.98 18224 12611 12740 12025 13270 20524 45 21 5 30, 0 0 0 1 0 0 0 0 0 0
1513880828.98 16876 10021 8796 12608 14245 17427 81 56 5 29, 0 0 0 1 0 0 0 0 0 0
1513880829.98 12300 5435 6669 12078 10843 12444 169 134 7 38, 0 0 0 1 0 0 0 0 0 0
1513880830.98 13993 8513 6557 6832 3607 9037 73 33 6 44, 0 0 0 1 0 0 0 0 0 0
1513880831.98 10226 11417 10679 6735 1955 5295 76 35 4 47, 0 0 0 1 0 0 0 0 0 0
1513880832.98 9762 10861 10362 7647 8258 9842 97 57 7 50, 0 0 0 1 0 0 0 0 0 0
1513880833.99 13750 14421 11258 6109 9340 14829 47 27 1 28, 0 0 0 1 0 0 0 0 0 0
1513880834.99 11389 14927 14839 12064 12479 12945 55 27 3 33, 0 0 0 1 0 0 0 0 0 0
1513880835.99 9976 13953 16061 11324 9690 12765 230 206 3 30, 0 0 0 1 0 0 0 0 0 0
1513880836.99 9315 16489 19874 20122 16549 13570 89 68 11 30, 0 0 0 1 0 0 0 0 0 0
1513880837.99 9700 16275 25104 27421 17516 13131 46 34 3 21, 0 0 0 1 0 0 0 0 0 0
1513880838.99 9161 19919 31586 28847 16278 11703 43 24 3 28, 0 0 0 1 0 0 0 0 0 0
1513880839.99 8996 17916 27718 27534 11900 9322 65 35 5 37, 0 0 0 1 0 0 0 0 0 0
1513880840.99 7950 19245 26777 23732 11204 8580 69 30 2 43, 0 0 0 1 0 0 0 0 0 0
1513880842.0 7829 17982 25838 24394 11319 8417 89 47 1 49, 0 0 0 1 0 0 0 0 0 0
1513880843.0 10812 16200 19553 18709 12313 13910 72 40 2 41, 0 0 0 1 0 0 0 0 0 0
1513880844.0 15067 16243 17646 18173 16330 18968 52 25 3 31, 0 0 0 1 0 0 0 0 0 0
1513880845.0 14886 17889 21526 18626 14751 18949 55 27 7 34, 0 0 0 1 0 0 0 0 0 0
1513880846.0 16325 18680 18799 17563 16519 20219 43 20 1 29, 0 0 0 1 0 0 0 0 0 0
1513880847.0 17099 13473 11579 15343 16883 20760 53 31 2 28, 0 0 0 1 0 0 0 0 0 0
1513880848.0 15184 9225 5428 10744 15195 16120 52 29 2 28, 0 0 0 1 0 0 0 0 0 0
1513880849.0 12125 9007 10338 19441 17549 17757 83 31 3 56, 0 0 0 1 0 0 0 0 0 0
1513880850.0 13371 7942 12222 25300 23341 23432 65 17 1 53, 0 0 0 1 0 0 0 0 0 0
1513880851.0 10120 7443 13732 26810 22013 21043 73 20 4 56, 0 0 0 1 0 0 0 0 0 0
1513880852.0 10958 6478 13864 26234 22481 20617 45 15 3 37, 0 0 0 1 0 0 0 0 0 0
1513880853.01 12089 5769 12020 27228 22110 22026 62 30 2 35, 0 0 0 1 0 0 0 0 0 0
1513880854.01 13464 7493 12363 27314 25588 24322 63 33 5 36, 0 0 0 1 0 0 0 0 0 0
1513880855.01 13352 8301 13074 26483 27022 22644 70 32 4 45, 0 0 0 1 0 0 0 0 0 0
1513880856.01 8873 4818 11401 27491 24829 18358 78 36 4 47, 0 0 0 1 0 0 0 0 0 0
1513880857.01 6209 2617 9491 27051 22236 16650 70 18 0 55, 0 0 0 1 0 0 0 0 0 0
1513880858.01 4210 2505 9445 25889 21536 14773 75 19 3 60, 0 0 0 1 0 0 0 0 0 0
1513880859.01 3874 3248 11416 23876 21152 14601 58 22 5 43, 0 0 0 1 0 0 0 0 0 0
1513880860.01 2248 2694 11004 23623 19792 11090 62 28 3 38, 0 0 0 1 0 0 0 0 0 0
1513880861.01 1817 4444 14145 26619 18271 8197 78 47 6 38, 0 0 0 1 0 0 0 0 0 0
1513880862.01 1231 8656 24265 34365 17704 6539 84 38 3 49, 0 0 0 1 0 0 0 0 0 0
1513880863.01 1026 7272 26118 35010 16408 5488 81 27 2 60, 0 0 0 1 0 0 0 0 0 0
1513880864.01 1401 7695 26441 32951 16795 5399 85 28 4 58, 0 0 0 1 0 0 0 0 0 0
1513880865.01 5166 10357 26398 31709 15276 6557 88 36 1 58, 0 0 0 1 0 0 0 0 0 0
1513880866.01 3895 10772 26786 29509 15735 6425 88 33 3 57, 0 0 0 1 0 0 0 0 0 0
1513880867.02 3046 10608 25699 27707 11304 4581 98 40 1 64, 0 0 0 1 0 0 0 0 0 0
1513880868.02 4282 11772 25709 29410 13723 6478 153 37 3 119, 0 0 0 1 0 0 0 0 0 0
1513880869.02 3595 11151 21023 28707 11889 5751 88 29 2 61, 0 0 0 1 0 0 0 0 0 0
1513880870.02 2829 12748 19257 28704 14427 6545 160 42 6 125, 0 0 0 1 0 0 0 0 0 0
1513880871.02 4402 11587 20180 28512 17978 7576 143 49 4 101, 0 0 0 1 0 0 0 0 0 0
1513880872.02 5488 13000 19944 30813 17407 8238 110 34 5 81, 0 0 0 1 0 0 0 0 0 0
1513880873.02 6965 17171 24091 30957 16533 9205 138 84 2 57, 0 0 0 1 0 0 0 0 0 0
1513880874.02 6201 16762 24360 29492 13534 7472 83 30 2 55, 0 0 0 1 0 0 0 0 0 0
1513880875.02 8764 20568 25398 28254 16555 8226 85 30 2 63, 0 0 0 1 0 0 0 0 0 0
1513880876.02 10067 23494 26372 27664 15195 10389 79 22 3 63, 0 0 0 1 0 0 0 0 0 0
1513880877.02 7528 20087 25352 25251 11812 7270 80 28 3 58, 0 0 0 1 0 0 0 0 0 0
1513880878.03 6104 19159 24463 25013 13083 7379 102 54 3 49, 0 0 0 1 0 0 0 0 0 0
1513880879.03 8707 22186 25676 24318 13786 9053 71 21 3 55, 0 0 0 1 0 0 0 0 0 0
1513880880.03 10264 17256 19099 19833 16076 11772 78 21 0 60, 0 0 0 1 0 0 0 0 0 0
1513880881.03 8807 14375 17145 16532 13483 9472 65 23 4 47, 0 0 0 1 0 0 0 0 0 0
1513880882.03 6854 12799 13673 12461 9847 6023 88 35 4 55, 0 0 0 1 0 0 0 0 0 0
1513880883.03 4244 11597 14066 11367 6917 2792 75 28 6 52, 0 0 0 1 0 0 0 0 0 0
1513880884.03 2206 5831 8631 8240 5701 2757 75 29 6 52, 0 0 0 1 0 0 0 0 0 0
1513880885.03 1815 3377 5001 5672 4861 2781 61 35 9 38, 0 0 0 1 0 0 0 0 0 0
1513880886.03 1685 2227 3621 4788 4034 2483 86 46 9 51, 0 0 0 1 0 0 0 0 0 0
1513880887.03 1142 2208 4752 5897 2723 899 64 32 6 42, 0 0 0 1 0 0 0 0 0 0
1513880888.03 1090 2610 2993 2080 844 436 98 33 6 74, 0 0 0 1 0 0 0 0 0 0
1513880889.03 1017 2935 3452 2102 968 441 116 41 9 80, 0 0 0 1 0 0 0 0 0 0
1513880890.03 253 3948 11930 9582 2625 433 123 34 3 97, 0 0 0 1 0 0 0 0 0 0
1513880891.03 433 3080 9858 9372 2547 447 121 44 5 91, 0 0 0 1 0 0 0 0 0 0
1513880892.04 8231 7330 12166 11202 7557 9865 156 58 6 109, 0 0 0 1 0 0 0 0 0 0
1513880893.04 8398 7069 14207 14097 10494 14556 153 48 10 110, 0 0 0 1 0 0 0 0 0 0
1513880894.04 12038 13088 19698 20658 16720 19526 521 425 2 105, 0 0 0 1 0 0 0 0 0 0
1513880895.04 13127 13179 20056 21878 19407 22596 338 265 4 75, 0 0 0 1 0 0 0 0 0 0
1513880896.04 11049 12087 22434 21765 16105 20047 123 64 3 61, 0 0 0 1 0 0 0 0 0 0
1513880897.04 10129 12230 24561 26709 18860 17269 79 35 3 49, 0 0 0 1 0 0 0 0 0 0
1513880898.04 7334 11784 25058 25630 14530 14596 84 37 1 50, 0 0 0 1 0 0 0 0 0 0
1513880899.05 7377 11440 25366 24404 13969 13621 74 22 3 56, 0 0 0 1 0 0 0 0 0 0
1513880900.05 8354 9088 22480 22242 14503 15125 73 28 4 51, 0 0 0 1 0 0 0 0 0 0
1513880901.05 8311 6464 17106 20317 12475 14045 73 40 7 37, 0 0 0 1 0 0 0 0 0 0
1513880902.05 9039 6768 16803 20019 9255 12978 77 28 2 53, 0 0 0 1 0 0 0 0 0 0
1513880903.05 11106 6418 12413 15870 10920 17732 77 17 2 64, 0 0 0 1 0 0 0 0 0 0
1513880904.05 13399 5100 5657 8002 10883 23595 74 24 1 51, 0 0 0 1 0 0 0 0 0 0
1513880905.05 13020 5728 5188 9879 13141 22884 74 25 0 51, 0 0 0 1 0 0 0 0 0 0
1513880906.05 10388 5125 5327 5884 9240 21070 68 26 1 46, 0 0 0 1 0 0 0 0 0 0
1513880907.05 7380 4452 4807 6904 10243 12036 59 19 7 43, 0 0 0 1 0 0 0 0 0 0
1513880908.05 5562 4416 3459 5751 8294 7633 62 31 5 34, 0 0 0 1 0 0 0 0 0 0
1513880909.05 7007 5762 3947 5308 6649 7320 63 24 7 43, 0 0 0 1 0 0 0 0 0 0
1513880910.05 4628 4482 4219 4186 5104 6423 83 34 6 56, 0 0 0 1 0 0 0 0 0 0
1513880911.05 3305 4204 3776 3735 4473 5700 66 33 6 40, 0 0 0 1 0 0 0 0 0 0
1513880912.06 3079 3515 2147 3016 3781 3467 92 54 4 43, 0 0 0 1 0 0 0 0 0 0
1513880913.06 1736 1824 716 1892 2400 1888 88 27 5 69, 0 0 0 1 0 0 0 0 0 0
1513880914.06 1767 1297 109 507 657 816 85 30 8 61, 0 0 0 1 0 0 0 0 0 0
1513880915.06 1644 1192 134 260 343 820 109 45 7 72, 0 0 0 1 0 0 0 0 0 0
1513880916.06 615 459 118 245 294 511 105 30 7 83, 0 0 0 1 0 0 0 0 0 0
1513880917.06 213 74 135 273 272 437 114 40 7 84, 0 0 0 1 0 0 0 0 0 0
1513880918.06 1739 1622 4775 6591 5659 4412 123 19 3 110, 0 0 0 1 0 0 0 0 0 0
1513880919.06 2533 2255 7270 13095 13688 9164 88 22 2 73, 0 0 0 1 0 0 0 0 0 0
1513880920.06 2230 2136 6031 10409 11722 7536 93 30 3 67, 0 0 0 1 0 0 0 0 0 0
1513880921.06 6110 2754 5370 9659 10713 10215 81 37 3 50, 0 0 0 1 0 0 0 0 0 0
1513880922.06 7820 3974 8076 11708 11888 13416 86 42 7 52, 0 0 0 1 0 0 0 0 0 0
1513880923.06 9714 6392 12508 15522 13749 15260 78 37 4 46, 0 0 0 1 0 0 0 0 0 0
1513880924.07 8868 7488 15677 17047 12702 14034 61 28 5 40, 0 0 0 1 0 0 0 0 0 0
1513880925.07 8554 7422 15775 15676 11553 13860 57 33 3 32, 0 0 0 1 0 0 0 0 0 0
1513880926.07 7242 8239 18790 15651 10231 13392 65 40 2 28, 0 0 0 1 0 0 0 0 0 0
1513880927.07 9535 8738 20283 23478 16468 16703 52 18 0 38, 0 0 0 1 0 0 0 0 0 0
1513880928.07 6965 7543 20054 22385 14587 14063 84 35 3 53, 0 0 0 1 0 0 0 0 0 0
1513880929.07 10088 6814 18549 20427 13700 18480 56 29 3 33, 0 0 0 1 0 0 0 0 0 0
1513880930.07 13015 8609 16017 18564 14199 21211 55 23 2 36, 0 0 0 1 0 0 0 0 0 0
1513880931.07 14084 12461 14661 13087 11921 20275 48 18 2 36, 0 0 0 1 0 0 0 0 0 0
1513880932.07 17443 17176 15955 11746 12808 22315 44 18 2 31, 0 0 0 1 0 0 0 0 0 0
1513880933.08 15624 14262 15156 10633 13615 20914 51 27 3 28, 0 0 0 1 0 0 0 0 0 0
1513880934.08 17747 19950 20646 16694 15453 23748 39 25 2 18, 0 0 0 1 0 0 0 0 0 0
1513880935.08 17233 21311 23294 19445 17516 22878 39 20 1 21, 0 0 0 1 0 0 0 0 0 0
1513880936.08 18895 20560 18555 18788 22044 24797 37 19 1 22, 0 0 0 1 0 0 0 0 0 0
1513880937.08 16528 19632 19276 20714 23916 24089 40 16 3 25, 0 0 0 1 0 0 0 0 0 0
1513880938.08 17520 16899 15443 19923 24313 24908 34 20 5 17, 0 0 0 1 0 0 0 0 0 0
1513880939.08 15486 14815 13598 18140 24507 23776 44 24 2 24, 0 0 0 1 0 0 0 0 0 0
1513880940.08 9918 9891 8264 14125 19697 18873 56 31 2 30, 0 0 0 1 0 0 0 0 0 0
1513880941.08 10279 7587 7107 14327 17580 18458 45 24 3 26, 0 0 0 1 0 0 0 0 0 0
1513880942.08 7752 4349 4926 11423 14105 15491 35 18 2 24, 0 0 0 1 0 0 0 0 0 0
1513880943.08 5708 3199 4027 6699 7984 8357 49 34 3 22, 0 0 0 1 0 0 0 0 0 0
1513880944.08 3038 2113 3191 3692 3663 5017 58 37 8 33, 0 0 0 1 0 0 0 0 0 0
1513880945.09 1840 673 183 297 438 2069 63 38 8 34, 0 0 0 1 0 0 0 0 0 0
1513880946.09 4264 1139 127 656 3640 7896 55 33 5 33, 0 0 0 1 0 0 0 0 0 0
1513880947.09 8262 2006 261 1668 8249 15422 66 44 6 35, 0 0 0 1 0 0 0 0 0 0
1513880948.09 9313 3423 1028 1781 8207 18996 69 55 6 25, 0 0 0 1 0 0 0 0 0 0
1513880949.09 12474 5336 2099 2476 8410 20548 76 61 4 25, 0 0 0 1 0 0 0 0 0 0
1513880950.09 14056 6480 1467 1758 9153 22036 55 37 3 30, 0 0 0 1 0 0 0 0 0 0
1513880951.09 13781 6400 1565 2627 9609 23210 43 29 5 25, 0 0 0 1 0 0 0 0 0 0
1513880952.09 17656 6953 930 2383 9591 24939 37 25 3 16, 0 0 0 1 0 0 0 0 0 0
1513880953.09 16629 5946 1443 2262 9111 26052 45 22 1 30, 0 0 0 1 0 0 0 0 0 0
1513880954.09 14734 5315 2731 4457 10325 24568 29 10 1 24, 0 0 0 1 0 0 0 0 0 0
1513880955.09 12570 4085 1679 4080 9798 17895 34 21 3 19, 0 0 0 1 0 0 0 0 0 0
1513880956.09 7357 2794 651 3226 9484 11741 48 33 5 24, 0 0 0 1 0 0 0 0 0 0
1513880957.09 9427 11120 10613 8557 9863 10990 46 31 3 22, 0 0 0 1 0 0 0 0 0 0
1513880958.1 10665 17056 16728 18838 19173 17338 45 29 4 23, 0 0 0 1 0 0 0 0 0 0
1513880959.1 9443 17282 18641 19635 14767 13712 59 33 6 36, 0 0 0 1 0 0 0 0 0 0
1513880960.1 8897 16096 18191 20909 16187 14146 43 20 2 28, 0 0 0 1 0 0 0 0 0 0
1513880961.11 11692 15663 17333 22929 22582 18819 34 16 1 21, 0 0 0 1 0 0 0 0 0 0
1513880962.11 11233 12849 10914 20309 20660 18170 34 16 3 20, 0 0 0 1 0 0 0 0 0 0
1513880963.12 8535 11139 13026 22782 20851 18419 48 26 2 26, 0 0 0 1 0 0 0 0 0 0
1513880964.12 7636 10142 11894 21669 18362 16001 54 31 1 28, 0 0 0 1 0 0 0 0 0 0
1513880965.12 7116 10645 13938 24140 20155 15826 75 26 2 51, 0 0 0 1 0 0 0 0 0 0
1513880966.12 9837 9228 18026 28066 24958 21916 49 17 1 34, 0 0 0 1 0 0 0 0 0 0
1513880967.12 9322 8871 16020 29878 24674 18678 72 34 1 42, 0 0 0 1 0 0 0 0 0 0
1513880968.12 14827 13303 17627 27906 23142 22353 65 24 1 43, 0 0 0 1 0 0 0 0 0 0
1513880969.12 10859 16312 21888 28954 24879 18741 39 10 1 30, 0 0 0 1 0 0 0 0 0 0
1513880970.13 16039 17996 19567 25263 22226 21477 39 17 5 27, 0 0 0 1 0 0 0 0 0 0
1513880971.13 20405 16017 14885 20804 21120 27687 58 28 5 38, 0 0 0 1 0 0 0 0 0 0
1513880972.13 21556 16458 14354 17260 18030 28410 40 21 5 28, 0 0 0 1 0 0 0 0 0 0
1513880973.13 23490 16676 13641 16900 19373 31420 46 17 1 34, 0 0 0 1 0 0 0 0 0 0
1513880974.13 26914 15730 11744 15588 19369 30854 33 20 3 23, 0 0 0 1 0 0 0 0 0 0
1513880975.13 24286 14072 8422 12875 19443 27480 41 20 4 26, 0 0 0 1 0 0 0 0 0 0
1513880976.13 17622 9040 2659 9148 15675 25179 58 33 4 28, 0 0 0 1 0 0 0 0 0 0
1513880977.13 19936 8460 6406 13294 18745 25951 43 34 6 20, 0 0 0 1 0 0 0 0 0 0
1513880978.13 15577 9977 10481 19391 22885 22838 48 34 7 23, 0 0 0 1 0 0 0 0 0 0
1513880979.13 13982 10114 11650 21581 25097 22592 43 26 2 23, 0 0 0 1 0 0 0 0 0 0
1513880980.13 8343 6594 10705 20773 22230 17938 47 34 6 24, 0 0 0 1 0 0 0 0 0 0
1513880981.13 3341 2441 7484 21041 18923 12369 52 18 1 36, 0 0 0 1 0 0 0 0 0 0
1513880982.13 3974 4165 11009 20578 18370 13310 52 26 4 30, 0 0 0 1 0 0 0 0 0 0
1513880983.13 2845 5444 13570 19672 15569 9556 40 18 2 25, 0 0 0 1 0 0 0 0 0 0
1513880984.13 1868 4372 11000 15477 11965 7123 57 32 7 35, 0 0 0 1 0 0 0 0 0 0
1513880985.13 1865 5154 11321 17505 15078 7677 55 28 2 27, 0 0 0 1 0 0 0 0 0 0
1513880986.13 1857 7013 15156 20939 17302 7080 43 18 3 29, 0 0 0 1 0 0 0 0 0 0
1513880987.14 1393 7391 16284 21727 17293 6553 57 22 4 42, 0 0 0 1 0 0 0 0 0 0
1513880988.14 2526 7945 19255 27559 17310 7178 65 22 2 47, 0 0 0 1 0 0 0 0 0 0
1513880989.14 1525 9277 23346 29920 19639 7212 73 26 2 48, 0 0 0 1 0 0 0 0 0 0
1513880990.14 2084 7198 20884 27065 16846 7113 65 31 2 39, 0 0 0 1 0 0 0 0 0 0
1513880991.14 6808 8025 21683 29313 22997 17727 64 20 2 46, 0 0 0 1 0 0 0 0 0 0
1513880992.14 5374 4990 17180 25364 14998 15292 68 36 4 40, 0 0 0 1 0 0 0 0 0 0
1513880993.14 6343 3954 13479 25163 17794 16490 49 15 3 36, 0 0 0 1 0 0 0 0 0 0
1513880994.14 6983 5310 16105 21507 16863 17099 44 16 2 32, 0 0 0 1 0 0 0 0 0 0
1513880995.14 7093 5344 15549 21824 15996 18267 43 9 1 35, 0 0 0 1 0 0 0 0 0 0
1513880996.14 6488 6050 12984 19236 18725 17379 43 16 3 30, 0 0 0 1 0 0 0 0 0 0
1513880997.14 8540 4352 6036 14810 16394 17324 39 11 1 30, 0 0 0 1 0 0 0 0 0 0
1513880998.14 9039 4261 3973 7330 10441 13041 34 18 2 22, 0 0 0 1 0 0 0 0 0 0
1513880999.14 15221 5973 3121 6269 10697 18418 64 44 4 23, 0 0 0 1 0 0 0 0 0 0
1513881000.15 13853 4857 677 6110 13043 17494 50 27 4 25, 0 0 0 1 0 0 0 0 0 0
1513881001.15 10028 3842 123 2848 7276 10855 50 32 4 24, 0 0 0 1 0 0 0 0 0 0
1513881002.15 10769 5379 3335 4421 6845 11144 45 26 4 23, 0 0 0 1 0 0 0 0 0 0
1513881003.15 12205 9754 10546 6235 5337 11257 50 26 2 27, 0 0 0 1 0 0 0 0 0 0
1513881004.15 9409 8077 16512 16151 9618 13180 92 42 1 53, 0 0 0 1 0 0 0 0 0 0
1513881005.15 8565 10635 19732 19328 10628 13390 74 22 3 56, 0 0 0 1 0 0 0 0 0 0
1513881006.15 6142 11991 19954 18733 8582 7952 80 36 6 52, 0 0 0 1 0 0 0 0 0 0
1513881007.15 6186 16136 23127 20538 9697 7601 84 35 4 54, 0 0 0 1 0 0 0 0 0 0
1513881008.15 7149 18771 22147 15830 6390 6769 93 36 7 66, 0 0 0 1 0 0 0 0 0 0
1513881009.15 7771 20765 23510 15915 6026 5151 85 26 3 66, 0 0 0 1 0 0 0 0 0 0
1513881010.15 7189 22676 24384 15451 5772 4214 109 25 3 89, 0 0 0 1 0 0 0 0 0 0
1513881011.15 8074 22953 26544 18401 6539 5199 111 27 1 86, 0 0 0 1 0 0 0 0 0 0
1513881012.15 8013 22714 27641 17885 7390 5188 100 16 2 86, 0 0 0 1 0 0 0 0 0 0
1513881013.16 8122 23819 29096 16966 7761 5756 102 20 4 88, 0 0 0 1 0 0 0 0 0 0
1513881014.16 7590 23220 28602 15494 6816 6056 97 14 2 85, 0 0 0 1 0 0 0 0 0 0
1513881015.16 9618 18405 22101 13865 8055 8017 92 13 1 81, 0 0 0 1 0 0 0 0 0 0
1513881016.16 8729 15518 18804 13779 7129 6370 99 26 1 74, 0 0 0 1 0 0 0 0 0 0
1513881017.16 8491 16542 20126 14202 7736 6038 106 32 3 78, 0 0 0 1 0 0 0 0 0 0
1513881018.16 8509 16579 19635 12422 5946 6377 102 16 3 89, 0 0 0 1 0 0 0 0 0 0
1513881019.16 8617 15857 18174 13530 8096 7041 149 27 2 128, 0 0 0 1 0 0 0 0 0 0
1513881020.16 8732 14558 16512 17708 16453 10862 103 17 0 90, 0 0 0 1 0 0 0 0 0 0
1513881021.16 9599 13343 17814 23857 19142 10914 67 8 0 60, 0 0 0 1 0 0 0 0 0 0
1513881022.16 11252 15931 19888 24270 17454 12867 54 11 1 45, 0 0 0 1 0 0 0 0 0 0
1513881023.16 12742 15601 18852 24183 20405 18171 74 8 1 67, 0 0 0 1 0 0 0 0 0 0
1513881024.17 15313 17189 20368 23114 20660 19811 68 10 2 60, 0 0 0 1 0 0 0 0 0 0
1513881025.17 13683 16055 18797 18858 15108 16744 62 18 2 46, 0 0 0 1 0 0 0 0 0 0
1513881026.17 12922 16063 16566 19490 15882 17364 70 22 2 52, 0 0 0 1 0 0 0 0 0 0
1513881027.17 14175 18225 18377 18322 17265 19839 51 13 2 40, 0 0 0 1 0 0 0 0 0 0
1513881028.17 16583 17767 18221 15231 13446 21882 65 11 1 55, 0 0 0 1 0 0 0 0 0 0
1513881029.17 12902 14651 17174 12825 11790 17000 44 16 5 32, 0 0 0 1 0 0 0 0 0 0
1513881030.17 9194 11658 14462 11322 9981 10737 43 11 4 35, 0 0 0 1 0 0 0 0 0 0
1513881031.17 12326 11964 14189 12038 11577 14637 46 16 3 32, 0 0 0 1 0 0 0 0 0 0
1513881032.17 11006 12913 17122 13434 12256 14256 51 16 2 38, 0 0 0 1 0 0 0 0 0 0
1513881033.17 9310 12997 17940 14627 13023 15689 77 41 3 40, 0 0 0 1 0 0 0 0 0 0
1513881034.17 10967 17325 19356 13140 11733 15826 58 27 4 34, 0 0 0 1 0 0 0 0 0 0
1513881035.17 9909 19026 21293 16014 13863 14988 72 43 3 32, 0 0 0 1 0 0 0 0 0 0
1513881036.17 10467 21361 21222 13305 10684 13506 62 24 2 43, 0 0 0 1 0 0 0 0 0 0
1513881037.17 10296 20372 23465 16173 10433 12907 55 27 4 34, 0 0 0 1 0 0 0 0 0 0
1513881038.18 9786 21218 22377 14030 10492 12824 58 25 3 38, 0 0 0 1 0 0 0 0 0 0
1513881039.18 9868 21324 23356 14341 9257 11027 42 16 2 38, 0 0 0 1 0 0 0 0 0 0
1513881040.18 11090 21718 23527 13154 8378 10845 238 197 5 50, 0 0 0 1 0 0 0 0 0 0
1513881041.18 9078 22852 23226 13306 6230 5507 58 15 4 48, 0 0 0 1 0 0 0 0 0 0
1513881042.18 8349 20818 22938 12908 5616 4488 60 12 1 55, 0 0 0 1 0 0 0 0 0 0
1513881043.18 9014 19792 21895 12553 5926 4502 65 11 1 58, 0 0 0 1 0 0 0 0 0 0
1513881044.18 8935 18136 20670 12024 5571 5282 54 15 3 45, 0 0 0 1 0 0 0 0 0 0
1513881045.18 9956 15970 17875 11669 6876 7233 57 9 3 54, 0 0 0 1 0 0 0 0 0 0
1513881046.18 8875 13731 15598 10018 5706 6394 81 32 3 53, 0 0 0 1 0 0 0 0 0 0
1513881047.18 9828 12029 12521 9420 5686 6524 77 18 1 62, 0 0 0 1 0 0 0 0 0 0
1513881048.18 10197 12126 11946 8174 5442 7121 88 29 4 63, 0 0 0 1 0 0 0 0 0 0
1513881049.18 12909 15263 14919 8700 5760 9400 90 20 5 72, 0 0 0 1 0 0 0 0 0 0
1513881050.18 8688 14466 16491 7143 2864 6087 72 30 7 50, 0 0 0 1 0 0 0 0 0 0
1513881051.18 12158 17159 16088 6782 3328 8014 80 22 5 65, 0 0 0 1 0 0 0 0 0 0
1513881052.18 12287 16722 14384 5883 5164 9981 60 19 1 50, 0 0 0 1 0 0 0 0 0 0
1513881053.18 11081 13783 11451 5075 3863 8517 47 27 4 29, 0 0 0 1 0 0 0 0 0 0
1513881054.19 8729 11750 8704 3227 3187 7116 109 76 1 40, 0 0 0 1 0 0 0 0 0 0
1513881055.19 12500 12781 9851 5105 5214 12988 50 9 3 46, 0 0 0 1 0 0 0 0 0 0
1513881056.19 17387 15843 9087 4882 8792 21606 50 19 2 33, 0 0 0 1 0 0 0 0 0 0
1513881057.19 28058 21585 11145 8063 15568 41681 67 35 6 27, 0 0 0 1 0 0 0 0 0 0
1513881058.19 24898 19787 8258 6195 10047 29618 34 16 1 32, 0 0 0 1 0 0 0 0 0 0
1513881059.19 24443 16505 7189 6058 11110 29381 35 19 1 25, 0 0 0 1 0 0 0 0 0 0
1513881060.19 15587 13765 4114 4452 9545 26963 50 25 3 30, 0 0 0 1 0 0 0 0 0 0
1513881061.19 15167 13220 4615 5789 10575 25498 39 15 2 34, 0 0 0 1 0 0 0 0 0 0
1513881062.19 18626 12250 5456 5757 10960 23553 38 16 5 25, 0 0 0 1 0 0 0 0 0 0
1513881063.19 24197 14045 4773 6718 11794 26402 41 25 4 21, 0 0 0 1 0 0 0 0 0 0
1513881064.19 13630 13428 11595 8892 11077 16547 62 30 4 36, 0 0 0 1 0 0 0 0 0 0
1513881065.19 12317 17768 16535 10071 10968 13963 49 23 4 33, 0 0 0 1 0 0 0 0 0 0
1513881066.19 10175 16161 15881 8340 7380 9834 39 23 0 29, 0 0 0 1 0 0 0 0 0 0
1513881067.19 9859 13582 12420 6874 5340 7101 40 16 0 33, 0 0 0 1 0 0 0 0 0 0
1513881068.2 13896 15553 15096 8205 6878 14269 67 26 0 47, 0 0 0 1 0 0 0 0 0 0
1513881069.2 10477 17387 19066 9768 5830 11389 226 188 1 42, 0 0 0 1 0 0 0 0 0 0
1513881070.2 13415 19650 17066 9387 6826 14440 68 21 2 56, 0 0 0 1 0 0 0 0 0 0
1513881071.2 18024 18210 14888 8733 7976 17486 42 13 0 34, 0 0 0 1 0 0 0 0 0 0
1513881072.2 21742 17262 13106 8376 9729 21377 45 19 1 32, 0 0 0 1 0 0 0 0 0 0
1513881073.2 23655 15964 10387 8371 12062 25602 40 16 3 32, 0 0 0 1 0 0 0 0 0 0
1513881074.2 21944 11884 7685 10752 15992 25522 34 13 3 24, 0 0 0 1 0 0 0 0 0 0
1513881075.2 20394 13014 8825 11701 14730 24216 45 27 1 18, 0 0 0 1 0 0 0 0 0 0
1513881076.2 20666 16043 12721 14679 17092 24823 40 21 4 23, 0 0 0 1 0 0 0 0 0 0
1513881077.2 17151 15252 10352 8293 10733 21607 172 151 4 25, 0 0 0 1 0 0 0 0 0 0
1513881078.2 14363 16780 14586 7056 9293 21899 112 107 2 16, 0 0 0 1 0 0 0 0 0 0
1513881079.2 17903 16673 13372 8326 10495 20581 66 51 8 27, 0 0 0 1 0 0 0 0 0 0
1513881080.2 15224 16320 11003 7376 10606 19047 59 38 6 32, 0 0 0 1 0 0 0 0 0 0
1513881081.21 15666 16479 14026 9799 11344 19198 66 53 6 22, 0 0 0 1 0 0 0 0 0 0
1513881082.21 15412 19132 15970 11219 11565 18520 58 46 7 23, 0 0 0 1 0 0 0 0 0 0
1513881083.21 14451 16276 15828 13148 13228 16864 42 27 3 21, 0 0 0 1 0 0 0 0 0 0
1513881084.21 13668 16260 18878 18075 14986 16669 57 27 5 33, 0 0 0 1 0 0 0 0 0 0
1513881085.21 10153 15103 20911 18523 12446 14603 37 27 1 19, 0 0 0 1 0 0 0 0 0 0
1513881086.21 8085 15421 23179 22694 14479 14176 60 31 6 33, 0 0 0 1 0 0 0 0 0 0
1513881087.21 7206 13899 23430 22183 10428 10668 409 379 1 32, 0 0 0 1 0 0 0 0 0 0
1513881088.21 7068 15343 25588 24216 12654 10718 690 656 4 37, 0 0 0 1 0 0 0 0 0 0
1513881089.21 7077 14933 23587 23788 12676 9905 415 387 3 31, 0 0 0 1 0 0 0 0 0 0
1513881090.21 7707 13520 23374 25870 13064 9206 39 14 1 26, 0 0 0 1 0 0 0 0 0 0
1513881091.21 5873 14044 21959 23199 10811 6163 49 15 3 35, 0 0 0 1 0 0 0 0 0 0
1513881092.21 7896 14527 18931 22594 16055 9560 39 15 1 29, 0 0 0 1 0 0 0 0 0 0
1513881093.21 8049 11756 13770 14405 8693 6353 50 34 5 22, 0 0 0 1 0 0 0 0 0 0
1513881094.21 7849 14381 15035 13731 8416 7316 341 314 4 37, 0 0 0 1 0 0 0 0 0 0
1513881095.21 8138 16696 17873 11417 7655 8886 368 339 0 38, 0 0 0 1 0 0 0 0 0 0
1513881096.21 10602 16218 18030 10730 9583 14794 232 204 6 31, 0 0 0 1 0 0 0 0 0 0
1513881097.22 13752 15443 16929 10415 10673 17290 47 20 1 34, 0 0 0 1 0 0 0 0 0 0
1513881098.22 18067 16203 15983 9821 10495 22687 30 14 1 21, 0 0 0 1 0 0 0 0 0 0
1513881099.22 19180 17508 18423 10409 10322 20499 22 11 0 17, 0 0 0 1 0 0 0 0 0 0
1513881100.22 14048 14334 16806 8698 9191 19744 27 12 1 18, 0 0 0 1 0 0 0 0 0 0
1513881101.22 15495 12324 13646 9826 11487 20733 30 12 1 21, 0 0 0 1 0 0 0 0 0 0
1513881102.22 16450 14068 13147 14492 15452 21045 13 7 1 11, 0 0 0 1 0 0 0 0 0 0
1513881103.22 16248 12246 8462 11642 14880 20773 35 17 2 19, 0 0 0 1 0 0 0 0 0 0
1513881104.22 17014 13206 8312 10155 12734 18283 35 20 2 20, 0 0 0 1 0 0 0 0 0 0
1513881105.22 17229 13383 8893 10249 13224 16375 26 20 3 11, 0 0 0 1 0 0 0 0 0 0
1513881106.22 18195 15526 10067 11079 15698 20583 42 27 2 17, 0 0 0 1 0 0 0 0 0 0
1513881107.22 20758 18465 13676 10718 12583 21186 33 22 2 12, 0 0 0 1 0 0 0 0 0 0
1513881108.22 19690 19492 16167 12229 13509 19278 33 18 4 21, 0 0 0 1 0 0 0 0 0 0
1513881109.23 19776 19053 18900 15663 14733 21773 35 24 3 24, 0 0 0 1 0 0 0 0 0 0
1513881110.23 19301 18798 20221 19006 17086 23377 49 31 5 28, 0 0 0 1 0 0 0 0 0 0
1513881111.23 14677 19279 23068 23716 21545 22002 43 21 4 30, 0 0 0 1 0 0 0 0 0 0
1513881112.23 11854 16966 20980 21577 19826 21352 56 27 7 34, 0 0 0 1 0 0 0 0 0 0
1513881113.23 9984 15734 21993 20784 19916 21555 39 19 2 28, 0 0 0 1 0 0 0 0 0 0
1513881114.23 8747 16214 23697 25543 22472 20522 25 8 3 22, 0 0 0 1 0 0 0 0 0 0
1513881115.23 10321 14065 20652 26172 24418 20667 33 16 2 22, 0 0 0 1 0 0 0 0 0 0
1513881116.23 12886 12301 15335 22640 22959 22830 38 19 0 24, 0 0 0 1 0 0 0 0 0 0
1513881117.23 19744 15787 14895 22605 21306 28266 37 20 2 22, 0 0 0 1 0 0 0 0 0 0
1513881118.23 18776 16998 15990 20193 21965 25383 28 15 4 17, 0 0 0 1 0 0 0 0 0 0
1513881119.23 16250 17063 15124 14656 15542 23625 51 26 2 30, 0 0 0 1 0 0 0 0 0 0
1513881120.23 15974 16428 15525 13559 15150 21394 45 24 1 23, 0 0 0 1 0 0 0 0 0 0
1513881121.23 14631 18896 18010 11028 10738 17540 48 34 2 16, 0 0 0 1 0 0 0 0 0 0
1513881122.24 12109 19475 19364 11241 8306 13853 40 16 0 27, 0 0 0 1 0 0 0 0 0 0
1513881123.24 11513 19863 20112 11699 7742 13469 54 23 2 34, 0 0 0 1 0 0 0 0 0 0
1513881124.24 12347 20349 20232 10257 6623 13562 42 19 1 24, 0 0 0 1 0 0 0 0 0 0
1513881125.24 14279 20778 20521 12491 10493 16757 46 26 2 25, 0 0 0 1 0 0 0 0 0 0
1513881126.24 12962 17150 17910 14027 12829 15807 36 17 1 21, 0 0 0 1 0 0 0 0 0 0
1513881127.24 12912 16976 18475 15378 15060 17064 38 13 2 26, 0 0 0 1 0 0 0 0 0 0
1513881128.24 13220 16993 19095 16639 15895 20590 45 20 0 28, 0 0 0 1 0 0 0 0 0 0
1513881129.24 17592 19266 21026 22583 19969 22013 45 27 0 22, 0 0 0 1 0 0 0 0 0 0
1513881130.24 18875 16953 19933 25636 22739 23653 38 10 2 33, 0 0 0 1 0 0 0 0 0 0
1513881131.24 19259 16777 22797 29203 24227 22368 33 13 1 22, 0 0 0 1 0 0 0 0 0 0
1513881132.24 11996 12176 18672 26615 19890 16625 42 21 1 25, 0 0 0 1 0 0 0 0 0 0
1513881133.24 9719 13443 23925 27458 16596 15115 53 27 6 32, 0 0 0 1 0 0 0 0 0 0
1513881134.24 7660 12111 22075 21349 11265 10403 69 33 4 45, 0 0 0 1 0 0 0 0 0 0
1513881135.25 10436 19138 28234 25439 15693 14783 96 52 6 60, 0 0 0 1 0 0 0 0 0 0
1513881136.25 11522 19441 27500 21699 11460 14088 81 41 6 52, 0 0 0 1 0 0 0 0 0 0
1513881137.25 11430 18413 25972 25650 13851 12629 77 28 3 57, 0 0 0 1 0 0 0 0 0 0
1513881138.25 14391 19963 26551 23093 13075 16135 69 23 3 53, 0 0 0 1 0 0 0 0 0 0
1513881139.25 15174 19271 24050 19963 13478 18004 65 24 4 45, 0 0 0 1 0 0 0 0 0 0
1513881140.25 8969 15433 18055 18386 11486 12820 70 11 2 63, 0 0 0 1 0 0 0 0 0 0
1513881141.25 12274 20426 24836 22299 17624 17528 65 24 2 51, 0 0 0 1 0 0 0 0 0 0
1513881142.25 11224 14596 18364 17423 15408 15671 67 38 8 43, 0 0 0 1 0 0 0 0 0 0
1513881143.25 10983 13124 13326 16947 16848 19037 44 15 1 32, 0 0 0 1 0 0 0 0 0 0
1513881144.25 15255 13633 13160 18425 22933 23735 52 16 4 37, 0 0 0 1 0 0 0 0 0 0
1513881145.25 12407 11106 15085 21371 22090 23496 44 17 2 30, 0 0 0 1 0 0 0 0 0 0
1513881146.25 12781 10537 12474 20270 23906 25630 39 13 1 28, 0 0 0 1 0 0 0 0 0 0
1513881147.25 12000 11449 14208 19389 20161 19264 43 14 2 33, 0 0 0 1 0 0 0 0 0 0
1513881148.25 11360 11528 15430 18790 16547 16681 47 23 3 29, 0 0 0 1 0 0 0 0 0 0
1513881149.25 11196 12013 15992 17565 15262 15514 64 30 4 42, 0 0 0 1 0 0 0 0 0 0
1513881150.25 9655 13109 17308 21816 17906 14863 58 24 3 41, 0 0 0 1 0 0 0 0 0 0
1513881151.25 12015 15234 19184 25839 21494 16742 47 16 3 35, 0 0 0 1 0 0 0 0 0 0
1513881152.25 10052 13401 16717 24975 18086 13868 54 19 0 38, 0 0 0 1 0 0 0 0 0 0
1513881153.25 9232 14222 18807 24926 18597 13050 41 10 0 35, 0 0 0 1 0 0 0 0 0 0
1513881154.25 12435 15485 18683 24354 19282 15026 34 11 1 23, 0 0 0 1 0 0 0 0 0 0
1513881155.26 13135 20242 25437 25606 19941 15521 42 18 2 30, 0 0 0 1 0 0 0 0 0 0
1513881156.26 15112 19823 26610 27771 21772 18091 33 14 2 20, 0 0 0 1 0 0 0 0 0 0
1513881157.26 12726 17310 24193 25781 19153 15178 46 15 0 32, 0 0 0 1 0 0 0 0 0 0
1513881158.26 8344 16063 20030 21048 14114 9943 71 31 2 47, 0 0 0 1 0 0 0 0 0 0
1513881159.26 8393 21030 24042 16250 8436 6673 86 46 4 44, 0 0 0 1 0 0 0 0 0 0
1513881160.26 8428 22547 25025 12815 5374 4598 101 51 7 55, 0 0 0 1 0 0 0 0 0 0
1513881161.26 8949 26399 27141 11149 3914 3982 89 41 6 57, 0 0 0 1 0 0 0 0 0 0
1513881162.26 8241 25579 27892 10891 4162 3850 112 35 3 81, 0 0 0 1 0 0 0 0 0 0
1513881163.26 9470 22896 27162 10203 4106 5048 99 26 6 79, 0 0 0 1 0 0 0 0 0 0
1513881164.26 9160 20908 26036 10701 4564 5332 111 22 2 94, 0 0 0 1 0 0 0 0 0 0
1513881165.26 9220 21605 25188 12755 6251 5476 115 20 2 102, 0 0 0 1 0 0 0 0 0 0
1513881166.26 8749 23962 26236 10307 4101 4553 116 33 7 91, 0 0 0 1 0 0 0 0 0 0
1513881167.26 10557 22415 24010 9748 5291 8776 96 27 4 78, 0 0 0 1 0 0 0 0 0 0
1513881168.26 13312 21541 20842 7564 7358 14440 86 14 0 78, 0 0 0 1 0 0 0 0 0 0
1513881169.27 17724 18624 13864 6381 7982 19641 64 16 0 53, 0 0 0 1 0 0 0 0 0 0
1513881170.27 18798 16305 9995 5125 7899 21782 50 11 1 41, 0 0 0 1 0 0 0 0 0 0
1513881171.27 19615 16102 7200 2715 9253 24375 51 20 1 34, 0 0 0 1 0 0 0 0 0 0
1513881172.27 20551 15267 8368 4624 10187 24430 42 8 0 35, 0 0 0 1 0 0 0 0 0 0
1513881173.27 19851 10685 5462 4400 10705 21353 41 13 1 33, 0 0 0 1 0 0 0 0 0 0
1513881174.27 22304 9849 3434 2949 9294 23938 46 20 4 28, 0 0 0 1 0 0 0 0 0 0
1513881175.27 22368 10659 3652 2683 8636 25046 39 15 6 30, 0 0 0 1 0 0 0 0 0 0
1513881176.27 21182 9249 2432 2482 8919 22749 40 23 2 21, 0 0 0 1 0 0 0 0 0 0
1513881177.27 18225 10482 6559 5117 8942 19257 43 19 1 26, 0 0 0 1 0 0 0 0 0 0
1513881178.27 16825 10280 8800 7339 8198 16911 31 12 1 21, 0 0 0 1 0 0 0 0 0 0
1513881179.27 14081 10199 8264 6817 6681 12347 39 17 1 26, 0 0 0 1 0 0 0 0 0 0
1513881180.27 12732 10952 8419 5604 5444 10018 40 25 3 23, 0 0 0 1 0 0 0 0 0 0
1513881181.27 11763 12710 9979 4998 4656 8936 42 26 8 23, 0 0 0 1 0 0 0 0 0 0
1513881182.28 10684 14340 12166 5852 4574 7192 55 45 4 18, 0 0 0 1 0 0 0 0 0 0
1513881183.28 8720 21869 22469 10004 5434 5543 64 37 5 34, 0 0 0 1 0 0 0 0 0 0
1513881184.28 8430 24645 27220 12303 4763 3604 69 30 3 43, 0 0 0 1 0 0 0 0 0 0
1513881185.28 9972 23241 25203 12598 4852 4320 54 20 1 37, 0 0 0 1 0 0 0 0 0 0
1513881186.28 7711 22754 26862 16064 6710 2904 68 24 1 48, 0 0 0 1 0 0 0 0 0 0
1513881187.28 7081 23058 24301 11639 4056 2614 70 19 3 57, 0 0 0 1 0 0 0 0 0 0
1513881188.28 7792 22551 25261 12201 5308 4144 81 27 3 60, 0 0 0 1 0 0 0 0 0 0
1513881189.28 5630 21049 24073 10989 3442 2343 71 23 3 57, 0 0 0 1 0 0 0 0 0 0
1513881190.28 6078 17999 20500 10226 3593 2681 74 17 2 59, 0 0 0 1 0 0 0 0 0 0
1513881191.28 6128 12001 13528 8560 4172 3214 84 26 5 67, 0 0 0 1 0 0 0 0 0 0
1513881192.28 6554 10403 10166 6311 3921 3994 79 19 2 67, 0 0 0 1 0 0 0 0 0 0
1513881193.28 5835 11949 12857 6973 3958 3624 78 14 2 66, 0 0 0 1 0 0 0 0 0 0
1513881194.28 4935 13543 15354 9602 4496 2129 70 20 1 54, 0 0 0 1 0 0 0 0 0 0
1513881195.28 5345 13957 16558 12052 6129 2310 90 31 5 68, 0 0 0 1 0 0 0 0 0 0
1513881196.28 5667 14479 16672 10768 5092 2654 68 23 5 51, 0 0 0 1 0 0 0 0 0 0
1513881197.28 5264 17172 18505 10149 3686 2212 74 37 1 44, 0 0 0 1 0 0 0 0 0 0
1513881198.28 5258 18226 20739 12381 5100 1961 117 74 5 52, 0 0 0 1 0 0 0 0 0 0
1513881199.29 4142 19734 25442 15656 7046 656 39 22 1 20, 0 0 0 1 0 0 0 0 0 0
1513881200.29 4099 17435 19277 11654 4855 850 40 26 0 18, 0 0 0 1 0 0 0 0 0 0
1513881201.29 5064 17527 19377 10820 4362 1683 43 22 0 22, 0 0 0 1 0 0 0 0 0 0
1513881202.29 6911 10825 13472 11148 4664 3684 41 19 1 24, 0 0 0 1 0 0 0 0 0 0
1513881203.29 7049 12416 14452 9850 4930 4594 30 15 0 20, 0 0 0 1 0 0 0 0 0 0
1513881204.29 7761 14395 15032 8816 5690 5197 39 21 1 23, 0 0 0 1 0 0 0 0 0 0
1513881205.29 7412 16979 19627 11954 5139 3867 22 15 1 10, 0 0 0 1 0 0 0 0 0 0
1513881206.29 7290 18487 20999 11817 6191 4215 17 16 1 4, 0 0 0 1 0 0 0 0 0 0
1513881207.29 6545 18573 20994 10475 5298 3707 23 19 3 12, 0 0 0 1 0 0 0 0 0 0
1513881208.29 6855 17946 20258 9786 4840 4169 30 23 1 9, 0 0 0 1 0 0 0 0 0 0
1513881209.29 6718 18880 22664 11417 4788 4093 36 25 1 12, 0 0 0 1 0 0 0 0 0 0
1513881210.29 8154 20258 22930 11298 3911 3807 40 33 4 15, 0 0 0 1 0 0 0 0 0 0
1513881211.29 8582 21694 24240 12086 5221 4752 37 27 5 16, 0 0 0 1 0 0 0 0 0 0
1513881212.3 7813 20308 22835 12198 5425 4222 45 32 4 16, 0 0 0 1 0 0 0 0 0 0
1513881213.3 8364 19477 21361 12856 5838 4587 33 17 2 17, 0 0 0 1 0 0 0 0 0 0
1513881214.3 7819 17891 20709 14912 6719 3332 28 20 1 11, 0 0 0 1 0 0 0 0 0 0
1513881215.3 8153 16809 19136 13831 6763 3602 29 19 1 13, 0 0 0 1 0 0 0 0 0 0
1513881216.31 7754 17430 20393 12940 6399 4291 39 27 2 16, 0 0 0 1 0 0 0 0 0 0
1513881217.31 7652 16041 19455 12932 5902 4511 29 24 1 7, 0 0 0 1 0 0 0 0 0 0
1513881218.31 6968 17243 20443 12809 5717 4062 39 32 2 12, 0 0 0 1 0 0 0 0 0 0
1513881219.31 6541 15759 19031 11664 4283 3438 26 22 0 9, 0 0 0 1 0 0 0 0 0 0
1513881220.32 6777 14426 17163 12373 4468 2362 23 12 0 13, 0 0 0 1 0 0 0 0 0 0
1513881221.32 6960 14126 16902 13063 5191 2506 40 29 2 14, 0 0 0 1 0 0 0 0 0 0
1513881222.32 8040 17291 19709 12985 5773 3785 48 40 6 13, 0 0 0 1 0 0 0 0 0 0
1513881223.33 8040 20334 22956 13195 5834 3593 58 41 5 23, 0 0 0 1 0 0 0 0 0 0
1513881224.33 7463 21957 25939 14920 6417 2956 45 26 2 23, 0 0 0 1 0 0 0 0 0 0
1513881225.33 4816 18981 23176 11805 4379 1859 38 30 2 9, 0 0 0 1 0 0 0 0 0 0
1513881226.34 4699 15575 20837 11047 3711 2613 25 20 2 9, 0 0 0 1 0 0 0 0 0 0
1513881227.34 4498 14677 19918 11696 4384 2663 32 20 1 13, 0 0 0 1 0 0 0 0 0 0
1513881228.34 5016 14349 19985 13482 6182 3431 32 22 4 12, 0 0 0 1 0 0 0 0 0 0
1513881229.34 7753 17429 21135 12289 6497 6244 39 32 2 14, 0 0 0 1 0 0 0 0 0 0
1513881230.35 7468 19813 23273 11965 5412 4943 43 39 3 8, 0 0 0 1 0 0 0 0 0 0
1513881231.35 6546 19294 23302 12165 4962 4249 41 26 2 20, 0 0 0 1 0 0 0 0 0 0
1513881232.35 5841 16561 22322 14145 5971 3880 32 21 3 14, 0 0 0 1 0 0 0 0 0 0
1513881233.35 6589 13365 17461 12716 5820 4755 44 36 0 10, 0 0 0 1 0 0 0 0 0 0
1513881234.36 5980 12909 18084 14520 6410 3886 34 17 2 21, 0 0 0 1 0 0 0 0 0 0
1513881235.36 5904 14329 18517 13307 6278 3742 32 22 2 16, 0 0 0 1 0 0 0 0 0 0
1513881236.36 6979 17002 20658 14022 5813 2542 31 22 3 17, 0 0 0 1 0 0 0 0 0 0
1513881237.36 7546 18364 21584 12352 4692 3265 28 14 1 16, 0 0 0 1 0 0 0 0 0 0
1513881238.36 8936 18136 21661 13984 6257 4497 36 29 3 11, 0 0 0 1 0 0 0 0 0 0
1513881239.37 8476 17819 20574 12843 5993 4773 25 27 0 4, 0 0 0 1 0 0 0 0 0 0
1513881240.37 8092 16196 19049 12255 6031 4892 28 19 2 11, 0 0 0 1 0 0 0 0 0 0
1513881241.37 5613 14236 17659 11429 4182 1847 31 24 2 10, 0 0 0 1 0 0 0 0 0 0
1513881242.37 5683 15690 17441 9633 2729 639 28 26 3 8, 0 0 0 1 0 0 0 0 0 0
1513881243.37 6115 16524 17638 8802 2944 1656 31 28 4 10, 0 0 0 1 0 0 0 0 0 0
1513881244.38 6730 18941 19442 8714 3623 3054 288 285 6 8, 0 0 0 1 0 0 0 0 0 0
1513881245.38 7218 15026 15634 7771 4118 4950 1018 1017 3 4, 0 0 0 1 0 0 0 0 0 0
1513881246.38 7076 14232 14575 7518 4771 4831 31 29 3 5, 0 0 0 1 0 0 0 0 0 0
1513881247.38 7441 11715 11842 7560 5814 5992 22 21 4 11, 0 0 0 1 0 0 0 0 0 0
1513881248.38 6319 13001 14636 8501 4696 4755 26 25 2 6, 0 0 0 1 0 0 0 0 0 0
1513881249.39 5357 15218 18049 10838 4521 3503 29 24 1 8, 0 0 0 1 0 0 0 0 0 0
1513881250.39 5557 15854 18389 11607 5442 3001 28 28 4 5, 0 0 0 1 0 0 0 0 0 0
1513881251.39 4565 14093 17389 10519 4291 2502 19 18 2 6, 0 0 0 1 0 0 0 0 0 0
1513881252.39 4657 13913 16921 10081 4090 2750 14 11 0 5, 0 0 0 1 0 0 0 0 0 0
1513881253.39 4885 13331 18109 10562 3535 3843 28 21 3 8, 0 0 0 1 0 0 0 0 0 0
1513881254.4 5273 12712 16360 9570 3579 4425 26 24 2 8, 0 0 0 1 0 0 0 0 0 0
1513881255.4 6468 9569 12413 8372 5144 6282 24 19 1 10, 0 0 0 1 0 0 0 0 0 0
1513881256.4 6550 7250 8405 7161 4837 6019 21 16 4 10, 0 0 0 1 0 0 0 0 0 0
1513881257.4 5602 5913 7289 6263 3889 4580 29 25 5 7, 0 0 0 1 0 0 0 0 0 0
1513881258.4 5729 7755 8306 5648 3414 4006 47 30 5 24, 0 0 0 1 0 0 0 0 0 0
1513881259.4 6139 10969 13562 8814 4491 4904 46 22 7 31, 0 0 0 1 0 0 0 0 0 0
1513881260.41 6135 14370 21019 16157 7501 6051 50 17 5 38, 0 0 0 1 0 0 0 0 0 0
1513881261.41 6893 14036 17426 18465 10608 8143 66 22 3 49, 0 0 0 1 0 0 0 0 0 0
1513881262.41 6999 13945 17579 19729 11135 8840 53 19 3 39, 0 0 0 1 0 0 0 0 0 0
1513881263.41 9287 13414 15749 22651 15960 12953 37 14 2 29, 0 0 0 1 0 0 0 0 0 0
1513881264.41 10172 13175 15914 23870 21455 15143 36 10 2 26, 0 0 0 1 0 0 0 0 0 0
1513881265.42 11155 14391 16653 22229 19279 15510 48 20 3 33, 0 0 0 1 0 0 0 0 0 0
1513881266.42 8907 14248 18129 20758 15851 11559 36 14 2 28, 0 0 0 1 0 0 0 0 0 0
1513881267.42 7713 12792 17805 20464 14802 10899 26 13 0 18, 0 0 0 1 0 0 0 0 0 0
1513881268.42 7555 13855 19067 20126 16449 12256 33 15 0 20, 0 0 0 1 0 0 0 0 0 0
1513881269.43 7597 13149 19597 18352 14378 10387 30 13 1 18, 0 0 0 1 0 0 0 0 0 0
1513881270.43 6484 14316 19959 20481 15702 9190 38 17 3 25, 0 0 0 1 0 0 0 0 0 0
1513881271.43 7489 14288 20975 20399 15563 9888 46 23 3 24, 0 0 0 1 0 0 0 0 0 0
1513881272.43 6564 15208 21881 18431 12781 8316 40 18 6 23, 0 0 0 1 0 0 0 0 0 0
1513881273.43 5212 13701 20249 16410 11180 7613 54 34 5 27, 0 0 0 1 0 0 0 0 0 0
1513881274.44 5212 13450 19892 17909 11951 7608 33 21 1 23, 0 0 0 1 0 0 0 0 0 0
1513881275.44 13572 17520 17174 16569 14247 14969 32 20 1 27, 0 0 0 1 0 0 0 0 0 0
1513881276.44 18371 19259 14532 16794 19830 21029 42 21 1 24, 0 0 0 1 0 0 0 0 0 0
1513881277.44 17186 19259 14532 16794 19830 20423 42 21 1 24, 0 0 0 1 0 0 0 0 0 0
1513881278.45 16824 18395 12949 11355 11213 18721 284 271 2 17, 0 0 0 1 0 0 0 0 0 0
1513881279.45 15551 18353 12479 11788 13033 18555 278 263 1 17, 0 0 0 1 0 0 0 0 0 0
1513881280.45 14837 15488 11064 10391 12059 18560 232 210 0 23, 0 0 0 1 0 0 0 0 0 0
1513881281.46 17201 15922 14087 14578 15430 20863 496 484 1 13, 0 0 0 1 0 0 0 0 0 0
1513881282.46 16922 15083 14266 15585 15430 20910 391 187 1 23, 0 0 0 1 0 0 0 0 0 0
1513881283.46 18692 14083 15526 20928 16296 19125 17 8 1 10, 0 0 0 1 0 0 0 0 0 0
1513881284.46 18582 12883 12595 19862 16321 18477 23 14 2 13, 0 0 0 1 0 0 0 0 0 0
1513881285.46 8742 8377 11928 16393 14479 11484 19 11 3 10, 0 0 0 1 0 0 0 0 0 0
1513881286.47 7799 10277 15540 20621 16734 11594 24 14 3 13, 0 0 0 1 0 0 0 0 0 0
1513881287.47 7473 14696 21239 23637 18289 10122 27 20 3 12, 0 0 0 1 0 0 0 0 0 0
1513881288.47 6576 15670 23489 25890 18786 10759 28 19 5 11, 0 0 0 1 0 0 0 0 0 0
1513881289.47 6784 15350 23360 26426 22383 12154 33 15 2 24, 0 0 0 1 0 0 0 0 0 0
1513881290.48 4824 13464 20514 25075 17816 9743 40 13 4 30, 0 0 0 1 0 0 0 0 0 0
1513881291.48 5079 14540 19201 26253 17294 8788 41 13 3 30, 0 0 0 1 0 0 0 0 0 0
1513881292.48 4617 14409 18304 25737 15350 6930 40 11 2 31, 0 0 0 1 0 0 0 0 0 0
1513881293.48 6239 16815 21245 27561 17174 8060 44 14 1 31, 0 0 0 1 0 0 0 0 0 0
1513881294.49 6466 14704 21851 25159 18231 9007 46 14 1 34, 0 0 0 1 0 0 0 0 0 0
1513881295.49 5613 13404 20449 19761 12795 7505 44 8 1 37, 0 0 0 1 0 0 0 0 0 0
1513881296.49 6213 12524 19011 17844 12193 9012 35 9 1 28, 0 0 0 1 0 0 0 0 0 0
1513881297.5 5762 11803 17193 14817 10709 7932 46 8 1 38, 0 0 0 1 0 0 0 0 0 0
1513881298.5 7104 11827 17206 15846 12340 9534 49 10 3 42, 0 0 0 1 0 0 0 0 0 0
1513881299.5 7235 11504 16232 16762 14152 10510 46 9 0 41, 0 0 0 1 0 0 0 0 0 0
1513881300.5 5843 11949 16329 20637 13900 9495 65 12 2 54, 0 0 0 1 0 0 0 0 0 0
1513881301.5 7900 12764 17928 19838 15674 10400 50 15 1 38, 0 0 0 1 0 0 0 0 0 0
1513881302.5 6667 12591 18928 21043 15105 9413 45 12 1 35, 0 0 0 1 0 0 0 0 0 0
1513881303.5 5018 11867 15425 19956 13598 8821 45 9 1 37, 0 0 0 1 0 0 0 0 0 0
1513881304.51 6718 13280 15881 24089 16120 10521 45 10 1 36, 0 0 0 1 0 0 0 0 0 0
1513881305.51 7018 11128 15662 20052 17795 12864 46 12 2 38, 0 0 0 1 0 0 0 0 0 0
1513881306.51 8850 10650 16760 21061 17577 14958 45 9 1 39, 0 0 0 1 0 0 0 0 0 0
1513881307.51 9673 11410 17329 20389 19327 16511 39 11 2 31, 0 0 0 1 0 0 0 0 0 0
1513881308.52 9677 10964 16568 18644 16801 13863 63 18 2 48, 0 0 0 1 0 0 0 0 0 0
1513881309.52 7939 9515 15627 18133 16664 14298 57 12 1 48, 0 0 0 1 0 0 0 0 0 0
1513881310.52 7014 10063 16697 19379 15447 13492 67 9 3 61, 0 0 0 1 0 0 0 0 0 0
1513881311.52 5811 11706 19258 20223 14220 11474 51 10 0 44, 0 0 0 1 0 0 0 0 0 0
1513881312.53 4352 10935 17117 17598 11826 8536 68 13 1 56, 0 0 0 1 0 0 0 0 0 0
1513881313.53 5302 11775 17715 16125 11821 9180 61 18 1 45, 0 0 0 1 0 0 0 0 0 0
1513881314.53 5302 13517 20749 20480 11056 7662 69 10 3 61, 0 0 0 1 0 0 0 0 0 0
1513881315.53 4629 14892 22115 22608 11431 7293 75 15 1 63, 0 0 0 1 0 0 0 0 0 0
1513881316.53 4978 15657 23894 25426 13624 8177 76 18 1 58, 0 0 0 1 0 0 0 0 0 0
1513881317.53 6593 17671 27367 28007 14941 8479 59 13 1 52, 0 0 0 1 0 0 0 0 0 0
1513881318.54 6725 16411 24088 26106 15644 8231 40 8 0 34, 0 0 0 1 0 0 0 0 0 0
1513881319.54 6186 15156 22006 24410 13113 6360 47 13 3 36, 0 0 0 1 0 0 0 0 0 0
1513881320.54 6421 15529 20837 23704 13199 6047 51 21 4 33, 0 0 0 1 0 0 0 0 0 0
1513881321.54 6454 15191 22589 23067 13350 6428 83 30 5 60, 0 0 0 1 0 0 0 0 0 0
1513881322.55 5339 15772 24069 25690 15809 6129 75 20 4 59, 0 0 0 1 0 0 0 0 0 0
1513881323.55 7127 15674 24754 26001 15579 7684 85 40 4 47, 0 0 0 1 0 0 0 0 0 0
1513881324.55 7675 16539 23713 27158 17370 8548 71 25 1 51, 0 0 0 1 0 0 0 0 0 0
1513881325.55 7454 14210 23766 29012 19822 9794 59 24 4 36, 0 0 0 1 0 0 0 0 0 0
1513881326.56 8097 14752 24064 28381 15924 8798 59 11 1 49, 0 0 0 1 0 0 0 0 0 0
1513881327.56 8059 13948 22883 26496 15213 9576 57 12 2 48, 0 0 0 1 0 0 0 0 0 0
1513881328.56 11656 16602 23762 27423 18604 13210 74 26 0 50, 0 0 0 1 0 0 0 0 0 0
1513881329.56 14397 15597 21868 29113 20089 16318 60 18 3 43, 0 0 0 1 0 0 0 0 0 0
1513881330.56 12526 15764 21586 31227 22928 16656 74 26 1 49, 0 0 0 1 0 0 0 0 0 0
1513881331.57 16000 16071 21567 30044 23134 17828 60 22 2 40, 0 0 0 1 0 0 0 0 0 0
1513881332.57 13065 15584 19550 20871 12654 13192 74 29 3 49, 0 0 0 1 0 0 0 0 0 0
1513881333.58 19733 17705 21366 25465 19569 21789 70 26 5 49, 0 0 0 1 0 0 0 0 0 0
1513881334.58 21730 18724 20722 27892 25223 26530 54 12 1 43, 0 0 0 1 0 0 0 0 0 0
1513881335.58 23469 17638 20362 26248 23667 27564 73 18 6 59, 0 0 0 1 0 0 0 0 0 0
1513881336.59 23469 17638 19387 26279 23667 27562 77 14 5 48, 0 0 0 1 0 0 0 0 0 0
1513881337.59 22787 20271 23453 28348 24485 26703 51 17 3 38, 0 0 0 1 0 0 0 0 0 0
1513881338.59 18236 20313 25076 29325 24408 23127 46 16 6 32, 0 0 0 1 0 0 0 0 0 0
1513881339.59 13599 18045 20994 25537 18850 16429 50 22 4 34, 0 0 0 1 0 0 0 0 0 0
1513881340.59 11194 17119 21619 23738 17917 14925 58 21 3 38, 0 0 0 1 0 0 0 0 0 0
1513881341.59 11400 15847 18348 22531 14974 12444 80 18 2 63, 0 0 0 1 0 0 0 0 0 0
1513881342.59 10215 15847 18348 22531 14974 11366 80 18 2 63, 0 0 0 1 0 0 0 0 0 0
1513881343.61 8972 15641 22900 26387 14117 8997 72 19 2 49, 0 0 0 1 0 0 0 0 0 0
1513881344.61 8097 19015 29468 31459 17545 9615 62 11 1 52, 0 0 0 1 0 0 0 0 0 0
1513881345.61 12053 18000 25991 30779 23483 16540 53 14 3 41, 0 0 0 1 0 0 0 0 0 0
1513881346.61 11884 15013 20604 26860 23593 17606 782 745 1 38, 0 0 0 1 0 0 0 0 0 0
1513881347.61 8164 15275 21150 25585 23784 17206 1389 1348 4 45, 0 0 0 1 0 0 0 0 0 0
1513881348.61 9892 16650 21216 22478 21031 15459 1074 1030 5 47, 0 0 0 1 0 0 0 0 0 0
1513881349.61 4048 12095 19788 22634 17219 13148 1174 1223 1 47, 0 0 0 1 0 0 0 0 0 0
1513881350.62 6369 12706 19804 25412 18924 10592 1119 1062 4 60, 0 0 0 1 0 0 0 0 0 0
1513881351.63 5823 11929 21570 28126 17241 7709 85 9 3 82, 0 0 0 1 0 0 0 0 0 0
1513881352.63 5303 12828 22242 25683 16273 7087 71 16 1 57, 0 0 0 1 0 0 0 0 0 0
1513881353.63 5269 10511 19246 20872 12347 6889 91 20 7 72, 0 0 0 1 0 0 0 0 0 0
1513881354.63 5298 12063 20842 19589 9541 5544 70 16 6 57, 0 0 0 1 0 0 0 0 0 0
1513881355.63 6723 14210 20952 20742 12772 9143 74 13 3 64, 0 0 0 1 0 0 0 0 0 0
1513881356.63 7699 12497 17978 17543 14855 12830 49 10 2 41, 0 0 0 1 0 0 0 0 0 0
1513881357.63 8215 10127 14346 13210 11402 11089 47 15 1 35, 0 0 0 1 0 0 0 0 0 0
1513881358.63 8061 10286 13416 11946 11087 11462 60 15 3 49, 0 0 0 1 0 0 0 0 0 0
1513881359.63 8575 12641 17650 19538 16448 13953 60 20 2 42, 0 0 0 1 0 0 0 0 0 0
1513881360.64 12029 16621 23091 24168 20137 18652 37 10 3 27, 0 0 0 1 0 0 0 0 0 0
1513881361.65 15376 17020 23894 25789 21972 21529 50 16 2 38, 0 0 0 1 0 0 0 0 0 0
1513881362.65 17437 17269 22680 25399 20716 21051 48 10 2 40, 0 0 0 1 0 0 0 0 0 0
1513881363.65 17805 16174 20246 26390 22566 23595 61 23 3 40, 0 0 0 1 0 0 0 0 0 0
1513881364.65 13466 12491 18144 23897 22463 21423 43 17 2 30, 0 0 0 1 0 0 0 0 0 0
1513881365.66 15448 12081 15467 22315 23999 21821 56 24 2 35, 0 0 0 1 0 0 0 0 0 0
1513881366.66 10686 10100 12892 20052 20880 15663 50 20 3 32, 0 0 0 1 0 0 0 0 0 0
1513881367.66 9176 9629 11242 18297 19158 14218 43 16 0 30, 0 0 0 1 0 0 0 0 0 0
1513881368.66 11688 11028 11229 14626 17167 14982 49 21 5 33, 0 0 0 1 0 0 0 0 0 0
1513881369.66 11688 9737 6616 8555 13371 14445 47 26 5 26, 0 0 0 1 0 0 0 0 0 0
1513881370.66 12508 12146 10230 8506 12252 14896 47 25 4 32, 0 0 0 1 0 0 0 0 0 0
1513881371.67 19561 14778 11879 8846 14286 23035 50 27 4 28, 0 0 0 1 0 0 0 0 0 0
1513881372.67 18055 15164 11975 7280 12078 22957 48 17 2 35, 0 0 0 1 0 0 0 0 0 0
1513881373.68 14782 14904 10937 6164 10480 22664 65 31 5 41, 0 0 0 1 0 0 0 0 0 0
1513881374.68 17407 16488 13223 8471 11771 21837 64 19 3 48, 0 0 0 1 0 0 0 0 0 0
1513881375.68 16125 17308 8473 3982 8876 21732 77 29 3 53, 0 0 0 1 0 0 0 0 0 0
1513881376.68 15040 14883 10300 8220 11001 22160 77 19 4 62, 0 0 0 1 0 0 0 0 0 0
1513881377.68 15040 15903 16243 16249 15233 22162 77 20 6 60, 0 0 0 1 0 0 0 0 0 0
1513881378.68 15613 16843 20491 21697 20386 20427 56 9 2 50, 0 0 0 1 0 0 0 0 0 0
1513881379.69 13398 17980 24367 20499 13367 15229 73 18 3 58, 0 0 0 1 0 0 0 0 0 0
1513881380.69 11135 14379 21259 20771 11971 12624 71 17 2 56, 0 0 0 1 0 0 0 0 0 0
1513881381.69 8126 14969 22617 24224 14695 11286 78 16 2 63, 0 0 0 1 0 0 0 0 0 0
1513881382.69 9206 15577 25548 24001 16036 14678 71 16 1 57, 0 0 0 1 0 0 0 0 0 0
1513881383.69 9278 14884 24715 25819 19956 16601 84 23 4 64, 0 0 0 1 0 0 0 0 0 0
1513881384.7 9136 12833 23495 26145 21121 18439 65 13 4 55, 0 0 0 1 0 0 0 0 0 0
1513881385.7 11833 14867 24216 27132 21735 19246 56 10 5 52, 0 0 0 1 0 0 0 0 0 0
1513881386.7 13613 14479 21684 26452 25238 22677 51 8 0 48, 0 0 0 1 0 0 0 0 0 0
1513881387.7 14219 12387 21445 27658 28284 25126 50 18 1 40, 0 0 0 1 0 0 0 0 0 0
1513881388.7 19471 14731 19483 22884 22787 26689 61 24 1 40, 0 0 0 1 0 0 0 0 0 0
1513881389.7 19471 12692 17307 19519 18414 26689 51 11 1 40, 0 0 0 1 0 0 0 0 0 0
1513881390.71 14556 12722 13876 17580 18543 23859 70 17 4 54, 0 0 0 1 0 0 0 0 0 0
1513881391.71 18090 12986 13883 17580 18620 25883 70 23 4 54, 0 0 0 1 0 0 0 0 0 0
1513881392.72 24273 0 0 0 22987 53977 0 0 0 0, 0 0 0 1 0 0 0 0 0 0
1513881393.76 14 9033 15699 18169 7409 9 85 31 6 52, 0 0 0 1 0 0 0 0 0 0
1513881394.76 16923 19891 18523 16973 16092 21784 66 30 2 40, 0 0 0 1 0 0 0 0 0 0
1513881395.76 17853 24623 23293 16263 16193 20553 48 22 1 30, 0 0 0 1 0 0 0 0 0 0
1513881396.76 16645 19684 16483 12066 11517 19943 62 25 3 40, 0 0 0 1 0 0 0 0 0 0
1513881397.76 17513 18684 14267 10427 12578 19573 57 26 4 40, 0 0 0 1 0 0 0 0 0 0
1513881398.76 16883 20905 20220 15263 12964 18560 43 11 3 37, 0 0 0 1 0 0 0 0 0 0
1513881399.76 17928 21916 21123 13011 13449 18276 50 12 1 42, 0 0 0 1 0 0 0 0 0 0
1513881400.76 18831 22851 19767 12559 12577 18750 52 29 3 28, 0 0 0 1 0 0 0 0 0 0
1513881401.76 20230 22534 21086 16839 17495 19188 193 164 3 34, 0 0 0 1 0 0 0 0 0 0
1513881402.76 19595 21844 19632 16019 16820 19670 46 11 0 37, 0 0 0 1 0 0 0 0 0 0
1513881403.76 14990 17954 18938 10917 10506 16539 56 18 3 43, 0 0 0 1 0 0 0 0 0 0
1513881404.76 12558 15922 18434 13691 13820 17128 54 22 2 37, 0 0 0 1 0 0 0 0 0 0
1513881405.77 17490 17393 19849 11481 10591 20696 63 33 6 38, 0 0 0 1 0 0 0 0 0 0
1513881406.77 21373 19056 18569 12418 12865 24564 58 31 2 32, 0 0 0 1 0 0 0 0 0 0
1513881407.77 14552 14779 13882 8808 10740 21264 50 24 3 31, 0 0 0 1 0 0 0 0 0 0
1513881408.77 17444 13881 11663 9388 10916 20083 43 14 3 31, 0 0 0 1 0 0 0 0 0 0
1513881409.77 17882 15392 9350 6315 9315 22157 48 15 2 35, 0 0 0 1 0 0 0 0 0 0
1513881410.77 16187 14782 7572 4871 9034 21760 43 9 1 38, 0 0 0 1 0 0 0 0 0 0
1513881411.77 18669 14739 5411 4638 9934 21031 64 31 3 36, 0 0 0 1 0 0 0 0 0 0
1513881412.77 14710 12516 3871 2135 7915 17467 39 16 0 26, 0 0 0 1 0 0 0 0 0 0
1513881413.77 13611 11249 3711 2805 8967 15389 37 12 4 30, 0 0 0 1 0 0 0 0 0 0
1513881414.77 14124 9243 4087 2431 4337 11081 65 20 1 49, 0 0 0 1 0 0 0 0 0 0
1513881415.77 12030 10254 7292 3687 1194 6631 68 16 2 56, 0 0 0 1 0 0 0 0 0 0
1513881416.77 8136 10023 10045 5322 1147 4038 77 15 5 64, 0 0 0 1 0 0 0 0 0 0
1513881417.77 7901 11116 13089 7423 4018 6700 91 28 1 68, 0 0 0 1 0 0 0 0 0 0
1513881418.77 10494 13113 14469 8906 6826 12166 71 13 1 62, 0 0 0 1 0 0 0 0 0 0
1513881419.78 14257 15687 13377 7865 9665 16471 70 23 2 50, 0 0 0 1 0 0 0 0 0 0
1513881420.78 15692 13942 12640 8797 12681 23077 48 16 2 36, 0 0 0 1 0 0 0 0 0 0
1513881421.78 19675 14506 13290 11768 16136 24275 44 22 6 31, 0 0 0 1 0 0 0 0 0 0
1513881422.78 21995 17985 14197 12129 14649 23590 36 9 4 29, 0 0 0 1 0 0 0 0 0 0
1513881423.79 15819 14517 12518 12044 14388 17908 38 12 4 28, 0 0 0 1 0 0 0 0 0 0
1513881424.79 16648 13813 7561 6805 10367 19076 58 23 1 38, 0 0 0 1 0 0 0 0 0 0
1513881425.79 15219 11050 5464 5188 9887 21521 63 25 1 40, 0 0 0 1 0 0 0 0 0 0
1513881426.79 15745 13140 6101 6510 11493 23301 41 10 0 32, 0 0 0 1 0 0 0 0 0 0
1513881427.79 17312 14451 9816 9604 12933 24921 56 15 2 45, 0 0 0 1 0 0 0 0 0 0
1513881428.79 15145 13700 13708 14544 16949 22919 60 18 1 45, 0 0 0 1 0 0 0 0 0 0
1513881429.8 15144 12847 15031 17657 19605 23187 56 13 1 45, 0 0 0 1 0 0 0 0 0 0
1513881430.8 15218 10872 13049 20291 20762 21177 61 14 1 49, 0 0 0 1 0 0 0 0 0 0
1513881431.8 15220 10680 11464 17547 16837 19214 64 24 2 42, 0 0 0 1 0 0 0 0 0 0
1513881432.8 12617 11153 13009 16764 15014 14450 76 37 2 42, 0 0 0 1 0 0 0 0 0 0
1513881433.81 11248 11354 17834 22202 15633 12768 64 17 3 49, 0 0 0 1 0 0 0 0 0 0
1513881434.81 10667 12121 21352 25710 16626 12619 64 20 2 58, 0 0 0 1 0 0 0 0 0 0
1513881435.81 8087 13772 23749 25304 13510 10305 91 34 5 63, 0 0 0 1 0 0 0 0 0 0
1513881436.82 7821 15382 25476 27396 15990 9562 87 22 2 67, 0 0 0 1 0 0 0 0 0 0
1513881437.82 8068 14798 23115 26095 19365 13139 79 20 3 65, 0 0 0 1 0 0 0 0 0 0
1513881438.82 9769 15853 25768 30020 23116 16589 77 16 3 35, 0 0 0 1 0 0 0 0 0 0
1513881439.82 12618 15564 23557 28848 24924 19583 48 19 1 37, 0 0 0 1 0 0 0 0 0 0
1513881440.82 12017 15357 22462 28382 22444 18541 63 20 1 44, 0 0 0 1 0 0 0 0 0 0
1513881441.83 13419 15919 19903 26845 24497 20029 39 11 0 30, 0 0 0 1 0 0 0 0 0 0
1513881442.83 10617 11355 17461 25294 25149 18074 42 9 1 33, 0 0 0 1 0 0 0 0 0 0
1513881443.86 10700 12750 18157 24576 21903 16435 56 30 1 32, 0 0 0 1 0 0 0 0 0 0
1513881444.86 9525 11954 13869 15222 16584 13288 40 15 1 31, 0 0 0 1 0 0 0 0 0 0
1513881445.86 10001 13146 15658 14215 13408 12925 46 19 2 31, 0 0 0 1 0 0 0 0 0 0
1513881446.86 13456 14977 16143 14383 12498 14133 40 16 2 28, 0 0 0 1 0 0 0 0 0 0
1513881447.86 13568 12840 11770 12409 10861 16528 49 21 4 32, 0 0 0 1 0 0 0 0 0 0
1513881448.86 20520 15998 12986 12503 15879 22373 58 26 5 36, 0 0 0 1 0 0 0 0 0 0
1513881449.86 30109 20218 13866 13310 17387 29925 46 25 2 24, 0 0 0 1 0 0 0 0 0 0
1513881450.86 26982 18963 12143 11492 14775 26945 46 23 3 28, 0 0 0 1 0 0 0 0 0 0
1513881451.86 18718 16641 11906 11252 12008 23125 59 25 4 40, 0 0 0 1 0 0 0 0 0 0
1513881452.86 13683 13038 8814 11775 13425 18415 50 24 4 29, 0 0 0 1 0 0 0 0 0 0
1513881453.86 14586 14023 12426 14168 15389 18198 57 23 6 39, 0 0 0 1 0 0 0 0 0 0
1513881454.86 13505 14133 13598 15855 15984 16530 63 23 5 45, 0 0 0 1 0 0 0 0 0 0
1513881455.87 11444 13892 13608 15153 13779 14972 59 26 5 36, 0 0 0 1 0 0 0 0 0 0
1513881456.87 11445 13426 12156 17458 12144 13784 69 13 1 61, 0 0 0 1 0 0 0 0 0 0
1513881457.87 7991 13647 14728 18912 12412 9529 72 10 1 65, 0 0 0 1 0 0 0 0 0 0
1513881458.87 7473 11879 14707 21664 16093 10355 97 15 1 86, 0 0 0 1 0 0 0 0 0 0
1513881459.88 7159 12917 14274 20812 13718 8947 87 11 2 79, 0 0 0 1 0 0 0 0 0 0
1513881460.88 4228 9515 15788 24633 13132 7074 88 17 1 74, 0 0 0 1 0 0 0 0 0 0
1513881461.88 5291 10901 19658 27632 14731 7479 72 10 2 62, 0 0 0 1 0 0 0 0 0 0
1513881462.88 3636 9703 23547 32335 16105 7200 56 14 2 43, 0 0 0 1 0 0 0 0 0 0
1513881463.89 2954 11305 26850 34840 21518 9502 55 13 3 41, 0 0 0 1 0 0 0 0 0 0
1513881464.9 4425 11503 24174 33834 22430 10902 47 12 1 37, 0 0 0 1 0 0 0 0 0 0
1513881465.9 3385 11088 24164 31486 19983 9613 43 14 0 29, 0 0 0 1 0 0 0 0 0 0
1513881466.9 5863 12915 23853 29349 21282 11889 27 8 2 24, 0 0 0 1 0 0 0 0 0 0
1513881467.9 7354 12418 23133 26868 22805 14123 65 29 3 38, 0 0 0 1 0 0 0 0 0 0
1513881468.9 6319 14772 23577 25062 20129 11010 69 36 0 36, 0 0 0 1 0 0 0 0 0 0
1513881469.91 6319 14772 23577 25062 20129 11010 69 36 0 36, 0 0 0 1 0 0 0 0 0 0
1513881470.91 6999 15096 23013 24051 18059 10391 74 36 1 38, 0 0 0 1 0 0 0 0 0 0
1513881471.91 7532 16058 20654 19639 17946 11370 48 25 2 25, 0 0 0 1 0 0 0 0 0 0
1513881472.91 7532 15912 19243 16725 16359 11403 43 19 1 36, 0 0 0 1 0 0 0 0 0 0
1513881473.92 8007 16302 20483 12546 8018 10022 66 22 2 49, 0 0 0 1 0 0 0 0 0 0
1513881474.92 8629 16667 22032 11005 7927 11956 186 142 6 53, 0 0 0 1 0 0 0 0 0 0
1513881475.92 10241 19542 23990 11656 6950 13843 736 674 8 72, 0 0 0 1 0 0 0 0 0 0
1513881476.92 10847 23279 25559 15343 9698 14177 338 284 3 63, 0 0 0 1 0 0 0 0 0 0
1513881477.92 8497 21062 23851 12808 6979 9860 433 363 7 76, 0 0 0 1 0 0 0 0 0 0
1513881478.93 8493 21172 23596 12273 5822 8773 523 456 5 72, 0 0 0 1 0 0 0 0 0 0
1513881479.93 9284 27254 34064 19120 8638 8660 1282 1146 5 139, 0 0 0 1 0 0 0 0 0 0
1513881480.94 9284 16983 23778 17568 7291 8660 960 939 5 97, 0 0 0 1 0 0 0 0 0 0
1513881481.94 8512 15672 18684 14983 7736 5257 112 25 4 93, 0 0 0 1 0 0 0 0 0 0
1513881482.94 8015 12859 14321 14950 7992 4905 122 19 1 107, 0 0 0 1 0 0 0 0 0 0
1513881483.94 8386 11927 13419 14662 8555 5458 114 15 3 100, 0 0 0 1 0 0 0 0 0 0
1513881484.94 6878 9591 11928 11933 6885 4854 84 17 4 73, 0 0 0 1 0 0 0 0 0 0
1513881485.95 5469 8748 13930 15424 7081 3181 89 12 1 78, 0 0 0 1 0 0 0 0 0 0
1513881486.95 5794 8553 11680 11609 6306 4346 94 10 3 86, 0 0 0 1 0 0 0 0 0 0
1513881487.95 6593 9691 11129 10578 6912 5614 74 20 4 62, 0 0 0 1 0 0 0 0 0 0
1513881488.95 4994 10159 12969 10023 6210 3936 75 34 8 48, 0 0 0 1 0 0 0 0 0 0
1513881489.95 8019 11525 14211 18079 14918 10852 78 35 9 51, 0 0 0 1 0 0 0 0 0 0
1513881490.96 6440 13966 17608 21654 11646 8527 56 25 3 34, 0 0 0 1 0 0 0 0 0 0
1513881491.97 7111 14423 16323 22731 12030 9454 80 19 3 63, 0 0 0 1 0 0 0 0 0 0
1513881492.97 7515 19106 21052 21393 10805 8275 67 19 3 50, 0 0 0 1 0 0 0 0 0 0
1513881493.97 6288 16302 21125 22384 9307 8005 75 20 3 56, 0 0 0 1 0 0 0 0 0 0
1513881494.98 7154 15968 20395 22421 10079 8325 61 19 1 47, 0 0 0 1 0 0 0 0 0 0
1513881495.98 10863 14534 17122 23038 17535 14143 58 20 3 41, 0 0 0 1 0 0 0 0 0 0
1513881496.98 8103 12246 14959 21911 17254 11542 37 14 1 29, 0 0 0 1 0 0 0 0 0 0
1513881497.98 12228 13316 12895 16884 15022 11952 35 14 3 21, 0 0 0 1 0 0 0 0 0 0
1513881498.98 13568 12614 10605 13417 12082 12259 25 11 3 19, 0 0 0 1 0 0 0 0 0 0
1513881499.98 9430 9825 9788 12284 11407 9141 46 26 2 20, 0 0 0 1 0 0 0 0 0 0
1513881500.98 10300 10346 9503 9956 9830 9524 30 20 5 15, 0 0 0 1 0 0 0 0 0 0
1513881501.98 14287 12633 9814 8437 7658 11225 32 12 5 24, 0 0 0 1 0 0 0 0 0 0
1513881502.98 11947 13732 12900 12609 10698 9438 40 32 3 18, 0 0 0 1 0 0 0 0 0 0
1513881503.98 8960 18249 20323 13709 8996 7220 52 31 4 29, 0 0 0 1 0 0 0 0 0 0
1513881504.99 5891 18811 25711 21017 9639 6841 69 37 7 38, 0 0 0 1 0 0 0 0 0 0
1513881505.99 5849 20746 27832 18840 7810 3570 64 39 5 33, 0 0 0 1 0 0 0 0 0 0
1513881506.99 3809 14830 26999 22588 8646 3579 59 27 1 37, 0 0 0 1 0 0 0 0 0 0
1513881507.99 4446 13675 25416 24375 10733 4955 48 19 1 34, 0 0 0 1 0 0 0 0 0 0
1513881508.99 5155 14999 26555 25051 9660 5401 48 15 1 38, 0 0 0 1 0 0 0 0 0 0
1513881510.0 5157 15920 27391 26053 13480 5155 45 15 1 30, 0 0 0 1 0 0 0 0 0 0
1513881511.0 5330 12511 20011 22494 14364 8146 51 26 2 30, 0 0 0 1 0 0 0 0 0 0
1513881512.01 4856 10290 16986 19637 11888 6603 32 19 1 16, 0 0 0 1 0 0 0 0 0 0
1513881513.01 4763 7531 12970 12796 7642 4870 44 16 1 34, 0 0 0 1 0 0 0 0 0 0
1513881514.01 6055 9163 11565 9761 6712 5620 38 19 1 23, 0 0 0 1 0 0 0 0 0 0
1513881515.01 6467 13196 16068 12604 7965 6050 57 36 2 46, 0 0 0 1 0 0 0 0 0 0
1513881516.01 5770 16447 19771 12635 6886 4419 51 33 3 26, 0 0 0 1 0 0 0 0 0 0
1513881517.01 8007 18582 20919 12851 6740 4739 46 19 3 31, 0 0 0 1 0 0 0 0 0 0
1513881518.01 7454 17204 19218 10765 4605 3850 51 21 3 34, 0 0 0 1 0 0 0 0 0 0
1513881519.02 8037 14765 17842 10492 3782 5157 53 11 1 49, 0 0 0 1 0 0 0 0 0 0
1513881520.02 11008 14488 16022 9837 7063 11236 41 16 2 35, 0 0 0 1 0 0 0 0 0 0
1513881521.02 13948 16733 14633 8516 9209 14905 47 18 1 35, 0 0 0 1 0 0 0 0 0 0
1513881522.03 19119 13955 10658 8626 10392 19740 25 13 2 17, 0 0 0 1 0 0 0 0 0 0
1513881523.03 17844 12314 10780 11622 13063 19947 34 12 1 30, 0 0 0 1 0 0 0 0 0 0
1513881524.03 18207 13051 9762 11289 13120 20145 25 8 1 17, 0 0 0 1 0 0 0 0 0 0
1513881525.03 12519 12768 11695 12205 10924 12054 24 6 1 20, 0 0 0 1 0 0 0 0 0 0
1513881526.03 12136 12258 12637 14745 12823 11522 193 181 2 14, 0 0 0 1 0 0 0 0 0 0
1513881527.03 11434 13979 14667 13144 11782 10884 26 19 1 12, 0 0 0 1 0 0 0 0 0 0
1513881528.04 10002 16729 20954 17456 12706 11357 45 34 2 15, 0 0 0 1 0 0 0 0 0 0
1513881529.04 9469 17435 24879 23106 12226 9438 32 19 1 19, 0 0 0 1 0 0 0 0 0 0
1513881530.04 9705 15980 21123 20205 12579 9437 33 19 2 20, 0 0 0 1 0 0 0 0 0 0
1513881531.04 14267 16890 17770 13890 9784 11848 45 28 2 20, 0 0 0 1 0 0 0 0 0 0
1513881532.05 7302 13979 19015 14708 8749 7159 41 20 2 26, 0 0 0 1 0 0 0 0 0 0
1513881533.05 14282 18621 21875 15850 10559 13801 45 25 3 30, 0 0 0 1 0 0 0 0 0 0
1513881534.05 17590 19210 20482 16151 11968 16945 40 14 2 33, 0 0 0 1 0 0 0 0 0 0
1513881535.05 14670 17588 19928 20216 16446 15793 43 16 2 34, 0 0 0 1 0 0 0 0 0 0
1513881536.05 10657 17276 21397 23049 12835 12933 39 13 3 33, 0 0 0 1 0 0 0 0 0 0
1513881537.06 9650 17789 23686 25855 16262 14705 46 19 4 35, 0 0 0 1 0 0 0 0 0 0
1513881538.07 9650 16391 26149 29211 20376 14703 48 17 4 43, 0 0 0 1 0 0 0 0 0 0
1513881539.07 7475 11317 20815 31150 24558 13034 49 16 3 24, 0 0 0 1 0 0 0 0 0 0
1513881540.07 7263 10213 18249 29558 19964 11813 41 20 2 23, 0 0 0 1 0 0 0 0 0 0
1513881541.08 7368 11451 17774 29556 22272 14802 54 19 1 37, 0 0 0 1 0 0 0 0 0 0
1513881542.08 9589 13060 19511 31548 27108 18642 33 15 3 23, 0 0 0 1 0 0 0 0 0 0
1513881543.08 9109 15604 23209 34302 27595 15084 32 11 1 26, 0 0 0 1 0 0 0 0 0 0
1513881544.08 12872 15887 24737 34240 26857 18189 35 18 0 25, 0 0 0 1 0 0 0 0 0 0
1513881545.09 13515 14129 22824 32426 25980 18531 34 15 0 28, 0 0 0 1 0 0 0 0 0 0
1513881546.09 13608 10173 17999 30961 26086 20736 39 25 1 23, 0 0 0 1 0 0 0 0 0 0
1513881547.1 13543 8050 13675 27651 28593 22302 29 15 0 21, 0 0 0 1 0 0 0 0 0 0
1513881548.1 12105 5823 14134 23469 23823 21898 33 15 1 26, 0 0 0 1 0 0 0 0 0 0
1513881549.1 7763 13025 17793 18063 15337 10370 53 32 3 26, 0 0 0 1 0 0 0 0 0 0
1513881550.11 8545 17207 19204 14795 12767 8753 65 46 5 24, 0 0 0 1 0 0 0 0 0 0
1513881551.11 8301 14873 16887 10445 7668 9886 58 38 2 25, 0 0 0 1 0 0 0 0 0 0
1513881552.11 13082 19353 21987 14848 13078 16201 68 52 3 23, 0 0 0 1 0 0 0 0 0 0
1513881553.11 12543 19918 21393 14242 13854 16824 60 42 4 23, 0 0 0 1 0 0 0 0 0 0
1513881554.12 11495 21148 21810 12711 12739 15322 38 24 2 15, 0 0 0 1 0 0 0 0 0 0
1513881555.12 14333 20019 22989 13184 13673 17082 37 23 2 14, 0 0 0 1 0 0 0 0 0 0
1513881556.12 14407 21828 21604 13992 14687 16206 39 24 3 19, 0 0 0 1 0 0 0 0 0 0
1513881557.12 16389 22919 22346 15117 15574 18549 29 16 2 15, 0 0 0 1 0 0 0 0 0 0
1513881558.12 18488 24662 22831 14047 14165 17571 36 16 2 22, 0 0 0 1 0 0 0 0 0 0
1513881559.13 19993 21403 18191 13178 14284 18756 37 19 1 20, 0 0 0 1 0 0 0 0 0 0
1513881560.13 15132 15610 12718 11565 14337 15520 25 14 0 12, 0 0 0 1 0 0 0 0 0 0
1513881561.14 15132 15610 12713 11476 13955 15521 27 15 1 13, 0 0 0 1 0 0 0 0 0 0
1513881562.14 14401 12285 12778 15653 15874 16410 22 10 3 12, 0 0 0 1 0 0 0 0 0 0
1513881563.14 12541 12585 17608 23687 20026 15961 44 16 2 32, 0 0 0 1 0 0 0 0 0 0
1513881564.14 7009 10221 19485 24992 17582 9889 41 29 4 20, 0 0 0 1 0 0 0 0 0 0
1513881565.14 9470 12405 20721 25372 17871 12409 35 20 4 20, 0 0 0 1 0 0 0 0 0 0
1513881566.14 9454 12476 20882 24953 14770 12624 29 15 1 20, 0 0 0 1 0 0 0 0 0 0
1513881567.14 10153 11651 20760 22798 15625 13931 58 28 6 38, 0 0 0 1 0 0 0 0 0 0
1513881568.15 7656 10878 18261 22711 17075 12713 72 33 7 45, 0 0 0 1 0 0 0 0 0 0
1513881569.15 11294 15862 22873 30713 27906 18520 56 27 5 33, 0 0 0 1 0 0 0 0 0 0
1513881570.15 11878 17354 22023 30000 27444 18048 39 20 6 24, 0 0 0 1 0 0 0 0 0 0
1513881571.15 10637 16618 20056 23418 20123 16020 37 22 4 22, 0 0 0 1 0 0 0 0 0 0
1513881572.16 11551 18054 22879 24811 22034 14684 43 20 4 27, 0 0 0 1 0 0 0 0 0 0
1513881573.16 11017 17799 24499 27589 22526 14714 41 18 4 25, 0 0 0 1 0 0 0 0 0 0
1513881574.16 10017 19307 24473 23976 19661 12768 39 21 5 23, 0 0 0 1 0 0 0 0 0 0
1513881575.16 5961 16411 19411 20669 10317 5327 56 29 8 33, 0 0 0 1 0 0 0 0 0 0
1513881576.16 5961 16411 19411 20669 10317 5327 56 29 8 33, 0 0 0 1 0 0 0 0 0 0
1513881577.16 8187 14237 13503 14241 11121 7382 77 40 6 44, 0 0 0 1 0 0 0 0 0 0
1513881578.17 8214 18467 19404 11708 5438 5793 71 44 5 41, 0 0 0 1 0 0 0 0 0 0
1513881579.17 10821 18925 19924 11271 4143 5787 60 27 4 39, 0 0 0 1 0 0 0 0 0 0
1513881580.18 10784 18855 17429 6942 3002 6106 71 32 5 50, 0 0 0 1 0 0 0 0 0 0
1513881581.18 9591 17038 16584 6867 2490 5569 70 16 2 56, 0 0 0 1 0 0 0 0 0 0
1513881582.19 9913 15714 15738 8778 3254 6187 76 26 6 55, 0 0 0 1 0 0 0 0 0 0
1513881583.19 9982 12538 11247 7222 4436 6939 71 23 4 50, 0 0 0 1 0 0 0 0 0 0
1513881584.19 9760 11722 10194 6795 5421 7677 89 31 5 66, 0 0 0 1 0 0 0 0 0 0
1513881585.19 8695 13543 16148 14966 10308 8560 105 22 2 88, 0 0 0 1 0 0 0 0 0 0
1513881586.19 8237 14744 17791 20788 13016 9485 90 20 3 72, 0 0 0 1 0 0 0 0 0 0
1513881587.19 7128 12242 16620 24146 16892 9044 53 19 3 39, 0 0 0 1 0 0 0 0 0 0
1513881588.19 3254 10922 19670 26716 15147 5994 49 9 2 42, 0 0 0 1 0 0 0 0 0 0
1513881589.19 4993 13221 21262 24514 15739 7742 44 13 0 31, 0 0 0 1 0 0 0 0 0 0
1513881590.2 6613 12133 20556 19086 13122 9781 51 17 4 35, 0 0 0 1 0 0 0 0 0 0
1513881591.22 6613 12133 20556 19086 13122 9781 51 17 4 35, 0 0 0 1 0 0 0 0 0 0
1513881592.22 6959 13243 20315 22137 15035 9677 62 25 6 43, 0 0 0 1 0 0 0 0 0 0
1513881593.22 7403 13671 20549 24868 17816 10501 62 12 3 36, 0 0 0 1 0 0 0 0 0 0
1513881594.22 8054 16598 23134 25185 19541 11044 51 16 0 36, 0 0 0 1 0 0 0 0 0 0
1513881595.22 7659 16715 22131 25298 20453 11047 54 19 2 41, 0 0 0 1 0 0 0 0 0 0
1513881596.23 6587 12806 20790 27496 21380 11474 43 23 2 23, 0 0 0 1 0 0 0 0 0 0
1513881597.23 3742 11529 22099 30552 19082 8622 56 13 3 45, 0 0 0 1 0 0 0 0 0 0
1513881598.23 4867 12106 22793 31775 20342 11019 68 28 6 43, 0 0 0 1 0 0 0 0 0 0
1513881599.23 5699 13419 25048 31837 23422 11942 59 25 5 39, 0 0 0 1 0 0 0 0 0 0
1513881600.24 3303 11452 22733 29711 18554 8673 52 14 3 39, 0 0 0 1 0 0 0 0 0 0
1513881601.24 5453 10805 21355 28381 17527 12721 45 12 0 36, 0 0 0 1 0 0 0 0 0 0
1513881602.25 9815 11726 20773 26460 19554 17269 45 13 0 35, 0 0 0 1 0 0 0 0 0 0
1513881603.26 11930 9857 15185 22771 23104 21769 55 19 4 39, 0 0 0 1 0 0 0 0 0 0
1513881604.26 16853 9154 9037 15119 16348 21608 37 9 2 31, 0 0 0 1 0 0 0 0 0 0
1513881605.26 15198 10612 12491 17053 17937 20070 41 16 3 26, 0 0 0 1 0 0 0 0 0 0
1513881606.26 15903 11659 14387 20691 21982 24233 53 20 3 34, 0 0 0 1 0 0 0 0 0 0
1513881607.26 16231 11241 12411 17539 21096 23666 42 11 1 32, 0 0 0 1 0 0 0 0 0 0
1513881608.26 17945 12288 11252 14070 19426 27292 63 24 5 48, 0 0 0 1 0 0 0 0 0 0
1513881609.26 20016 11577 10026 13517 19334 28508 66 15 0 53, 0 0 0 1 0 0 0 0 0 0
1513881610.27 18178 13060 11296 11418 15605 25166 55 12 0 44, 0 0 0 1 0 0 0 0 0 0
1513881611.29 18178 13060 11296 11418 15605 25166 55 12 0 44, 0 0 0 1 0 0 0 0 0 0
1513881612.29 16034 16049 16336 15464 16982 23673 44 16 4 33, 0 0 0 1 0 0 0 0 0 0
1513881613.29 15409 19356 18689 18106 16996 18752 103 38 1 68, 0 0 0 1 0 0 0 0 0 0
1513881614.29 14607 21278 23670 21637 13607 14849 69 28 1 44, 0 0 0 1 0 0 0 0 0 0
1513881615.29 16131 21616 23477 20116 15571 16741 77 24 1 59, 0 0 0 1 0 0 0 0 0 0
1513881616.29 14970 19945 22235 20498 14238 16209 73 25 1 54, 0 0 0 1 0 0 0 0 0 0
1513881617.3 11635 17341 20195 16635 9491 13519 83 21 1 62, 0 0 0 1 0 0 0 0 0 0
1513881618.3 11248 17138 17351 15630 9852 11503 68 17 3 54, 0 0 0 1 0 0 0 0 0 0
1513881619.3 11096 16983 18477 15456 9413 12042 71 12 0 64, 0 0 0 1 0 0 0 0 0 0
1513881620.3 11019 14530 16207 15908 11278 13010 76 18 2 62, 0 0 0 1 0 0 0 0 0 0
1513881621.3 14971 13613 14472 15813 12728 15459 61 7 1 54, 0 0 0 1 0 0 0 0 0 0
1513881622.3 15674 13659 15253 16143 14270 18422 43 12 0 33, 0 0 0 1 0 0 0 0 0 0
1513881623.3 13225 10100 13050 14492 12293 16900 69 19 2 52, 0 0 0 1 0 0 0 0 0 0
1513881624.3 16299 8971 8952 14472 14890 20534 55 9 1 46, 0 0 0 1 0 0 0 0 0 0
1513881625.3 17073 9370 8527 13722 14465 17888 44 15 2 31, 0 0 0 1 0 0 0 0 0 0
1513881626.31 12859 6888 7127 15867 19455 17007 55 25 2 35, 0 0 0 1 0 0 0 0 0 0
1513881627.31 11899 8401 8321 10983 12055 13731 103 62 7 48, 0 0 0 1 0 0 0 0 0 0
1513881628.31 10432 8727 8295 9066 9941 12360 62 28 6 40, 0 0 0 1 0 0 0 0 0 0
1513881629.31 8060 8970 10286 9929 7405 8660 52 25 0 31, 0 0 0 1 0 0 0 0 0 0
1513881630.31 9550 10949 9337 8317 6430 9033 57 29 8 33, 0 0 0 1 0 0 0 0 0 0
1513881631.31 10740 15665 15118 11785 9310 10268 71 35 3 40, 0 0 0 1 0 0 0 0 0 0
1513881632.32 8356 15689 18227 13861 8495 8219 75 16 3 62, 0 0 0 1 0 0 0 0 0 0
1513881633.32 5980 16905 21008 16275 9225 5180 87 16 0 72, 0 0 0 1 0 0 0 0 0 0
1513881634.32 6910 16292 21596 19008 11740 7130 131 17 4 116, 0 0 0 1 0 0 0 0 0 0
1513881635.32 8459 14927 19020 21468 17335 10892 138 19 3 122, 0 0 0 1 0 0 0 0 0 0
1513881636.32 7595 10796 14497 21863 17823 11824 87 9 1 81, 0 0 0 1 0 0 0 0 0 0
1513881637.33 7511 10930 16616 21945 14456 11733 93 21 2 72, 0 0 0 1 0 0 0 0 0 0
1513881638.34 7910 8652 13898 21025 14403 14794 85 11 3 75, 0 0 0 1 0 0 0 0 0 0
1513881639.34 9773 10872 11968 21627 22666 18281 61 9 2 51, 0 0 0 1 0 0 0 0 0 0
1513881640.34 12651 8970 9677 18666 19006 20520 79 28 6 56, 0 0 0 1 0 0 0 0 0 0
1513881641.34 13072 10020 12382 20536 20090 19965 69 25 0 46, 0 0 0 1 0 0 0 0 0 0
1513881642.34 9955 12346 16239 18306 17310 16840 78 27 5 55, 0 0 0 1 0 0 0 0 0 0
1513881643.35 8654 12196 16103 17000 15232 14134 76 12 0 67, 0 0 0 1 0 0 0 0 0 0
1513881644.35 10368 12390 16100 16416 10713 9520 64 21 3 48, 0 0 0 1 0 0 0 0 0 0
1513881645.35 10237 12195 18968 22160 13436 10158 88 18 2 72, 0 0 0 1 0 0 0 0 0 0
1513881646.35 7276 12769 20098 27192 17269 8433 92 34 0 59, 0 0 0 1 0 0 0 0 0 0
1513881647.35 7252 13219 21770 27243 14581 8435 92 27 1 55, 0 0 0 1 0 0 0 0 0 0
1513881648.36 6723 13830 23486 25289 13013 6939 83 18 3 65, 0 0 0 1 0 0 0 0 0 0
1513881649.36 7495 14585 23912 27002 15433 8707 79 16 2 64, 0 0 0 1 0 0 0 0 0 0
1513881650.36 6098 13250 21101 23498 12045 7845 60 9 0 56, 0 0 0 1 0 0 0 0 0 0
1513881651.36 7258 14525 19994 24461 14831 8883 91 23 4 72, 0 0 0 1 0 0 0 0 0 0
1513881652.36 8187 10548 17226 22629 15351 9272 80 15 2 67, 0 0 0 1 0 0 0 0 0 0
1513881653.36 8030 10199 17281 18553 11664 9140 73 11 1 63, 0 0 0 1 0 0 0 0 0 0
1513881654.37 11176 11487 17369 19043 14972 14997 52 11 1 44, 0 0 0 1 0 0 0 0 0 0
1513881655.37 13270 12772 17494 19990 14256 15070 64 17 2 49, 0 0 0 1 0 0 0 0 0 0
1513881656.37 16634 15463 17319 18558 15415 19655 59 21 1 40, 0 0 0 1 0 0 0 0 0 0
1513881657.38 16927 16433 15308 15227 15071 20323 54 9 0 47, 0 0 0 1 0 0 0 0 0 0
1513881658.38 16199 14453 12550 16703 19637 21375 60 21 5 44, 0 0 0 1 0 0 0 0 0 0
1513881659.38 16589 12955 11404 17665 20243 21714 71 21 4 57, 0 0 0 1 0 0 0 0 0 0
1513881660.42 16589 12955 11404 17665 20243 21714 71 21 4 57, 0 0 0 1 0 0 0 0 0 0
1513881661.42 12934 15288 17020 19950 20515 20807 52 10 1 45, 0 0 0 1 0 0 0 0 0 0
1513881662.42 12934 13986 17520 20795 21868 20807 52 10 2 45, 0 0 0 1 0 0 0 0 0 0
1513881663.43 15640 16595 18737 21491 22635 22797 46 9 2 43, 0 0 0 1 0 0 0 0 0 0
1513881664.43 15697 16595 18730 21491 21148 21106 46 5 2 43, 0 0 0 1 0 0 0 0 0 0
1513881665.46 18099 15997 18466 22483 22694 22736 54 10 1 47, 0 0 0 1 0 0 0 0 0 0
1513881666.46 15687 15041 16007 20380 19057 18696 60 15 3 46, 0 0 0 1 0 0 0 0 0 0
1513881667.47 10523 12361 16687 22594 20383 13776 86 20 1 69, 0 0 0 1 0 0 0 0 0 0
1513881668.47 7467 10586 17789 24387 21035 11931 319 267 4 57, 0 0 0 1 0 0 0 0 0 0
1513881669.47 12262 14480 19803 25538 19589 13733 65 14 2 55, 0 0 0 1 0 0 0 0 0 0
1513881670.48 12260 14446 19383 24553 17758 13731 57 11 0 51, 0 0 0 1 0 0 0 0 0 0
1513881671.49 17478 17152 18800 23908 19036 17450 62 20 1 44, 0 0 0 1 0 0 0 0 0 0
1513881672.49 19714 16100 15156 20668 20042 19307 54 9 0 46, 0 0 0 1 0 0 0 0 0 0
1513881673.49 18304 15965 13361 17970 17728 18345 42 11 1 35, 0 0 0 1 0 0 0 0 0 0
1513881674.49 15322 13905 12843 15481 15524 17074 64 19 3 48, 0 0 0 1 0 0 0 0 0 0
1513881675.5 14370 18199 20598 21168 16797 16571 51 18 3 40, 0 0 0 1 0 0 0 0 0 0
1513881676.52 14370 16309 21510 23920 17578 16573 80 23 1 61, 0 0 0 1 0 0 0 0 0 0
1513881677.53 16676 19837 23789 24544 18781 19090 53 19 1 35, 0 0 0 1 0 0 0 0 0 0
1513881678.53 15661 18785 22600 21579 18360 18874 46 11 2 38, 0 0 0 1 0 0 0 0 0 0
1513881679.53 16702 17005 20528 21777 20236 21602 41 13 2 30, 0 0 0 1 0 0 0 0 0 0
1513881680.54 18094 17751 19586 19975 18573 21905 40 14 2 28, 0 0 0 1 0 0 0 0 0 0
1513881681.54 18094 17180 18574 19794 18804 21905 39 11 2 33, 0 0 0 1 0 0 0 0 0 0
1513881682.58 15518 15488 20232 25324 21275 18370 45 17 1 31, 0 0 0 1 0 0 0 0 0 0
1513881683.58 11544 12481 22552 23950 14437 15807 58 24 1 38, 0 0 0 1 0 0 0 0 0 0
1513881684.58 9833 11045 19882 19950 13002 14428 85 27 1 59, 0 0 0 1 0 0 0 0 0 0
1513881685.58 10603 14030 23125 23926 18046 16791 80 15 2 69, 0 0 0 1 0 0 0 0 0 0
1513881686.58 7372 8382 21299 21248 14069 12057 96 49 2 52, 0 0 0 1 0 0 0 0 0 0
1513881687.59 14016 15223 22566 21907 15754 17246 79 36 5 48, 0 0 0 1 0 0 0 0 0 0
1513881688.59 14076 14778 20792 21053 15197 19014 65 26 6 46, 0 0 0 1 0 0 0 0 0 0
1513881689.6 13643 14606 20445 19171 14413 16537 206 178 1 32, 0 0 0 1 0 0 0 0 0 0
1513881690.6 13643 14606 20445 19171 14413 16537 206 178 1 32, 0 0 0 1 0 0 0 0 0 0
1513881691.6 6545 8481 11596 9342 6815 7674 228 205 1 25, 0 0 0 1 0 0 0 0 0 0
1513881692.61 10905 16240 23104 18513 11767 10746 792 765 4 32, 0 0 0 1 0 0 0 0 0 0
1513881693.61 10794 13627 20357 16549 13625 16295 85 41 3 46, 0 0 0 1 0 0 0 0 0 0
1513881694.62 14083 19944 23456 18034 17046 17724 55 15 4 43, 0 0 0 1 0 0 0 0 0 0
1513881695.62 15513 21423 24000 17965 16841 17722 43 12 0 33, 0 0 0 1 0 0 0 0 0 0
1513881696.62 15441 20088 21271 17812 16668 18698 223 174 0 51, 0 0 0 1 0 0 0 0 0 0
1513881697.62 12112 16123 15711 10524 10213 11839 43 13 2 33, 0 0 0 1 0 0 0 0 0 0
1513881698.62 12117 15255 13636 9541 10370 12704 62 28 1 37, 0 0 0 1 0 0 0 0 0 0
1513881699.63 13977 16170 13050 11993 11874 12702 52 18 2 38, 0 0 0 1 0 0 0 0 0 0
1513881700.63 16040 15249 12718 15427 14775 17021 72 21 2 56, 0 0 0 1 0 0 0 0 0 0
1513881701.64 16660 16168 12724 15427 16293 20012 72 20 2 56, 0 0 0 1 0 0 0 0 0 0
1513881702.66 13752 18484 21959 21053 16668 17639 70 13 2 61, 0 0 0 1 0 0 0 0 0 0
1513881703.68 12956 18952 26584 26153 20373 18038 72 9 0 66, 0 0 0 1 0 0 0 0 0 0
1513881704.68 10420 17176 23300 23290 17911 15004 49 8 0 43, 0 0 0 1 0 0 0 0 0 0
1513881705.69 12306 17828 23540 26451 20058 15334 65 22 2 50, 0 0 0 1 0 0 0 0 0 0
1513881706.69 11467 16336 22274 25253 19331 13858 56 13 0 44, 0 0 0 1 0 0 0 0 0 0
1513881707.69 11875 14798 19399 21568 17613 14941 55 15 3 44, 0 0 0 1 0 0 0 0 0 0
1513881708.69 12937 14287 19027 20456 18389 17239 63 25 2 39, 0 0 0 1 0 0 0 0 0 0
1513881709.7 14928 14157 16051 17494 16030 17530 59 28 1 36, 0 0 0 1 0 0 0 0 0 0
1513881710.7 18137 11108 8874 13468 13839 18097 60 26 1 39, 0 0 0 1 0 0 0 0 0 0
1513881711.7 20554 14622 12260 19069 20686 22121 65 22 1 48, 0 0 0 1 0 0 0 0 0 0
1513881712.74 18712 16099 18567 26385 21616 23121 43 7 0 37, 0 0 0 1 0 0 0 0 0 0
1513881713.74 14876 16915 22179 28523 25159 23382 62 16 1 53, 0 0 0 1 0 0 0 0 0 0
1513881714.74 11893 17224 25202 28743 24224 19185 63 13 2 56, 0 0 0 1 0 0 0 0 0 0
1513881715.74 8755 14932 22752 28551 26180 18146 179 147 0 34, 0 0 0 1 0 0 0 0 0 0
1513881716.74 8560 14523 22222 26838 24955 18543 780 744 1 42, 0 0 0 1 0 0 0 0 0 0
1513881717.74 9172 13091 20785 25816 24559 18313 1115 1079 1 45, 0 0 0 1 0 0 0 0 0 0
1513881718.74 9095 12967 18854 23630 22457 15584 388 354 5 35, 0 0 0 1 0 0 0 0 0 0
1513881719.74 6901 13271 19203 20341 19114 13352 53 24 2 31, 0 0 0 1 0 0 0 0 0 0
1513881720.74 5463 13539 20111 16957 14415 10747 59 18 3 47, 0 0 0 1 0 0 0 0 0 0
1513881721.74 4593 14752 20084 14384 9079 6156 81 30 7 57, 0 0 0 1 0 0 0 0 0 0
1513881722.74 7177 17295 20519 13092 6645 6063 89 35 8 60, 0 0 0 1 0 0 0 0 0 0
1513881723.74 9164 16782 21829 19527 12259 6987 95 41 7 59, 0 0 0 1 0 0 0 0 0 0
1513881724.74 11981 17720 20982 24360 19300 11077 84 18 5 67, 0 0 0 1 0 0 0 0 0 0
1513881725.74 9528 19013 27030 30766 22678 9913 65 25 4 45, 0 0 0 1 0 0 0 0 0 0
1513881726.74 10307 19990 29246 31094 21737 11234 65 16 3 51, 0 0 0 1 0 0 0 0 0 0
1513881727.74 11620 21063 30156 30555 21420 12282 45 10 3 37, 0 0 0 1 0 0 0 0 0 0
1513881728.74 11179 20164 29110 33873 22950 11666 53 7 3 50, 0 0 0 1 0 0 0 0 0 0
1513881729.74 9215 18401 25949 30167 21483 11368 75 24 5 56, 0 0 0 1 0 0 0 0 0 0
1513881730.74 10190 19739 23465 26761 19912 12300 72 18 3 55, 0 0 0 1 0 0 0 0 0 0
1513881731.74 11039 21150 25151 26233 21805 15536 69 11 1 62, 0 0 0 1 0 0 0 0 0 0
1513881732.74 8695 15477 24838 28722 22078 14773 52 11 0 41, 0 0 0 1 0 0 0 0 0 0
1513881733.74 4600 11522 24492 28810 19215 11378 59 9 1 53, 0 0 0 1 0 0 0 0 0 0
1513881734.74 3616 7909 17235 20516 11418 10782 86 22 6 71, 0 0 0 1 0 0 0 0 0 0
1513881735.75 11179 12870 18012 22511 18062 14503 100 42 6 66, 0 0 0 1 0 0 0 0 0 0
1513881736.75 10883 21163 27111 23274 16462 12503 80 32 3 52, 0 0 0 1 0 0 0 0 0 0
1513881737.75 9321 24007 26536 16866 13246 10265 90 40 6 57, 0 0 0 1 0 0 0 0 0 0
1513881738.76 6794 22552 26059 14252 8037 5495 79 28 4 55, 0 0 0 1 0 0 0 0 0 0
1513881739.76 6405 22455 25810 12545 4403 3494 90 22 2 71, 0 0 0 1 0 0 0 0 0 0
1513881740.76 7626 23133 24346 11332 7004 6031 124 40 4 86, 0 0 0 1 0 0 0 0 0 0
1513881741.76 9130 24012 25840 14716 11123 9434 936 862 5 84, 0 0 0 1 0 0 0 0 0 0
1513881742.76 8591 24225 30535 17685 11123 9435 936 862 6 138, 0 0 0 1 0 0 0 0 0 0
1513881743.76 5265 15043 13366 5431 2647 2575 185 119 0 68, 0 0 0 1 0 0 0 0 0 0
1513881744.77 8748 25531 26834 11464 5934 5727 208 85 3 130, 0 0 0 1 0 0 0 0 0 0
1513881745.77 9141 25684 26285 12924 7364 6596 327 217 2 112, 0 0 0 1 0 0 0 0 0 0
1513881746.78 9141 21372 21859 14529 8764 6596 327 217 3 99, 0 0 0 1 0 0 0 0 0 0
1513881747.78 12874 17354 20933 19036 17575 15852 700 617 1 85, 0 0 0 1 0 0 0 0 0 0
1513881748.78 12420 18753 22647 24511 30900 23668 100 31 3 52, 0 0 0 1 0 0 0 0 0 0
1513881749.78 12712 9693 15816 13653 13457 21110 33 15 5 50, 0 0 0 1 0 0 0 0 0 0
1513881750.78 7142 18299 31216 37432 28523 13902 99 42 10 65, 0 0 0 1 0 0 0 0 0 0
1513881751.78 15412 8799 8704 19756 21006 19903 44 9 0 14, 0 0 0 1 0 0 0 0 0 0
1513881752.79 8525 6454 21651 30363 22139 15669 59 39 3 46, 0 0 0 1 0 0 0 0 0 0
1513881753.79 4678 8943 13464 11539 9240 6946 71 22 4 16, 0 0 0 1 0 0 0 0 0 0
1513881754.79 8380 12677 26644 33257 22388 13416 72 46 3 68, 0 0 0 1 0 0 0 0 0 0
1513881755.79 7005 12259 19133 20436 10614 5415 591 528 2 72, 0 0 0 1 0 0 0 0 0 0
1513881756.79 6232 13064 19139 22591 10589 5231 283 235 2 52, 0 0 0 1 0 0 0 0 0 0
1513881757.79 7548 11993 15888 20567 12304 7339 426 361 2 69, 0 0 0 1 0 0 0 0 0 0
1513881758.8 6168 10740 13696 17870 13559 6978 631 573 2 33, 0 0 0 1 0 0 0 0 0 0
1513881759.8 6619 15577 24772 23433 12441 6793 602 551 0 52, 0 0 0 1 0 0 0 0 0 0
1513881760.8 6851 14521 32349 30225 12545 6281 533 478 0 87, 0 0 0 1 0 0 0 0 0 0
1513881761.8 6115 15908 26472 25143 16058 8609 1049 1013 1 41, 0 0 0 1 0 0 0 0 0 0
1513881762.81 6115 15908 24450 24824 18638 9928 663 291 1 48, 0 0 0 1 0 0 0 0 0 0
1513881763.81 6573 7512 13532 21814 19099 11315 49 9 1 44, 0 0 0 1 0 0 0 0 0 0
1513881764.82 6573 7512 13532 21814 19099 11315 49 9 1 44, 0 0 0 1 0 0 0 0 0 0
1513881765.84 10776 8318 10250 15996 15144 13682 47 16 2 35, 0 0 0 1 0 0 0 0 0 0
1513881766.84 19010 14167 16268 26024 25808 27529 57 11 1 50, 0 0 0 1 0 0 0 0 0 0
1513881767.86 19010 12023 12948 23072 23110 27533 55 10 2 46, 0 0 0 1 0 0 0 0 0 0
1513881768.86 18196 14416 16172 22622 24350 29121 59 6 0 55, 0 0 0 1 0 0 0 0 0 0
1513881769.86 16698 14008 17837 20961 20350 24099 72 14 2 59, 0 0 0 1 0 0 0 0 0 0
1513881770.87 17349 14427 16642 21155 21164 26033 61 15 3 50, 0 0 0 1 0 0 0 0 0 0
1513881771.87 19730 15146 15231 20296 22139 25768 62 17 2 48, 0 0 0 1 0 0 0 0 0 0
1513881772.87 17154 13734 14718 19308 19707 20938 48 13 1 40, 0 0 0 1 0 0 0 0 0 0
1513881773.87 13295 8715 11305 16769 17344 18051 46 17 1 34, 0 0 0 1 0 0 0 0 0 0
1513881774.88 11100 10575 10036 12757 14667 16486 55 20 2 39, 0 0 0 1 0 0 0 0 0 0
1513881775.88 14418 14867 13843 12359 12189 15358 68 31 4 44, 0 0 0 1 0 0 0 0 0 0
1513881776.88 13899 14685 11786 8889 8860 11837 56 21 3 38, 0 0 0 1 0 0 0 0 0 0
1513881777.88 13578 14786 11984 9509 8840 11701 48 16 3 37, 0 0 0 1 0 0 0 0 0 0
1513881778.88 14774 16623 14596 15494 12441 14554 51 25 4 30, 0 0 0 1 0 0 0 0 0 0
1513881779.88 16533 16907 14600 17211 14917 18734 36 17 1 24, 0 0 0 1 0 0 0 0 0 0
1513881780.89 15664 17348 15006 17961 16513 19944 32 13 0 20, 0 0 0 1 0 0 0 0 0 0
1513881781.89 14652 17360 19972 25416 20598 19894 57 20 2 39, 0 0 0 1 0 0 0 0 0 0
1513881782.89 14152 14936 21658 28155 22374 20721 46 21 6 31, 0 0 0 1 0 0 0 0 0 0
1513881783.89 15229 17187 23466 25534 21652 21375 40 13 0 28, 0 0 0 1 0 0 0 0 0 0
1513881784.9 13850 14580 20934 26906 26167 22723 48 19 3 32, 0 0 0 1 0 0 0 0 0 0
1513881785.9 15221 13253 19706 29181 28741 25412 63 20 4 45, 0 0 0 1 0 0 0 0 0 0
1513881786.9 14286 9350 14709 27884 29372 26405 48 10 1 38, 0 0 0 1 0 0 0 0 0 0
1513881787.92 14286 9350 14709 27884 29372 26405 48 10 1 38, 0 0 0 1 0 0 0 0 0 0
1513881788.92 10560 9746 12603 21489 24668 19892 37 8 0 30, 0 0 0 1 0 0 0 0 0 0
1513881789.92 14152 11465 9877 16884 17559 20632 52 18 2 38, 0 0 0 1 0 0 0 0 0 0
1513881790.92 13396 12055 13391 19079 18384 22348 56 23 4 40, 0 0 0 1 0 0 0 0 0 0
1513881791.92 16722 13653 15508 21398 21237 25180 53 12 1 48, 0 0 0 1 0 0 0 0 0 0
1513881792.93 15470 14650 17985 24392 24884 24606 53 23 0 36, 0 0 0 1 0 0 0 0 0 0
1513881793.93 14433 14064 19952 28280 28087 26046 56 19 2 41, 0 0 0 1 0 0 0 0 0 0
1513881794.93 15774 13749 17547 26110 25297 24877 57 19 0 42, 0 0 0 1 0 0 0 0 0 0
1513881795.93 14041 10927 14544 21538 17212 20409 50 19 1 36, 0 0 0 1 0 0 0 0 0 0
1513881796.93 16580 13480 18987 22686 18616 21682 46 12 1 36, 0 0 0 1 0 0 0 0 0 0
1513881797.93 15151 13835 20303 23266 17835 21644 74 27 3 61, 0 0 0 1 0 0 0 0 0 0
1513881798.94 14695 12831 20912 24016 19964 23937 41 17 1 34, 0 0 0 1 0 0 0 0 0 0
1513881799.94 12099 10168 17203 19778 16457 22229 52 13 0 43, 0 0 0 1 0 0 0 0 0 0
1513881800.94 13523 12799 16857 18152 16949 20380 39 17 0 24, 0 0 0 1 0 0 0 0 0 0
1513881801.95 15205 14604 16736 19283 17624 20192 37 10 1 33, 0 0 0 1 0 0 0 0 0 0
1513881802.95 12470 11400 17774 22132 18547 17219 35 14 1 23, 0 0 0 1 0 0 0 0 0 0
1513881803.95 12984 8806 11825 15375 15227 15953 37 20 1 23, 0 0 0 1 0 0 0 0 0 0
1513881804.95 17835 10912 9806 14264 15360 18171 29 15 2 22, 0 0 0 1 0 0 0 0 0 0
1513881805.95 20990 15419 14565 19568 19863 23357 49 28 3 30, 0 0 0 1 0 0 0 0 0 0
1513881806.96 19143 15162 16025 18057 17602 21235 46 18 5 35, 0 0 0 1 0 0 0 0 0 0
1513881807.96 16788 13653 17528 20767 19205 21874 43 8 1 38, 0 0 0 1 0 0 0 0 0 0
1513881808.96 20116 16262 19060 21729 17055 21857 41 9 0 35, 0 0 0 1 0 0 0 0 0 0
1513881809.96 17571 15505 19766 20778 16799 20913 34 13 0 24, 0 0 0 1 0 0 0 0 0 0
1513881810.97 17973 18369 21735 22279 19160 20827 44 18 0 31, 0 0 0 1 0 0 0 0 0 0
1513881811.97 18234 18856 21631 23406 22507 22823 39 13 1 29, 0 0 0 1 0 0 0 0 0 0
1513881812.97 18371 18492 21387 21925 19453 20628 30 4 0 26, 0 0 0 1 0 0 0 0 0 0
1513881813.97 17881 19260 21661 20401 15673 17322 33 4 0 32, 0 0 0 1 0 0 0 0 0 0
1513881814.98 15596 18774 23592 21133 14612 17172 44 8 0 39, 0 0 0 1 0 0 0 0 0 0
1513881815.98 16210 16563 19730 19585 14936 19922 40 17 2 25, 0 0 0 1 0 0 0 0 0 0
1513881816.98 19530 17087 17951 17381 15627 23523 42 13 2 31, 0 0 0 1 0 0 0 0 0 0
1513881817.98 21409 16465 12894 12245 14130 22179 37 10 0 31, 0 0 0 1 0 0 0 0 0 0
1513881818.98 22565 15615 10219 10828 14303 23080 38 12 3 27, 0 0 0 1 0 0 0 0 0 0
1513881819.99 21501 13508 6143 8507 15113 22873 33 8 1 25, 0 0 0 1 0 0 0 0 0 0
1513881820.99 23661 11017 2908 8349 16057 24545 34 10 3 29, 0 0 0 1 0 0 0 0 0 0
1513881821.99 19970 10292 3256 8038 14681 20666 30 9 1 25, 0 0 0 1 0 0 0 0 0 0
1513881823.0 16573 11152 5487 8111 14428 17135 37 15 2 26, 0 0 0 1 0 0 0 0 0 0
1513881824.0 18461 16635 9825 8824 14281 18189 36 11 0 30, 0 0 0 1 0 0 0 0 0 0
1513881825.0 16723 15366 10124 7598 10411 16833 42 16 1 28, 0 0 0 1 0 0 0 0 0 0
1513881826.0 14345 11806 10310 7226 10051 16252 44 22 3 29, 0 0 0 1 0 0 0 0 0 0
1513881827.01 12809 14798 13662 11156 12496 17111 46 17 2 33, 0 0 0 1 0 0 0 0 0 0
1513881828.01 11135 12234 18440 14083 13468 17246 46 22 3 32, 0 0 0 1 0 0 0 0 0 0
1513881829.01 12322 13393 18819 13653 13801 17093 49 18 1 33, 0 0 0 1 0 0 0 0 0 0
1513881830.02 12870 12768 17363 12857 12275 16723 47 18 1 35, 0 0 0 1 0 0 0 0 0 0
1513881831.02 14460 12346 16547 14581 14624 18136 40 11 2 29, 0 0 0 1 0 0 0 0 0 0
1513881832.02 15879 13728 15950 15928 16509 18185 37 12 1 28, 0 0 0 1 0 0 0 0 0 0
1513881833.02 15620 13471 15670 21378 20547 18581 31 10 1 23, 0 0 0 1 0 0 0 0 0 0
1513881834.02 15353 12861 17455 25165 22849 20665 40 9 1 32, 0 0 0 1 0 0 0 0 0 0
1513881835.03 13156 11255 19936 27438 22849 19467 40 9 0 39, 0 0 0 1 0 0 0 0 0 0
1513881836.03 11831 13139 22152 28168 23473 20902 41 10 1 37, 0 0 0 1 0 0 0 0 0 0
1513881837.03 11164 10636 19875 25970 20577 17641 45 17 1 30, 0 0 0 1 0 0 0 0 0 0
1513881838.03 13773 10834 17316 21678 18184 19865 36 13 1 30, 0 0 0 1 0 0 0 0 0 0
1513881839.04 17612 15504 18492 22040 20217 23599 47 17 4 35, 0 0 0 1 0 0 0 0 0 0
1513881840.04 22498 15313 15604 20299 22483 27649 50 16 2 39, 0 0 0 1 0 0 0 0 0 0
1513881841.04 24923 16001 10981 14381 20189 27150 38 15 2 27, 0 0 0 1 0 0 0 0 0 0
1513881842.04 22353 13816 7411 9183 13863 25584 37 15 2 29, 0 0 0 1 0 0 0 0 0 0
1513881843.05 15261 12525 6290 4769 8741 24711 40 11 1 34, 0 0 0 1 0 0 0 0 0 0
1513881844.05 12612 12893 10453 8047 9405 19812 68 45 5 29, 0 0 0 1 0 0 0 0 0 0
1513881845.05 14949 15917 11425 8803 9717 20980 59 23 6 44, 0 0 0 1 0 0 0 0 0 0
1513881846.05 13501 14220 12359 10700 10606 20178 46 15 0 35, 0 0 0 1 0 0 0 0 0 0
1513881847.05 13588 13280 13073 10704 10449 20510 63 17 6 48, 0 0 0 1 0 0 0 0 0 0
1513881848.05 13683 13051 14082 12902 12407 18916 35 13 0 24, 0 0 0 1 0 0 0 0 0 0
1513881849.06 9804 12266 15249 16029 13260 17962 149 121 1 33, 0 0 0 1 0 0 0 0 0 0
1513881850.06 10197 11853 15792 13205 11447 15163 69 45 0 26, 0 0 0 1 0 0 0 0 0 0
1513881851.06 14170 14021 16571 18995 15321 16683 42 24 4 21, 0 0 0 1 0 0 0 0 0 0
1513881852.07 13077 12951 16602 21597 18052 16461 31 14 1 18, 0 0 0 1 0 0 0 0 0 0
1513881853.07 14160 13223 17303 23162 20731 18348 36 13 1 30, 0 0 0 1 0 0 0 0 0 0
1513881854.07 12433 13965 20458 22115 18961 18125 65 26 1 46, 0 0 0 1 0 0 0 0 0 0
1513881855.07 9341 11623 21004 21448 15220 14407 55 16 1 43, 0 0 0 1 0 0 0 0 0 0
1513881856.07 4926 6231 16737 17798 11002 10776 52 19 2 39, 0 0 0 1 0 0 0 0 0 0
1513881857.08 11777 13981 19825 19714 16362 17932 73 54 5 30, 0 0 0 1 0 0 0 0 0 0
1513881858.08 14284 18986 23889 22825 20259 19649 61 39 5 28, 0 0 0 1 0 0 0 0 0 0
1513881859.08 14049 18521 21161 22375 22363 19570 51 27 5 30, 0 0 0 1 0 0 0 0 0 0
1513881860.09 16427 21153 23988 21062 19015 18671 70 49 3 28, 0 0 0 1 0 0 0 0 0 0
1513881861.09 16291 21115 21676 18533 16833 18020 54 27 0 29, 0 0 0 1 0 0 0 0 0 0
1513881862.09 13947 23707 24180 19553 17777 16542 48 14 1 35, 0 0 0 1 0 0 0 0 0 0
1513881863.09 15498 24564 25877 18859 18101 17442 28 13 0 18, 0 0 0 1 0 0 0 0 0 0
1513881864.1 15503 22289 22325 18027 15109 15976 49 27 3 27, 0 0 0 1 0 0 0 0 0 0
1513881865.1 14362 21777 21982 20345 14478 13186 30 11 1 22, 0 0 0 1 0 0 0 0 0 0
1513881866.1 14610 18197 18981 19335 12057 11613 42 15 1 29, 0 0 0 1 0 0 0 0 0 0
1513881867.11 11631 18504 19180 17673 10193 8409 32 8 0 25, 0 0 0 1 0 0 0 0 0 0
1513881868.11 6661 11927 13198 12020 7858 3968 239 217 2 23, 0 0 0 1 0 0 0 0 0 0
1513881869.11 4825 10196 15575 14742 8031 3474 39 27 1 14, 0 0 0 1 0 0 0 0 0 0
1513881870.11 7500 12730 17692 15394 10259 7643 62 23 2 41, 0 0 0 1 0 0 0 0 0 0
1513881871.11 8866 15463 19772 16492 11416 9016 31 11 1 23, 0 0 0 1 0 0 0 0 0 0
1513881872.11 8873 12389 14793 14882 12849 9964 60 35 3 32, 0 0 0 1 0 0 0 0 0 0
1513881873.13 10925 11803 14793 14882 12849 12822 60 35 4 32, 0 0 0 1 0 0 0 0 0 0
1513881874.14 6816 7532 8903 8567 7761 7813 33 16 3 23, 0 0 0 1 0 0 0 0 0 0
1513881875.15 9444 10872 12831 13209 11268 10171 34 14 1 22, 0 0 0 1 0 0 0 0 0 0
1513881876.16 10370 13220 15789 13750 9583 9107 41 29 5 17, 0 0 0 1 0 0 0 0 0 0
1513881877.18 8236 16154 20092 17286 8601 5629 40 17 1 25, 0 0 0 1 0 0 0 0 0 0
1513881878.19 5767 20002 24434 19319 7884 4695 52 27 1 28, 0 0 0 1 0 0 0 0 0 0
1513881879.21 6485 23334 27470 19306 8347 5719 60 27 1 35, 0 0 0 1 0 0 0 0 0 0
1513881880.21 7251 23025 29340 22108 10265 5410 51 13 0 40, 0 0 0 1 0 0 0 0 0 0
1513881881.22 7001 19437 27472 24808 11060 5028 68 17 0 53, 0 0 0 1 0 0 0 0 0 0
1513881882.22 8564 18357 26393 26909 15667 8212 63 17 1 49, 0 0 0 1 0 0 0 0 0 0
1513881883.22 8675 15667 21855 25022 15523 9320 31 4 0 27, 0 0 0 1 0 0 0 0 0 0
1513881884.23 8160 13585 19983 20702 13607 8921 39 4 0 27, 0 0 0 1 0 0 0 0 0 0
1513881885.23 6432 13465 19080 19617 10292 4152 35 16 6 31, 0 0 0 1 0 0 0 0 0 0
