1513883240.28 31320 27010 24392 21895 27347 35421 3 7 6 1106, 0 0 1 0 0 0 0 0 0 0
1513883241.28 31903 28896 24794 19602 24140 34278 5 15 8 2208, 0 0 1 0 0 0 0 0 0 0
1513883242.28 35755 31836 24539 17544 24047 36772 1 5 5 1681, 0 0 1 0 0 0 0 0 0 0
1513883243.28 34974 29344 24053 19537 23300 35736 0 2 5 2190, 0 0 1 0 0 0 0 0 0 0
1513883244.29 37561 30564 20647 17009 26029 39395 0 3 1 2149, 0 0 1 0 0 0 0 0 0 0
1513883245.29 33847 29665 22896 19572 24354 34717 2 3 3 2411, 0 0 1 0 0 0 0 0 0 0
1513883246.29 33597 27141 17176 15585 21188 33975 1 3 3 3005, 0 0 1 0 0 0 0 0 0 0
1513883247.29 37275 30513 15301 14450 22137 35501 0 2 3 1848, 0 0 1 0 0 0 0 0 0 0
1513883248.29 37402 21961 9963 14868 22862 38695 1 8 5 1995, 0 0 1 0 0 0 0 0 0 0
1513883249.29 38412 24324 9713 12769 20018 37751 1 4 9 2268, 0 0 1 0 0 0 0 0 0 0
1513883250.29 35899 23264 9460 13027 21562 35569 2 7 8 2231, 0 0 1 0 0 0 0 0 0 0
1513883251.3 45204 26676 9654 12052 24281 43149 1 2 6 1502, 0 0 1 0 0 0 0 0 0 0
1513883252.3 46317 26881 11175 13770 26232 44088 0 6 7 271, 0 0 1 0 0 0 0 0 0 0
1513883253.3 46217 27034 8758 9641 22799 44461 1 2 6 1296, 0 0 1 0 0 0 0 0 0 0
1513883254.3 41659 26702 10661 12135 20223 38952 0 1 2 2349, 0 0 1 0 0 0 0 0 0 0
1513883255.3 40311 25456 11152 15374 22532 41571 0 0 4 3346, 0 0 1 0 0 0 0 0 0 0
1513883256.3 42526 24704 12939 15372 23544 45457 1 7 7 4988, 0 0 1 0 0 0 0 0 0 0
1513883257.31 40711 25133 14741 18840 25739 44515 1 3 7 3951, 0 0 1 0 0 0 0 0 0 0
1513883258.31 37832 23494 14593 20140 28139 42616 2 5 3 2730, 0 0 1 0 0 0 0 0 0 0
1513883259.31 37711 23019 13341 15777 24522 42363 0 3 6 853, 0 0 1 0 0 0 0 0 0 0
1513883260.31 31187 17444 6418 10692 22927 35325 1 4 5 1243, 0 0 1 0 0 0 0 0 0 0
1513883261.31 38300 21699 7997 14129 26798 40452 2 5 7 1282, 0 0 1 0 0 0 0 0 0 0
1513883262.31 44076 25702 7994 9615 24816 45282 0 3 3 1619, 0 0 1 0 0 0 0 0 0 0
1513883263.31 46852 28092 8434 9289 27673 45704 1 3 3 1567, 0 0 1 0 0 0 0 0 0 0
1513883264.31 43474 26254 9788 10825 29307 45834 1 4 6 1459, 0 0 1 0 0 0 0 0 0 0
1513883265.32 38599 24814 8396 8880 26650 43543 0 2 7 1485, 0 0 1 0 0 0 0 0 0 0
1513883266.32 38190 22873 7889 12631 31072 45410 0 0 5 1515, 0 0 1 0 0 0 0 0 0 0
1513883267.32 43227 25984 8628 12871 28194 46185 1 4 4 4428, 0 0 1 0 0 0 0 0 0 0
1513883268.32 41141 21187 5162 11303 26462 44715 0 0 0 3973, 0 0 1 0 0 0 0 0 0 0
1513883269.32 36213 21602 10172 15740 28254 41689 0 1 3 4127, 0 0 1 0 0 0 0 0 0 0
1513883270.32 32130 19574 10143 17542 30118 39158 0 0 3 4147, 0 0 1 0 0 0 0 0 0 0
1513883271.32 32188 18717 9764 17392 33662 40052 0 0 4 1154, 0 0 1 0 0 0 0 0 0 0
1513883272.32 31772 19345 10355 18617 35204 38907 1 2 3 14, 0 0 1 0 0 0 0 0 0 0
1513883273.32 44582 24262 8508 18071 46028 59459 1 6 12 1040, 0 0 1 0 0 0 0 0 0 0
1513883274.32 31114 16481 6063 11991 27643 38670 1 6 11 2085, 0 0 1 0 0 0 0 0 0 0
1513883275.32 18658 10191 2963 4706 13844 21745 1 3 4 1476, 0 0 1 0 0 0 0 0 0 0
1513883276.32 54531 32349 9635 8480 31277 57390 4 9 16 1983, 0 0 1 0 0 0 0 0 0 0
1513883277.33 33783 20669 6943 8459 22942 37501 1 10 9 810, 0 0 1 0 0 0 0 0 0 0
1513883278.33 37586 19493 6974 15231 28659 38261 2 10 9 836, 0 0 1 0 0 0 0 0 0 0
1513883279.33 36713 21339 7923 10425 21831 37582 1 5 7 1089, 0 0 1 0 0 0 0 0 0 0
1513883280.33 41066 23346 6507 7979 22531 39134 2 8 12 764, 0 0 1 0 0 0 0 0 0 0
1513883281.33 40906 25832 7118 7913 21498 37168 2 5 9 715, 0 0 1 0 0 0 0 0 0 0
1513883282.33 42240 26867 6097 8602 23137 36761 0 2 4 864, 0 0 1 0 0 0 0 0 0 0
1513883283.33 39168 24175 6070 7876 20054 33847 1 3 4 424, 0 0 1 0 0 0 0 0 0 0
1513883284.34 34573 21757 5614 7441 17416 29165 1 5 3 32, 0 0 1 0 0 0 0 0 0 0
1513883285.34 38080 24371 7617 9312 19225 34412 0 3 5 15, 0 0 1 0 0 0 0 0 0 0
1513883286.34 37614 23827 8214 11497 20778 35649 1 2 2 13, 0 0 1 0 0 0 0 0 0 0
1513883287.34 34573 22375 7082 9694 19117 32110 2 9 7 28, 0 0 1 0 0 0 0 0 0 0
1513883288.34 37350 23869 10251 13319 23961 38397 2 8 12 36, 0 0 1 0 0 0 0 0 0 0
1513883289.34 33571 20624 7487 12398 23327 36348 1 5 10 187, 0 0 1 0 0 0 0 0 0 0
1513883290.35 34398 19176 6260 13340 26643 38732 2 8 10 697, 0 0 1 0 0 0 0 0 0 0
1513883291.35 34688 22991 8164 12625 26719 39649 1 9 10 2192, 0 0 1 0 0 0 0 0 0 0
1513883292.35 32840 20893 6148 10680 23048 37820 2 5 4 2558, 0 0 1 0 0 0 0 0 0 0
1513883293.35 30789 19012 7612 12109 23889 35544 3 12 7 2192, 0 0 1 0 0 0 0 0 0 0
1513883294.35 29569 18898 10734 15760 23477 37400 1 5 7 6788, 0 0 1 0 0 0 0 0 0 0
1513883295.35 33083 19353 10065 15463 25138 41121 1 4 4 5844, 0 0 1 0 0 0 0 0 0 0
1513883296.35 32823 18290 8769 16123 29585 41689 0 2 3 2311, 0 0 1 0 0 0 0 0 0 0
1513883297.36 32400 19958 9770 18230 29734 40117 1 3 7 2889, 0 0 1 0 0 0 0 0 0 0
1513883298.36 29663 19889 11362 18552 28376 36144 0 2 3 2884, 0 0 1 0 0 0 0 0 0 0
1513883299.36 30141 20814 13216 18506 29509 38056 0 4 1 3077, 0 0 1 0 0 0 0 0 0 0
1513883300.36 32186 20556 12012 18160 26932 38452 1 1 4 2926, 0 0 1 0 0 0 0 0 0 0
1513883301.36 31937 19084 11147 17080 26372 37564 0 2 5 2512, 0 0 1 0 0 0 0 0 0 0
1513883302.36 34802 20551 9430 12794 24928 37177 1 2 7 733, 0 0 1 0 0 0 0 0 0 0
1513883303.36 38079 22331 7117 9311 24466 37977 0 6 9 20, 0 0 1 0 0 0 0 0 0 0
1513883304.37 34502 23653 7119 5128 20943 34216 1 5 14 31, 0 0 1 0 0 0 0 0 0 0
1513883305.37 36367 23602 5837 5732 19613 34064 2 7 12 29, 0 0 1 0 0 0 0 0 0 0
1513883306.37 40817 27386 5779 5839 19114 35020 3 17 17 47, 0 0 1 0 0 0 0 0 0 0
1513883307.37 35475 22713 5168 5952 17252 33395 3 7 6 22, 0 0 1 0 0 0 0 0 0 0
1513883308.37 38679 23730 7014 7460 20641 36233 1 10 14 31, 0 0 1 0 0 0 0 0 0 0
1513883309.37 35430 22915 7506 9290 23062 35866 1 6 7 146, 0 0 1 0 0 0 0 0 0 0
1513883310.37 39365 26060 10141 11015 23625 38641 2 4 7 51, 0 0 1 0 0 0 0 0 0 0
1513883311.37 38880 26367 9436 13617 24809 37130 0 2 5 206, 0 0 1 0 0 0 0 0 0 0
1513883312.38 36855 23403 7980 13296 25579 36841 1 7 14 28, 0 0 1 0 0 0 0 0 0 0
1513883313.38 35276 20922 7652 12431 26654 38773 0 2 5 10, 0 0 1 0 0 0 0 0 0 0
1513883314.38 25878 16163 5069 10813 20759 28407 1 7 4 19, 0 0 1 0 0 0 0 0 0 0
1513883315.38 26605 14237 5673 13384 22965 33188 0 6 3 7, 0 0 1 0 0 0 0 0 0 0
1513883316.38 22308 12557 5745 12899 22832 29602 4 12 7 16, 0 0 1 0 0 0 0 0 0 0
1513883317.38 20437 11234 6749 20927 36380 33868 0 4 1 3, 0 0 1 0 0 0 0 0 0 0
1513883318.38 19871 10157 4565 21320 35000 32110 1 3 7 24, 0 0 1 0 0 0 0 0 0 0
1513883319.39 18172 10217 5977 25595 37561 28821 0 6 6 22, 0 0 1 0 0 0 0 0 0 0
1513883320.39 21612 14156 8775 18944 30136 28035 1 5 10 25, 0 0 1 0 0 0 0 0 0 0
1513883321.39 20014 11911 4711 11419 23020 24771 1 8 13 37, 0 0 1 0 0 0 0 0 0 0
1513883322.39 18632 12623 5428 12054 21845 18836 6 23 19 54, 0 0 1 0 0 0 0 0 0 0
1513883323.39 23533 14352 6497 10562 24779 24772 7 26 22 154, 0 0 1 0 0 0 0 0 0 0
1513883324.39 21828 14096 5763 11410 22723 21299 3 16 20 70, 0 0 1 0 0 0 0 0 0 0
1513883325.39 23709 13695 5499 14339 26895 26840 1 7 10 576, 0 0 1 0 0 0 0 0 0 0
1513883326.39 19383 11881 3701 8557 20400 20248 4 14 19 652, 0 0 1 0 0 0 0 0 0 0
1513883327.39 18929 11915 6178 10854 21458 22799 1 7 5 570, 0 0 1 0 0 0 0 0 0 0
1513883328.39 21209 14470 7607 12820 24564 25934 1 9 11 536, 0 0 1 0 0 0 0 0 0 0
1513883329.39 19853 11125 6803 14565 25522 25926 1 4 7 618, 0 0 1 0 0 0 0 0 0 0
1513883330.39 21417 11107 8257 20881 29039 28779 4 16 14 828, 0 0 1 0 0 0 0 0 0 0
1513883331.39 17144 9259 8280 20961 29323 26781 3 12 6 860, 0 0 1 0 0 0 0 0 0 0
1513883332.39 15840 9026 9606 20927 27398 26442 4 8 7 1212, 0 0 1 0 0 0 0 0 0 0
1513883333.39 15277 10562 8463 18817 26971 25828 6 22 15 36, 0 0 1 0 0 0 0 0 0 0
1513883334.39 11079 7426 6405 12243 19105 21364 3 9 14 33, 0 0 1 0 0 0 0 0 0 0
1513883335.39 10721 6569 7920 14698 22024 23724 1 5 4 26, 0 0 1 0 0 0 0 0 0 0
1513883336.4 10565 5841 5458 13736 24879 21838 5 13 28 78, 0 0 1 0 0 0 0 0 0 0
1513883337.4 11570 4613 4586 13592 24686 22668 2 8 20 53, 0 0 1 0 0 0 0 0 0 0
1513883338.4 10316 5388 3322 10075 25625 21313 2 10 19 49, 0 0 1 0 0 0 0 0 0 0
1513883339.4 14036 5847 3167 10957 26480 23846 2 14 20 46, 0 0 1 0 0 0 0 0 0 0
1513883340.4 18526 7326 2544 8952 27430 27652 2 9 14 32, 0 0 1 0 0 0 0 0 0 0
1513883341.4 21949 11393 4302 7909 28774 29535 1 7 12 28, 0 0 1 0 0 0 0 0 0 0
1513883342.4 20419 11897 4046 4839 21281 27993 3 11 8 32, 0 0 1 0 0 0 0 0 0 0
1513883343.4 24749 13600 5360 4860 19613 30586 1 3 10 27, 0 0 1 0 0 0 0 0 0 0
1513883344.4 20479 12953 2581 3749 15897 23568 0 0 3 17, 0 0 1 0 0 0 0 0 0 0
1513883345.4 22099 13927 3459 2318 13627 25547 1 6 8 19, 0 0 1 0 0 0 0 0 0 0
1513883346.4 20099 14024 4054 1931 13541 22483 2 8 6 20, 0 0 1 0 0 0 0 0 0 0
1513883347.4 23618 16139 3794 2776 15069 22098 2 7 7 21, 0 0 1 0 0 0 0 0 0 0
1513883348.4 21542 11876 1090 2772 12382 19296 2 6 7 17, 0 0 1 0 0 0 0 0 0 0
1513883349.4 22341 10923 1137 3159 14701 19959 1 5 7 296, 0 0 1 0 0 0 0 0 0 0
1513883350.41 23316 14139 3608 6087 21528 26770 2 7 7 1862, 0 0 1 0 0 0 0 0 0 0
1513883351.41 22040 13591 3768 5938 22365 29085 2 5 11 2173, 0 0 1 0 0 0 0 0 0 0
1513883352.41 24865 12825 2702 5372 24643 32726 1 9 7 2314, 0 0 1 0 0 0 0 0 0 0
1513883353.41 26316 12407 3281 7568 23423 33692 1 6 12 3128, 0 0 1 0 0 0 0 0 0 0
1513883354.41 26816 10700 1455 4378 16900 32253 1 5 17 1888, 0 0 1 0 0 0 0 0 0 0
1513883355.41 31365 13503 2943 6350 20000 36219 1 3 6 2767, 0 0 1 0 0 0 0 0 0 0
1513883356.41 34928 13220 2310 5147 17203 40069 1 2 3 3041, 0 0 1 0 0 0 0 0 0 0
1513883357.41 35829 13540 2266 5438 15833 39060 1 4 7 3565, 0 0 1 0 0 0 0 0 0 0
1513883358.41 37075 13863 2242 4892 16248 38465 0 0 1 2181, 0 0 1 0 0 0 0 0 0 0
1513883359.41 37789 14641 2161 7876 19939 39610 1 3 3 2100, 0 0 1 0 0 0 0 0 0 0
1513883360.41 35945 15078 2526 8161 18560 37920 0 1 3 2064, 0 0 1 0 0 0 0 0 0 0
1513883361.41 29743 13781 2908 7024 15687 30365 1 2 7 2104, 0 0 1 0 0 0 0 0 0 0
1513883362.41 22774 10882 2687 4716 10893 21721 1 4 10 48, 0 0 1 0 0 0 0 0 0 0
1513883363.41 26612 14045 4125 2504 10205 23891 2 12 20 172, 0 0 1 0 0 0 0 0 0 0
1513883364.41 28338 15255 4110 2963 10549 22569 2 8 13 488, 0 0 1 0 0 0 0 0 0 0
1513883365.41 35569 26045 8539 4425 13685 28533 3 15 16 760, 0 0 1 0 0 0 0 0 0 0
1513883366.41 34274 20909 3289 1135 7093 23448 3 8 10 747, 0 0 1 0 0 0 0 0 0 0
1513883367.42 31853 22333 4922 1530 8727 23412 2 8 11 855, 0 0 1 0 0 0 0 0 0 0
1513883368.42 30081 24353 5808 1733 8897 23516 1 5 11 1543, 0 0 1 0 0 0 0 0 0 0
1513883369.42 28245 22138 4913 2542 10108 22164 1 5 16 510, 0 0 1 0 0 0 0 0 0 0
1513883370.42 25486 23437 6697 1918 8645 20770 1 5 10 721, 0 0 1 0 0 0 0 0 0 0
1513883371.42 29436 23170 5936 1663 8872 24094 1 10 7 206, 0 0 1 0 0 0 0 0 0 0
1513883372.42 25747 21933 5042 2664 12296 23312 1 3 3 15, 0 0 1 0 0 0 0 0 0 0
1513883373.42 27099 18358 5123 1885 13908 27802 0 2 2 8, 0 0 1 0 0 0 0 0 0 0
1513883374.42 22926 15031 3753 1026 13615 24715 1 3 1 6, 0 0 1 0 0 0 0 0 0 0
1513883375.42 21492 10638 1897 2341 16250 26539 0 1 3 9, 0 0 1 0 0 0 0 0 0 0
1513883376.43 23760 9824 2504 2963 20166 30836 1 1 1 6, 0 0 1 0 0 0 0 0 0 0
1513883377.43 26784 13977 3494 4610 22771 32116 1 3 11 31, 0 0 1 0 0 0 0 0 0 0
1513883378.43 27826 12397 2095 2818 22679 32825 1 4 8 37, 0 0 1 0 0 0 0 0 0 0
1513883379.44 28144 12397 2091 3213 21670 32547 1 4 9 28, 0 0 1 0 0 0 0 0 0 0
1513883380.44 21014 9969 2940 3367 18979 28252 1 4 1 17, 0 0 1 0 0 0 0 0 0 0
1513883381.44 19024 7697 2168 3402 19295 29461 1 5 4 13, 0 0 1 0 0 0 0 0 0 0
1513883382.45 18428 8056 2596 4686 19586 27706 1 4 7 14, 0 0 1 0 0 0 0 0 0 0
1513883383.45 20501 9307 2312 6482 23903 30485 1 5 5 11, 0 0 1 0 0 0 0 0 0 0
1513883384.45 16927 7967 2060 5066 22015 25604 1 4 8 22, 0 0 1 0 0 0 0 0 0 0
1513883385.46 16927 7967 1584 2984 19976 25604 1 7 9 72, 0 0 1 0 0 0 0 0 0 0
1513883386.46 29580 10541 2167 1584 22444 34827 2 10 13 36, 0 0 1 0 0 0 0 0 0 0
1513883387.47 31890 11255 2745 1190 16052 32695 3 9 3 21, 0 0 1 0 0 0 0 0 0 0
1513883388.47 34069 11794 2652 1428 17362 33789 0 3 5 14, 0 0 1 0 0 0 0 0 0 0
1513883389.47 36201 12968 2807 2565 22404 42528 1 2 4 9, 0 0 1 0 0 0 0 0 0 0
1513883390.48 34165 14182 3644 2784 21546 40868 2 5 6 13, 0 0 1 0 0 0 0 0 0 0
1513883391.5 34165 14182 3649 2784 21546 40871 2 8 6 22, 0 0 1 0 0 0 0 0 0 0
1513883392.5 32602 13617 7510 8802 20201 38147 2 6 2 16, 0 0 1 0 0 0 0 0 0 0
1513883393.5 28600 14243 9065 9511 18237 32155 4 15 18 38, 0 0 1 0 0 0 0 0 0 0
1513883394.5 28119 15843 11117 12271 18931 29481 1 6 9 209, 0 0 1 0 0 0 0 0 0 0
1513883395.51 22794 14481 10942 13307 19393 24383 2 7 9 254, 0 0 1 0 0 0 0 0 0 0
1513883396.52 20514 10939 10616 18763 22939 25429 3 13 16 45, 0 0 1 0 0 0 0 0 0 0
1513883397.52 16119 7176 7969 18321 22417 21796 1 9 17 34, 0 0 1 0 0 0 0 0 0 0
1513883398.52 17726 9894 8507 17268 21696 24742 2 12 10 36, 0 0 1 0 0 0 0 0 0 0
1513883399.52 16707 10000 9067 15398 19924 22531 3 13 18 51, 0 0 1 0 0 0 0 0 0 0
1513883400.53 20723 11249 10296 16090 23245 30905 1 8 13 38, 0 0 1 0 0 0 0 0 0 0
1513883401.54 19201 9613 8388 15311 24103 25408 2 8 7 48, 0 0 1 0 0 0 0 0 0 0
1513883402.54 20337 9527 8972 18065 24031 28261 1 4 12 34, 0 0 1 0 0 0 0 0 0 0
1513883403.54 21303 11738 10202 18312 21217 25937 0 5 9 41, 0 0 1 0 0 0 0 0 0 0
1513883404.55 20966 12334 9213 16727 17191 19351 1 6 7 30, 0 0 1 0 0 0 0 0 0 0
1513883405.55 22991 13788 12616 19865 20163 23093 1 2 7 24, 0 0 1 0 0 0 0 0 0 0
1513883406.56 18266 13548 11327 17797 16094 16871 0 3 5 16, 0 0 1 0 0 0 0 0 0 0
1513883407.56 25782 15329 8894 12557 15403 22262 1 2 3 55, 0 0 1 0 0 0 0 0 0 0
1513883408.56 28411 17375 7053 13815 17409 23484 0 2 2 30, 0 0 1 0 0 0 0 0 0 0
1513883409.57 32292 20186 6495 8351 14454 21201 0 1 4 11, 0 0 1 0 0 0 0 0 0 0
1513883410.57 30427 18889 5462 10299 14473 19688 1 2 4 16, 0 0 1 0 0 0 0 0 0 0
1513883411.57 30784 19592 5890 9738 14936 19031 1 3 8 21, 0 0 1 0 0 0 0 0 0 0
1513883412.58 28648 22311 7373 13725 15876 19233 1 4 10 22, 0 0 1 0 0 0 0 0 0 0
1513883413.59 19100 14444 6995 11767 16481 16347 1 8 10 16, 0 0 1 0 0 0 0 0 0 0
1513883414.59 16692 13668 5083 6836 9986 11178 1 5 10 21, 0 0 1 0 0 0 0 0 0 0
1513883415.59 13763 10757 3109 4955 8140 9095 1 3 7 20, 0 0 1 0 0 0 0 0 0 0
1513883416.6 19999 15860 4692 2605 7067 14053 1 7 6 20, 0 0 1 0 0 0 0 0 0 0
1513883417.6 23985 19924 6714 1754 4541 14222 0 1 4 11, 0 0 1 0 0 0 0 0 0 0
1513883418.61 20305 16378 6029 1073 5799 15390 0 2 3 8, 0 0 1 0 0 0 0 0 0 0
1513883419.61 16382 11872 4552 413 5002 14248 0 2 3 17, 0 0 1 0 0 0 0 0 0 0
1513883420.61 23608 13617 4060 85 4100 17301 1 4 2 20, 0 0 1 0 0 0 0 0 0 0
1513883421.61 23993 10802 1833 53 3274 17310 0 2 4 13, 0 0 1 0 0 0 0 0 0 0
1513883422.61 19819 9038 1839 74 3665 16544 1 3 4 13, 0 0 1 0 0 0 0 0 0 0
1513883423.62 19440 7375 1780 54 3692 16825 2 6 6 14, 0 0 1 0 0 0 0 0 0 0
1513883424.62 15580 6460 2079 72 4256 15042 1 5 10 19, 0 0 1 0 0 0 0 0 0 0
1513883425.62 11324 4267 1621 129 4132 12566 1 13 17 41, 0 0 1 0 0 0 0 0 0 0
1513883426.63 11457 4267 2426 3056 3773 10438 1 12 18 47, 0 0 1 0 0 0 0 0 0 0
1513883427.64 5618 1925 1940 6146 5214 6823 1 10 17 41, 0 0 1 0 0 0 0 0 0 0
1513883428.64 3376 828 1296 5621 3832 4461 3 17 10 39, 0 0 1 0 0 0 0 0 0 0
1513883429.64 1683 110 1214 4721 4021 2993 1 14 13 32, 0 0 1 0 0 0 0 0 0 0
1513883430.65 1776 837 1143 4368 3697 2943 2 13 19 46, 0 0 1 0 0 0 0 0 0 0
1513883431.65 16464 20283 8384 7998 7195 9261 3 9 16 47, 0 0 1 0 0 0 0 0 0 0
1513883432.65 24415 20077 7917 14673 14038 22770 2 8 11 38, 0 0 1 0 0 0 0 0 0 0
1513883433.68 24415 20077 7913 14673 14038 22770 2 6 9 38, 0 0 1 0 0 0 0 0 0 0
1513883434.68 25180 25402 8113 8941 10222 17330 2 6 7 36, 0 0 1 0 0 0 0 0 0 0
1513883435.69 33421 26341 8323 8195 16726 26316 1 5 7 21, 0 0 1 0 0 0 0 0 0 0
1513883436.69 34706 27151 8021 10352 16291 23476 1 6 6 91, 0 0 1 0 0 0 0 0 0 0
1513883437.7 32933 23965 6756 10926 16530 23503 1 4 4 153, 0 0 1 0 0 0 0 0 0 0
1513883438.71 32933 23965 6756 10926 16530 23503 1 6 4 153, 0 0 1 0 0 0 0 0 0 0
1513883439.71 28529 21199 5113 10635 17631 19985 1 3 7 186, 0 0 1 0 0 0 0 0 0 0
1513883440.73 28529 21199 5112 10635 17631 19903 2 4 10 60, 0 0 1 0 0 0 0 0 0 0
1513883441.74 25623 15515 7118 11276 15103 22911 1 8 11 24, 0 0 1 0 0 0 0 0 0 0
1513883442.74 18563 11018 7826 11261 12425 17296 1 4 10 30, 0 0 1 0 0 0 0 0 0 0
1513883443.74 14773 7533 4244 7133 9141 13398 1 4 9 28, 0 0 1 0 0 0 0 0 0 0
1513883444.74 7002 2351 2463 5081 6366 8408 2 10 19 49, 0 0 1 0 0 0 0 0 0 0
1513883445.75 2268 474 2418 4969 4035 3820 2 6 11 35, 0 0 1 0 0 0 0 0 0 0
1513883446.75 1967 850 3712 16237 13725 6321 1 6 12 40, 0 0 1 0 0 0 0 0 0 0
1513883447.76 2201 646 3758 21740 15400 7402 2 14 10 27, 0 0 1 0 0 0 0 0 0 0
1513883448.76 2135 816 3630 23231 13486 6916 1 5 11 25, 0 0 1 0 0 0 0 0 0 0
1513883449.77 3369 1838 5174 24039 14987 8491 1 5 4 20, 0 0 1 0 0 0 0 0 0 0
1513883450.77 4307 2564 3999 22701 13813 8407 0 2 9 20, 0 0 1 0 0 0 0 0 0 0
1513883451.77 10120 6250 2969 17027 11755 10933 1 2 5 12, 0 0 1 0 0 0 0 0 0 0
1513883452.77 11350 4716 3351 16466 11676 11623 1 8 7 14, 0 0 1 0 0 0 0 0 0 0
1513883453.78 15503 6347 3809 13165 9031 9916 3 8 5 15, 0 0 1 0 0 0 0 0 0 0
1513883454.78 18097 9097 4683 12261 5063 7582 1 5 8 19, 0 0 1 0 0 0 0 0 0 0
1513883455.79 20795 8795 5852 12579 6369 7188 2 5 7 17, 0 0 1 0 0 0 0 0 0 0
1513883456.79 21005 8548 8551 18731 11092 9882 1 10 14 37, 0 0 1 0 0 0 0 0 0 0
1513883457.79 20384 7942 8575 20080 11428 10950 1 2 3 15, 0 0 1 0 0 0 0 0 0 0
1513883458.8 16961 8945 7838 20267 12020 10051 1 3 13 33, 0 0 1 0 0 0 0 0 0 0
1513883459.8 17422 10654 10176 21115 15379 14715 2 11 13 39, 0 0 1 0 0 0 0 0 0 0
1513883460.81 14989 9354 11338 18993 11778 12448 2 8 9 412, 0 0 1 0 0 0 0 0 0 0
1513883461.81 14018 8678 12909 22306 15912 12836 1 8 7 620, 0 0 1 0 0 0 0 0 0 0
1513883462.81 9493 6252 12521 22885 15340 11388 2 5 12 2827, 0 0 1 0 0 0 0 0 0 0
1513883463.82 7875 3618 10678 23814 16274 10688 1 4 6 1041, 0 0 1 0 0 0 0 0 0 0
1513883464.82 7714 5544 11538 24798 14645 7271 1 4 4 440, 0 0 1 0 0 0 0 0 0 0
1513883465.83 10477 11732 13412 24117 18178 8092 1 2 1 895, 0 0 1 0 0 0 0 0 0 0
1513883466.83 21198 16075 13323 19812 17454 17984 1 4 4 1115, 0 0 1 0 0 0 0 0 0 0
1513883467.83 22105 14433 10343 17992 13690 17173 1 2 0 862, 0 0 1 0 0 0 0 0 0 0
1513883468.84 21718 14544 11021 20753 17816 17912 1 4 2 1882, 0 0 1 0 0 0 0 0 0 0
1513883469.84 23732 13913 10188 17887 20156 24473 0 3 2 11, 0 0 1 0 0 0 0 0 0 0
1513883470.84 24723 14161 9994 17130 23872 26020 0 0 3 15, 0 0 1 0 0 0 0 0 0 0
1513883471.85 25262 16091 8827 15033 21765 26305 1 5 7 25, 0 0 1 0 0 0 0 0 0 0
1513883472.86 24982 14754 8826 16265 22195 26915 1 4 5 22, 0 0 1 0 0 0 0 0 0 0
1513883473.87 23853 14200 9020 15199 21956 26000 1 5 5 33, 0 0 1 0 0 0 0 0 0 0
1513883474.87 23008 16378 9925 15302 17427 23481 0 3 9 17, 0 0 1 0 0 0 0 0 0 0
1513883475.88 23188 18837 12632 15394 18178 22651 0 1 5 28, 0 0 1 0 0 0 0 0 0 0
1513883476.88 23219 18852 12348 15237 18309 21738 3 6 5 15, 0 0 1 0 0 0 0 0 0 0
1513883477.88 24436 22337 14485 14693 17081 20352 0 4 6 13, 0 0 1 0 0 0 0 0 0 0
1513883478.89 26593 21946 12804 14073 17070 21411 1 1 5 11, 0 0 1 0 0 0 0 0 0 0
1513883479.89 26453 20864 11858 12947 16456 21494 1 3 4 9, 0 0 1 0 0 0 0 0 0 0
1513883480.9 23117 17740 9181 12037 20113 23234 1 2 5 12, 0 0 1 0 0 0 0 0 0 0
1513883481.9 23890 17680 8841 11789 18642 22525 0 2 7 24, 0 0 1 0 0 0 0 0 0 0
1513883482.91 22912 18328 10241 14043 18708 20118 1 3 3 18, 0 0 1 0 0 0 0 0 0 0
1513883483.91 25347 16782 8310 14281 16574 18887 1 3 6 19, 0 0 1 0 0 0 0 0 0 0
1513883484.91 26004 20834 12562 18418 18962 21966 3 9 11 37, 0 0 1 0 0 0 0 0 0 0
1513883485.93 26004 20834 12562 18418 18962 21966 3 9 11 37, 0 0 1 0 0 0 0 0 0 0
1513883486.93 25850 12027 6637 19141 16112 20436 2 5 6 20, 0 0 1 0 0 0 0 0 0 0
1513883487.94 25023 9042 5327 16457 13247 18881 0 5 8 21, 0 0 1 0 0 0 0 0 0 0
1513883488.94 23420 9429 8065 18014 16686 22411 1 5 8 17, 0 0 1 0 0 0 0 0 0 0
1513883489.94 24766 10147 9045 18470 13237 18181 1 3 8 15, 0 0 1 0 0 0 0 0 0 0
1513883490.95 23461 12646 11954 17613 15922 21593 1 5 7 17, 0 0 1 0 0 0 0 0 0 0
1513883491.95 19836 12253 12009 17761 14464 19932 0 1 6 20, 0 0 1 0 0 0 0 0 0 0
1513883492.96 16790 11560 10234 15286 18200 19401 2 2 4 17, 0 0 1 0 0 0 0 0 0 0
1513883493.97 15801 10619 8975 16162 18549 17304 0 5 4 14, 0 0 1 0 0 0 0 0 0 0
1513883494.97 17024 12028 11184 18332 18315 17936 0 0 3 12, 0 0 1 0 0 0 0 0 0 0
1513883495.97 18743 14371 11208 15970 17478 16274 1 4 6 13, 0 0 1 0 0 0 0 0 0 0
1513883496.98 20318 18739 12192 13099 15257 15328 1 3 5 13, 0 0 1 0 0 0 0 0 0 0
1513883497.98 16340 15172 9686 8484 11666 13816 0 1 2 10, 0 0 1 0 0 0 0 0 0 0
1513883498.99 16963 15760 9487 10446 14448 15145 0 2 7 12, 0 0 1 0 0 0 0 0 0 0
1513883499.99 23279 18693 10885 9966 17274 23141 1 1 4 15, 0 0 1 0 0 0 0 0 0 0
1513883500.99 21775 17194 11440 12806 18531 23067 1 1 3 14, 0 0 1 0 0 0 0 0 0 0
1513883502.0 18677 15005 9636 10171 17266 20911 0 2 6 22, 0 0 1 0 0 0 0 0 0 0
1513883503.0 16223 13290 7826 9577 14206 16892 0 2 2 15, 0 0 1 0 0 0 0 0 0 0
1513883504.0 16745 13156 6401 11642 13083 15806 0 1 7 12, 0 0 1 0 0 0 0 0 0 0
1513883505.0 18413 13447 5739 11264 10813 14803 1 3 7 23, 0 0 1 0 0 0 0 0 0 0
1513883506.01 23458 13554 5371 11801 9851 15707 1 1 3 21, 0 0 1 0 0 0 0 0 0 0
1513883507.01 25797 13165 5845 13356 9820 14577 0 1 5 23, 0 0 1 0 0 0 0 0 0 0
1513883508.02 26646 17910 8249 13849 11345 18881 0 2 6 15, 0 0 1 0 0 0 0 0 0 0
1513883509.02 25136 14647 7045 12453 10251 13188 1 2 5 12, 0 0 1 0 0 0 0 0 0 0
1513883510.02 25150 13309 6646 12258 10984 15128 0 0 0 7, 0 0 1 0 0 0 0 0 0 0
1513883511.02 25901 12427 6513 8540 9315 13982 0 1 5 16, 0 0 1 0 0 0 0 0 0 0
1513883512.02 28350 17861 10589 9212 12800 19705 0 0 6 17, 0 0 1 0 0 0 0 0 0 0
1513883513.04 28350 17861 10591 9212 12800 19708 0 1 4 14, 0 0 1 0 0 0 0 0 0 0
1513883514.04 31209 22952 13350 9875 16699 25978 0 2 3 14, 0 0 1 0 0 0 0 0 0 0
1513883515.04 28865 27661 17134 9451 13657 21543 2 4 3 10, 0 0 1 0 0 0 0 0 0 0
1513883516.04 29159 32194 20058 8273 13205 22583 1 6 6 128, 0 0 1 0 0 0 0 0 0 0
1513883517.05 28826 31499 21312 11844 15088 22390 2 7 2 112, 0 0 1 0 0 0 0 0 0 0
1513883518.06 24608 29398 23149 12200 13464 19237 0 7 2 64, 0 0 1 0 0 0 0 0 0 0
1513883519.06 23603 28710 22341 12079 11999 16684 0 3 3 7, 0 0 1 0 0 0 0 0 0 0
1513883520.06 19313 26820 21901 11132 8619 12235 0 3 4 8, 0 0 1 0 0 0 0 0 0 0
1513883521.06 17911 21557 18506 10266 7238 10829 3 9 6 19, 0 0 1 0 0 0 0 0 0 0
1513883522.07 17911 21557 18506 10266 7238 10829 3 9 6 19, 0 0 1 0 0 0 0 0 0 0
1513883523.08 27163 21886 17645 16386 20256 26045 1 6 8 29, 0 0 1 0 0 0 0 0 0 0
1513883524.09 27163 21886 17644 16386 20256 26047 1 6 7 40, 0 0 1 0 0 0 0 0 0 0
1513883525.09 24329 14742 11014 19138 26723 28591 2 3 3 25, 0 0 1 0 0 0 0 0 0 0
1513883526.11 20110 13076 8906 16054 22073 23440 0 1 7 17, 0 0 1 0 0 0 0 0 0 0
1513883527.12 19365 10026 6346 18554 19955 22722 1 7 7 35, 0 0 1 0 0 0 0 0 0 0
1513883528.19 19220 12829 7410 22111 28978 22573 2 7 11 24, 0 0 1 0 0 0 0 0 0 0
1513883529.2 16324 8444 3147 18035 23230 19968 1 6 11 34, 0 0 1 0 0 0 0 0 0 0
1513883530.2 15584 8161 3264 17315 16205 15824 1 7 11 34, 0 0 1 0 0 0 0 0 0 0
1513883531.2 10816 6910 3785 14853 13130 11359 1 3 4 17, 0 0 1 0 0 0 0 0 0 0
1513883532.2 6887 5522 4558 11752 10041 9621 2 5 6 26, 0 0 1 0 0 0 0 0 0 0
1513883533.2 4103 3667 2975 8187 9221 7473 0 4 6 13, 0 0 1 0 0 0 0 0 0 0
1513883534.2 5616 5520 3845 5507 6626 6525 1 6 10 25, 0 0 1 0 0 0 0 0 0 0
1513883535.2 7721 9554 8647 6452 3697 5705 1 4 9 22, 0 0 1 0 0 0 0 0 0 0
1513883536.2 6357 12028 16035 8574 3211 4325 2 9 15 35, 0 0 1 0 0 0 0 0 0 0
1513883537.2 6686 13427 18429 11392 4541 4481 1 3 6 24, 0 0 1 0 0 0 0 0 0 0
1513883538.2 7490 14939 18865 11137 3429 3889 1 3 8 14, 0 0 1 0 0 0 0 0 0 0
1513883539.2 7385 13064 17504 9722 3104 4525 0 2 5 12, 0 0 1 0 0 0 0 0 0 0
1513883540.2 12559 15354 17537 9040 3118 7780 7 24 16 46, 0 0 1 0 0 0 0 0 0 0
1513883541.21 9579 14942 16851 7563 1900 6072 4 19 10 36, 0 0 1 0 0 0 0 0 0 0
1513883542.21 14136 17597 17202 8560 5175 10225 4 14 16 49, 0 0 1 0 0 0 0 0 0 0
1513883543.28 14136 16962 17026 8560 5175 10225 4 14 16 49, 0 0 1 0 0 0 0 0 0 0
1513883544.28 19906 12283 18300 8669 16950 19269 2 7 8 22, 0 0 1 0 0 0 0 0 0 0
1513883545.28 19906 12283 20846 14277 27637 20644 2 8 8 21, 0 0 1 0 0 0 0 0 0 0
1513883546.31 23943 18758 23734 14277 27637 22608 4 11 12 33, 0 0 1 0 0 0 0 0 0 0
1513883547.31 11703 11084 19377 10156 19349 13492 2 10 5 14, 0 0 1 0 0 0 0 0 0 0
1513883548.32 10614 10828 19771 13960 16952 14627 3 8 5 121, 0 0 1 0 0 0 0 0 0 0
1513883549.33 10309 13477 22094 17172 16944 13333 3 17 9 31, 0 0 1 0 0 0 0 0 0 0
1513883550.34 11504 13730 20001 19580 20149 14568 2 10 6 21, 0 0 1 0 0 0 0 0 0 0
1513883551.35 7958 11568 20010 17055 15863 10546 0 3 4 10, 0 0 1 0 0 0 0 0 0 0
1513883552.36 5624 11491 22751 23525 17269 9390 3 9 6 18, 0 0 1 0 0 0 0 0 0 0
1513883553.37 4286 11400 22817 25754 16086 7796 3 12 7 21, 0 0 1 0 0 0 0 0 0 0
1513883554.38 4763 11753 18162 23286 19464 7604 2 12 5 21, 0 0 1 0 0 0 0 0 0 0
1513883555.39 4763 12081 15953 21004 14531 5056 1 9 2 78, 0 0 1 0 0 0 0 0 0 0
1513883556.39 3678 11261 15944 21004 14531 6083 1 3 3 171, 0 0 1 0 0 0 0 0 0 0
1513883557.4 4828 11376 15310 23589 17382 8694 1 7 5 20, 0 0 1 0 0 0 0 0 0 0
1513883558.41 11848 17212 16080 19937 14179 8666 2 7 5 19, 0 0 1 0 0 0 0 0 0 0
1513883559.42 13952 19558 14697 10241 8656 7494 2 7 10 24, 0 0 1 0 0 0 0 0 0 0
1513883560.42 17842 24892 14946 5044 5337 8348 4 13 9 31, 0 0 1 0 0 0 0 0 0 0
1513883561.43 13153 20295 13484 3857 3635 5993 1 4 8 27, 0 0 1 0 0 0 0 0 0 0
1513883562.45 10401 16853 11988 3592 2796 4867 2 10 10 22, 0 0 1 0 0 0 0 0 0 0
1513883563.46 9971 13516 7819 2370 1876 4342 2 6 3 14, 0 0 1 0 0 0 0 0 0 0
1513883564.47 8519 9551 5219 3207 2605 3321 1 6 14 31, 0 0 1 0 0 0 0 0 0 0
1513883565.47 8164 9800 4354 712 1088 3031 2 6 11 30, 0 0 1 0 0 0 0 0 0 0
1513883566.48 8264 8099 5443 4911 7035 6937 1 5 10 31, 0 0 1 0 0 0 0 0 0 0
1513883567.48 10001 13097 15057 9885 11266 8014 2 6 6 34, 0 0 1 0 0 0 0 0 0 0
1513883568.5 7484 12060 17883 11494 12123 7015 2 5 6 21, 0 0 1 0 0 0 0 0 0 0
1513883569.5 7107 13491 17320 10349 12110 8227 3 12 9 20, 0 0 1 0 0 0 0 0 0 0
1513883570.51 7107 12539 16770 8409 10953 7446 3 14 12 22, 0 0 1 0 0 0 0 0 0 0
1513883571.52 4414 8978 15711 5290 4977 3502 3 11 9 29, 0 0 1 0 0 0 0 0 0 0
1513883572.52 4967 11830 13359 4968 4690 2298 2 12 10 27, 0 0 1 0 0 0 0 0 0 0
1513883573.53 4110 12103 13975 5910 4606 715 1 10 4 16, 0 0 1 0 0 0 0 0 0 0
1513883574.53 4110 12103 13964 5481 2727 715 1 6 3 15, 0 0 1 0 0 0 0 0 0 0
1513883575.56 2113 8432 9847 2538 2174 651 3 9 3 16, 0 0 1 0 0 0 0 0 0 0
1513883576.58 1265 3870 7904 960 3226 2399 1 7 6 13, 0 0 1 0 0 0 0 0 0 0
1513883577.58 2834 3172 4608 1102 3105 5040 2 7 6 12, 0 0 1 0 0 0 0 0 0 0
1513883578.6 8323 5896 2337 986 3686 8699 2 5 6 16, 0 0 1 0 0 0 0 0 0 0
1513883579.61 7011 4266 1095 972 4193 8648 2 6 6 18, 0 0 1 0 0 0 0 0 0 0
1513883580.66 9367 4082 147 516 3220 11269 0 2 3 13, 0 0 1 0 0 0 0 0 0 0
1513883581.67 6039 3742 216 440 2691 9548 0 1 2 2, 0 0 1 0 0 0 0 0 0 0
1513883582.67 9468 3943 50 595 3879 11225 0 3 4 14, 0 0 1 0 0 0 0 0 0 0
1513883583.67 10023 4715 57 228 1588 7623 2 7 4 10, 0 0 1 0 0 0 0 0 0 0
1513883584.67 9316 5691 401 1003 2353 5738 1 8 11 26, 0 0 1 0 0 0 0 0 0 0
1513883585.67 4836 2711 136 1141 2270 3543 2 11 10 20, 0 0 1 0 0 0 0 0 0 0
1513883586.67 2828 3179 4662 7045 6263 4199 3 12 14 39, 0 0 1 0 0 0 0 0 0 0
1513883587.67 2300 5636 13351 17593 14563 7775 2 9 9 20, 0 0 1 0 0 0 0 0 0 0
1513883588.67 2775 4706 9517 11891 9522 5676 1 5 10 21, 0 0 1 0 0 0 0 0 0 0
1513883589.67 9209 6731 8534 10796 9290 9171 1 11 12 34, 0 0 1 0 0 0 0 0 0 0
1513883590.68 10771 6313 7325 9490 7904 8440 3 9 11 31, 0 0 1 0 0 0 0 0 0 0
1513883591.68 9684 4217 2800 7964 8236 8324 5 15 8 20, 0 0 1 0 0 0 0 0 0 0
1513883592.68 9931 6643 3015 7801 9020 11260 2 8 15 38, 0 0 1 0 0 0 0 0 0 0
1513883593.68 18574 12874 3924 6369 8740 17817 1 8 9 23, 0 0 1 0 0 0 0 0 0 0
1513883594.68 18574 12874 3898 5068 10209 18568 1 6 9 26, 0 0 1 0 0 0 0 0 0 0
1513883595.69 22231 17760 3289 5055 10991 20453 1 6 6 336, 0 0 1 0 0 0 0 0 0 0
1513883596.7 22231 17760 3289 5055 10991 20453 1 6 6 336, 0 0 1 0 0 0 0 0 0 0
1513883597.71 20240 14528 1920 4468 12036 24948 0 3 8 1062, 0 0 1 0 0 0 0 0 0 0
1513883598.72 20240 14528 1951 6459 15324 24717 1 6 7 1481, 0 0 1 0 0 0 0 0 0 0
1513883599.73 15911 11901 3940 7853 12939 26850 1 7 5 1736, 0 0 1 0 0 0 0 0 0 0
1513883600.74 18122 13178 5584 10781 15805 27263 2 7 5 2745, 0 0 1 0 0 0 0 0 0 0
1513883601.76 16685 10030 3812 9995 12110 28263 2 10 11 2593, 0 0 1 0 0 0 0 0 0 0
1513883602.77 17985 9214 2801 7790 8910 25768 2 7 6 615, 0 0 1 0 0 0 0 0 0 0
1513883603.78 25272 11265 2672 6552 11966 29741 1 5 5 23, 0 0 1 0 0 0 0 0 0 0
1513883604.78 28049 14449 5897 9834 14304 27365 0 4 9 32, 0 0 1 0 0 0 0 0 0 0
1513883605.78 26407 13927 8854 14160 13484 22761 2 8 5 24, 0 0 1 0 0 0 0 0 0 0
1513883606.8 28996 15511 7192 13103 10312 21225 1 4 2 16, 0 0 1 0 0 0 0 0 0 0
1513883607.8 27957 14277 5854 10210 7601 18180 3 9 4 17, 0 0 1 0 0 0 0 0 0 0
1513883608.82 25468 11914 5990 10495 9217 20033 1 5 6 14, 0 0 1 0 0 0 0 0 0 0
1513883609.82 28006 15680 7683 14243 14263 25838 1 5 3 10, 0 0 1 0 0 0 0 0 0 0
1513883610.82 27190 17925 10581 14871 14687 25615 2 6 3 15, 0 0 1 0 0 0 0 0 0 0
1513883611.82 27190 17925 10581 14871 14687 25615 2 6 3 15, 0 0 1 0 0 0 0 0 0 0
1513883612.84 22801 17297 11502 10891 15715 23810 1 3 7 15, 0 0 1 0 0 0 0 0 0 0
1513883613.84 20406 14680 5886 4221 10081 18390 1 4 8 15, 0 0 1 0 0 0 0 0 0 0
1513883614.85 29324 25078 8995 3585 9475 20807 0 6 5 28, 0 0 1 0 0 0 0 0 0 0
1513883615.85 25642 23351 7903 101 5433 15644 2 4 11 27, 0 0 1 0 0 0 0 0 0 0
1513883616.87 25642 23351 7922 101 5433 15644 2 14 12 27, 0 0 1 0 0 0 0 0 0 0
1513883617.87 26558 23668 9928 1809 5482 15908 2 5 7 41, 0 0 1 0 0 0 0 0 0 0
1513883618.88 26569 23668 10766 2607 6334 16208 0 4 6 26, 0 0 1 0 0 0 0 0 0 0
1513883619.89 25370 22116 10235 2607 6334 16209 0 3 4 17, 0 0 1 0 0 0 0 0 0 0
1513883620.9 20910 22106 13533 6523 9206 16291 1 4 6 19, 0 0 1 0 0 0 0 0 0 0
1513883621.91 20910 22106 13802 7681 12012 17099 0 3 3 25, 0 0 1 0 0 0 0 0 0 0
1513883622.92 17592 19699 12503 5900 12543 16452 1 2 4 16, 0 0 1 0 0 0 0 0 0 0
1513883623.93 16349 19013 12913 8640 12598 15526 1 4 3 14, 0 0 1 0 0 0 0 0 0 0
1513883624.94 13185 13559 11662 10306 11749 14020 2 7 10 21, 0 0 1 0 0 0 0 0 0 0
1513883625.94 14543 13145 10726 14613 13812 15850 2 8 10 314, 0 0 1 0 0 0 0 0 0 0
1513883626.94 15084 13145 10719 16510 15712 14911 4 9 10 205, 0 0 1 0 0 0 0 0 0 0
1513883627.95 9937 6553 10103 21525 15839 12311 3 12 13 29, 0 0 1 0 0 0 0 0 0 0
1513883628.96 9234 7077 7806 18368 17736 11850 1 9 4 26, 0 0 1 0 0 0 0 0 0 0
1513883629.97 6695 4474 5833 10613 14528 11955 1 6 5 23, 0 0 1 0 0 0 0 0 0 0
1513883630.97 5614 3222 5084 11531 14414 10761 1 5 3 19, 0 0 1 0 0 0 0 0 0 0
1513883631.98 3951 3222 5867 13574 14106 7554 3 8 10 23, 0 0 1 0 0 0 0 0 0 0
1513883632.99 3210 3125 9559 21837 18867 8480 2 9 9 35, 0 0 1 0 0 0 0 0 0 0
1513883633.99 3234 3218 12123 26205 21493 10368 1 5 5 14, 0 0 1 0 0 0 0 0 0 0
1513883635.0 2897 3688 12124 26425 17194 8875 2 4 5 12, 0 0 1 0 0 0 0 0 0 0
1513883636.0 3299 3432 11063 23687 12796 6732 1 2 3 18, 0 0 1 0 0 0 0 0 0 0
1513883637.01 7447 7284 11263 23441 13593 10210 1 2 3 13, 0 0 1 0 0 0 0 0 0 0
1513883638.02 9003 7284 11146 22587 16216 15156 2 3 3 13, 0 0 1 0 0 0 0 0 0 0
1513883639.04 10957 8523 12084 22587 16216 15155 1 5 3 8, 0 0 1 0 0 0 0 0 0 0
1513883640.05 16418 9480 7837 19533 17153 21799 6 18 10 24, 0 0 1 0 0 0 0 0 0 0
1513883641.07 15629 10355 7534 16978 15771 21158 1 6 8 12, 0 0 1 0 0 0 0 0 0 0
1513883642.09 20831 14183 7881 13492 15898 24426 1 2 2 11, 0 0 1 0 0 0 0 0 0 0
1513883643.1 34366 16456 2026 4495 16470 32357 1 4 4 13, 0 0 1 0 0 0 0 0 0 0
1513883644.1 36731 14899 684 1439 12129 34825 2 12 5 23, 0 0 1 0 0 0 0 0 0 0
1513883645.1 32293 10704 1818 4911 12260 31630 1 11 8 24, 0 0 1 0 0 0 0 0 0 0
1513883646.1 26635 8051 2678 9653 15660 29925 3 14 7 21, 0 0 1 0 0 0 0 0 0 0
1513883647.1 18399 5611 4155 13274 13803 21439 0 6 4 13, 0 0 1 0 0 0 0 0 0 0
1513883648.1 13869 4869 6602 12038 10150 16057 3 14 12 28, 0 0 1 0 0 0 0 0 0 0
1513883649.11 8984 3777 5279 6614 8889 13044 3 13 13 31, 0 0 1 0 0 0 0 0 0 0
1513883650.11 6029 1358 4057 8206 12644 14523 2 9 7 942, 0 0 1 0 0 0 0 0 0 0
1513883651.11 6029 1171 3534 9779 14115 16322 2 9 9 3269, 0 0 1 0 0 0 0 0 0 0
1513883652.12 6515 1895 2687 8291 13155 16046 2 6 7 3064, 0 0 1 0 0 0 0 0 0 0
1513883653.12 7875 7481 6341 7072 10223 12235 3 11 11 1910, 0 0 1 0 0 0 0 0 0 0
1513883654.13 10099 11309 7670 4492 10478 15467 1 9 4 2023, 0 0 1 0 0 0 0 0 0 0
1513883655.13 11127 12410 6193 3821 12189 20827 2 11 6 2557, 0 0 1 0 0 0 0 0 0 0
1513883656.13 12807 12562 5025 4383 13432 23886 3 10 8 2544, 0 0 1 0 0 0 0 0 0 0
1513883657.14 16504 14191 5449 3433 12230 26453 2 6 10 2708, 0 0 1 0 0 0 0 0 0 0
1513883658.14 21840 15360 7023 7454 16192 27503 2 8 3 2743, 0 0 1 0 0 0 0 0 0 0
1513883659.15 24376 14011 5458 6879 18539 29680 1 3 3 766, 0 0 1 0 0 0 0 0 0 0
1513883660.15 20548 11894 4877 9090 21324 27935 1 3 5 16, 0 0 1 0 0 0 0 0 0 0
1513883661.15 22555 14216 5247 7053 17295 25741 1 6 6 16, 0 0 1 0 0 0 0 0 0 0
1513883662.16 21810 14339 4406 4995 14004 24301 2 6 6 16, 0 0 1 0 0 0 0 0 0 0
1513883663.16 27018 18279 7015 7542 17618 28353 2 10 7 21, 0 0 1 0 0 0 0 0 0 0
1513883664.16 26885 18436 7538 7143 19255 30294 1 4 5 12, 0 0 1 0 0 0 0 0 0 0
1513883665.17 28876 17984 6557 6205 18844 30253 3 11 6 20, 0 0 1 0 0 0 0 0 0 0
1513883666.17 27324 16911 5005 4955 17423 28115 1 3 3 16, 0 0 1 0 0 0 0 0 0 0
1513883667.18 22916 15120 4624 4008 16792 25259 0 2 4 12, 0 0 1 0 0 0 0 0 0 0
1513883668.18 17771 14776 2969 2332 12722 17084 3 8 7 18, 0 0 1 0 0 0 0 0 0 0
1513883669.18 15382 12547 2942 1108 11036 14388 1 5 3 8, 0 0 1 0 0 0 0 0 0 0
1513883670.19 10542 8979 1999 406 5601 8204 1 3 3 16, 0 0 1 0 0 0 0 0 0 0
1513883671.19 2851 2652 1169 682 2352 2749 0 2 2 20, 0 0 1 0 0 0 0 0 0 0
1513883672.19 1178 1232 748 1043 1683 1217 1 8 5 34, 0 0 1 0 0 0 0 0 0 0
1513883673.19 217 148 139 426 721 238 2 10 12 39, 0 0 1 0 0 0 0 0 0 0
1513883674.2 937 1047 1261 2089 1627 1036 2 10 15 58, 0 0 1 0 0 0 0 0 0 0
1513883675.2 3630 5367 5262 7362 5613 3010 1 7 9 42, 0 0 1 0 0 0 0 0 0 0
1513883676.21 3881 7007 12348 16999 9196 4413 2 8 18 45, 0 0 1 0 0 0 0 0 0 0
1513883677.22 3892 7459 11979 18653 8049 3533 2 4 9 27, 0 0 1 0 0 0 0 0 0 0
1513883678.22 6703 8182 10998 18194 9168 6087 1 6 4 23, 0 0 1 0 0 0 0 0 0 0
1513883679.23 12544 8909 10083 17297 9168 8472 3 6 4 25, 0 0 1 0 0 0 0 0 0 0
1513883680.23 18491 11154 8844 17642 15429 16456 2 8 10 35, 0 0 1 0 0 0 0 0 0 0
1513883681.23 21824 13951 6892 16843 11969 14632 1 6 11 26, 0 0 1 0 0 0 0 0 0 0
1513883682.23 26025 16850 6372 12485 7176 13809 1 5 2 12, 0 0 1 0 0 0 0 0 0 0
1513883683.24 26025 16850 6372 12485 7176 13809 1 5 2 12, 0 0 1 0 0 0 0 0 0 0
1513883684.24 23531 17190 5223 9583 5145 11404 2 4 3 14, 0 0 1 0 0 0 0 0 0 0
1513883685.25 27615 20373 7357 9805 11254 17130 1 6 5 20, 0 0 1 0 0 0 0 0 0 0
1513883686.25 22929 16518 8007 11254 11633 17868 2 6 2 13, 0 0 1 0 0 0 0 0 0 0
1513883687.25 21876 14826 5526 6733 10202 17437 2 10 6 24, 0 0 1 0 0 0 0 0 0 0
1513883688.26 27626 19726 5579 5682 9851 19595 2 7 3 19, 0 0 1 0 0 0 0 0 0 0
1513883689.27 23026 15613 4678 3953 8901 18481 3 15 16 40, 0 0 1 0 0 0 0 0 0 0
1513883690.28 18271 14681 5139 1339 6082 13997 1 4 11 31, 0 0 1 0 0 0 0 0 0 0
1513883691.29 11275 7863 2218 427 2074 7038 3 9 4 27, 0 0 1 0 0 0 0 0 0 0
1513883692.3 11275 7594 1713 427 2074 7041 3 12 9 37, 0 0 1 0 0 0 0 0 0 0
1513883693.31 13011 6102 738 1852 12963 17544 2 4 5 21, 0 0 1 0 0 0 0 0 0 0
1513883694.31 11491 4492 546 1852 12963 17544 2 5 5 17, 0 0 1 0 0 0 0 0 0 0
1513883695.33 12017 7564 2484 6123 16952 17001 2 8 7 27, 0 0 1 0 0 0 0 0 0 0
1513883696.34 16415 11670 1931 4136 19993 17925 1 5 3 400, 0 0 1 0 0 0 0 0 0 0
1513883697.36 16415 11670 1926 4136 19993 17925 1 2 1 400, 0 0 1 0 0 0 0 0 0 0
1513883698.37 14284 13289 8582 11287 21862 19624 2 5 5 15, 0 0 1 0 0 0 0 0 0 0
1513883699.38 14284 13289 8588 11287 21862 19624 2 7 7 15, 0 0 1 0 0 0 0 0 0 0
1513883700.41 17644 14541 8740 14487 24896 23908 1 2 1 9, 0 0 1 0 0 0 0 0 0 0
1513883701.41 11598 11588 8968 15335 16926 15713 0 3 4 12, 0 0 1 0 0 0 0 0 0 0
1513883702.41 9152 9790 10619 17403 19643 17141 1 4 3 21, 0 0 1 0 0 0 0 0 0 0
1513883703.42 9285 7830 6322 14399 16984 16380 1 8 6 17, 0 0 1 0 0 0 0 0 0 0
1513883704.42 7236 6119 4414 9775 10377 9581 2 8 10 24, 0 0 1 0 0 0 0 0 0 0
1513883705.43 3770 2784 3596 6635 8180 6508 2 7 10 26, 0 0 1 0 0 0 0 0 0 0
1513883706.43 1959 511 1234 4862 7015 5342 1 4 6 14, 0 0 1 0 0 0 0 0 0 0
1513883707.43 2116 534 628 3056 4402 4074 3 8 5 17, 0 0 1 0 0 0 0 0 0 0
1513883708.43 2557 1044 488 1156 1789 2929 3 7 6 23, 0 0 1 0 0 0 0 0 0 0
1513883709.44 5667 2216 466 1482 6324 8526 3 8 11 21, 0 0 1 0 0 0 0 0 0 0
1513883710.45 11275 3827 1957 5726 15985 18525 1 9 8 19, 0 0 1 0 0 0 0 0 0 0
1513883711.46 12568 6372 3375 5164 16059 19657 1 6 7 21, 0 0 1 0 0 0 0 0 0 0
1513883712.46 6963 3652 1927 5674 18262 14739 2 7 10 27, 0 0 1 0 0 0 0 0 0 0
1513883713.47 5072 1621 1652 6310 18255 13920 2 8 8 16, 0 0 1 0 0 0 0 0 0 0
1513883714.47 3034 177 634 5325 15504 11680 1 4 8 21, 0 0 1 0 0 0 0 0 0 0
1513883715.47 3671 686 506 3204 12436 12241 3 14 7 17, 0 0 1 0 0 0 0 0 0 0
1513883716.48 4726 458 458 2445 9900 12075 1 4 7 20, 0 0 1 0 0 0 0 0 0 0
1513883717.48 9044 7117 2430 1443 7691 10292 2 14 7 24, 0 0 1 0 0 0 0 0 0 0
1513883718.49 10424 8940 2689 845 6698 9350 1 3 3 13, 0 0 1 0 0 0 0 0 0 0
1513883719.49 6001 5544 2077 265 3044 5027 2 7 7 25, 0 0 1 0 0 0 0 0 0 0
1513883720.5 5905 7854 2754 136 915 1658 1 9 13 54, 0 0 1 0 0 0 0 0 0 0
1513883721.51 5905 7854 2754 136 915 1658 1 9 13 54, 0 0 1 0 0 0 0 0 0 0
1513883722.52 18016 9501 2098 1727 9703 21221 1 8 7 80, 0 0 1 0 0 0 0 0 0 0
1513883723.54 20201 13293 4804 1834 9468 19866 1 6 7 63, 0 0 1 0 0 0 0 0 0 0
1513883724.55 20201 13989 4849 1834 9468 19811 1 6 8 29, 0 0 1 0 0 0 0 0 0 0
1513883725.58 23948 15777 5913 1793 9514 22803 2 7 7 19, 0 0 1 0 0 0 0 0 0 0
1513883726.58 23957 15854 4730 2823 9729 25080 2 11 5 14, 0 0 1 0 0 0 0 0 0 0
1513883727.59 26266 20593 8523 5418 10931 22288 1 8 5 14, 0 0 1 0 0 0 0 0 0 0
1513883728.6 26266 20593 8523 5418 10931 22288 1 5 5 14, 0 0 1 0 0 0 0 0 0 0
1513883729.62 18693 16966 7287 5306 9526 14555 1 6 8 212, 0 0 1 0 0 0 0 0 0 0
1513883730.63 21717 16754 5359 7322 16484 21157 1 2 2 17, 0 0 1 0 0 0 0 0 0 0
1513883731.64 20916 16754 6505 9182 17187 20663 1 10 3 19, 0 0 1 0 0 0 0 0 0 0
1513883732.64 20095 14046 4789 7264 17338 20665 1 8 4 23, 0 0 1 0 0 0 0 0 0 0
1513883733.65 19313 8995 2602 8157 15513 23017 1 8 3 25, 0 0 1 0 0 0 0 0 0 0
1513883734.66 24806 9687 1615 9671 19416 29993 2 10 9 395, 0 0 1 0 0 0 0 0 0 0
1513883735.67 21331 6479 587 6966 15499 28492 1 8 7 830, 0 0 1 0 0 0 0 0 0 0
1513883736.68 23343 7471 962 5274 14204 28851 1 5 10 31, 0 0 1 0 0 0 0 0 0 0
1513883737.68 23080 7717 1074 4374 14570 29793 1 4 5 26, 0 0 1 0 0 0 0 0 0 0
1513883738.69 25410 7717 1140 3385 14799 31104 2 5 5 23, 0 0 1 0 0 0 0 0 0 0
1513883739.69 25492 11852 496 3204 12023 27781 2 9 6 23, 0 0 1 0 0 0 0 0 0 0
1513883740.7 22258 10931 4851 7745 14127 26488 2 15 6 15, 0 0 1 0 0 0 0 0 0 0
1513883741.7 20938 13435 10598 11229 15479 24545 1 12 4 19, 0 0 1 0 0 0 0 0 0 0
1513883742.71 18144 15914 13802 13191 16831 22093 0 9 4 17, 0 0 1 0 0 0 0 0 0 0
1513883743.72 18144 15914 13802 13191 16831 22093 0 9 4 17, 0 0 1 0 0 0 0 0 0 0
1513883744.73 13715 12743 13506 14301 13493 16069 0 6 2 8, 0 0 1 0 0 0 0 0 0 0
1513883745.74 10943 9301 13388 17556 15150 12452 2 11 3 23, 0 0 1 0 0 0 0 0 0 0
1513883746.74 13393 11008 12994 17639 16896 14358 1 11 3 19, 0 0 1 0 0 0 0 0 0 0
1513883747.75 12722 14038 12931 12471 14380 13200 1 8 3 15, 0 0 1 0 0 0 0 0 0 0
1513883748.78 12231 11655 11715 12471 14380 13202 1 8 6 26, 0 0 1 0 0 0 0 0 0 0
1513883749.78 15283 16069 16951 13938 13988 14510 3 17 4 15, 0 0 1 0 0 0 0 0 0 0
1513883750.78 12192 14979 14954 12475 12395 11169 2 11 7 22, 0 0 1 0 0 0 0 0 0 0
1513883751.79 11035 14671 13222 7669 8249 8787 1 10 6 23, 0 0 1 0 0 0 0 0 0 0
1513883752.81 11035 14671 13217 7669 8249 8787 1 7 8 23, 0 0 1 0 0 0 0 0 0 0
1513883753.81 18712 18669 11639 6267 14352 20106 2 8 5 25, 0 0 1 0 0 0 0 0 0 0
1513883754.81 22573 21355 10645 4419 10580 18535 3 11 11 25, 0 0 1 0 0 0 0 0 0 0
1513883755.82 19022 19667 10792 4416 8910 14712 3 9 8 23, 0 0 1 0 0 0 0 0 0 0
1513883756.83 18252 16935 7366 3590 8116 13663 1 11 5 20, 0 0 1 0 0 0 0 0 0 0
1513883757.84 20773 14372 4398 1895 7187 15582 3 5 5 14, 0 0 1 0 0 0 0 0 0 0
1513883758.84 17250 13713 4162 2836 7002 13037 3 8 4 24, 0 0 1 0 0 0 0 0 0 0
1513883759.86 13794 13562 5897 3912 5835 8406 3 10 9 20, 0 0 1 0 0 0 0 0 0 0
1513883760.87 11747 11966 5169 3526 5663 7042 3 12 7 25, 0 0 1 0 0 0 0 0 0 0
1513883761.87 12315 12540 6347 3028 5071 8811 2 10 13 42, 0 0 1 0 0 0 0 0 0 0
1513883762.88 4017 3729 2656 1387 1093 2723 3 9 9 121, 0 0 1 0 0 0 0 0 0 0
1513883763.88 12498 5787 3061 2678 4595 10929 2 8 12 53, 0 0 1 0 0 0 0 0 0 0
1513883764.88 19598 7975 3458 2313 5498 15543 2 7 7 35, 0 0 1 0 0 0 0 0 0 0
1513883765.89 23596 8051 2130 3039 6357 18219 1 5 7 58, 0 0 1 0 0 0 0 0 0 0
1513883766.93 28900 8051 2152 3178 8399 27644 2 5 7 216, 0 0 1 0 0 0 0 0 0 0
1513883767.93 27384 7086 1178 4439 9551 27459 1 6 7 345, 0 0 1 0 0 0 0 0 0 0
1513883768.93 26754 6868 1003 3980 8352 29094 1 1 4 18, 0 0 1 0 0 0 0 0 0 0
1513883769.93 22815 5412 1559 2150 7232 25808 3 14 7 23, 0 0 1 0 0 0 0 0 0 0
1513883770.93 24602 10785 5787 5858 9611 25939 2 8 6 778, 0 0 1 0 0 0 0 0 0 0
1513883771.94 24602 10785 5787 5858 9611 25939 2 8 6 778, 0 0 1 0 0 0 0 0 0 0
1513883772.96 20522 8134 5820 7853 12352 26342 3 8 7 1880, 0 0 1 0 0 0 0 0 0 0
1513883773.98 22149 10010 6377 4235 11776 25111 1 7 6 202, 0 0 1 0 0 0 0 0 0 0
1513883774.99 18018 14262 13363 7401 11987 24071 3 9 7 85, 0 0 1 0 0 0 0 0 0 0
1513883775.99 17326 13153 12573 7059 12205 23781 2 10 6 16, 0 0 1 0 0 0 0 0 0 0
1513883777.0 17326 13153 11742 7868 12288 21065 3 7 7 16, 0 0 1 0 0 0 0 0 0 0
1513883778.01 13362 14855 12336 10588 10774 10583 2 12 8 21, 0 0 1 0 0 0 0 0 0 0
1513883779.01 11717 15240 17910 20015 16378 11807 6 15 8 32, 0 0 1 0 0 0 0 0 0 0
1513883780.02 11662 15337 17739 21322 18578 13341 3 14 6 16, 0 0 1 0 0 0 0 0 0 0
1513883781.02 11618 14542 13705 14447 13635 13211 2 10 11 625, 0 0 1 0 0 0 0 0 0 0
1513883782.09 11618 14542 13705 14447 13635 13211 2 10 11 625, 0 0 1 0 0 0 0 0 0 0
1513883783.1 15986 12074 7612 15457 20029 23541 3 13 8 1318, 0 0 1 0 0 0 0 0 0 0
1513883784.1 15484 7392 4377 13517 20338 23563 1 5 8 1780, 0 0 1 0 0 0 0 0 0 0
1513883785.1 10496 4167 3266 9730 15539 23539 1 2 2 2071, 0 0 1 0 0 0 0 0 0 0
1513883786.1 11858 4666 3019 6670 12668 23001 1 5 4 2391, 0 0 1 0 0 0 0 0 0 0
1513883787.1 21352 9620 6901 7539 12715 31786 2 6 7 3110, 0 0 1 0 0 0 0 0 0 0
1513883788.11 16051 6104 6717 15792 13702 21689 4 14 8 3241, 0 0 1 0 0 0 0 0 0 0
1513883789.11 17308 9747 10752 14526 11231 21335 4 12 3 3650, 0 0 1 0 0 0 0 0 0 0
1513883790.11 17045 8896 11159 13729 11889 21332 4 14 6 2539, 0 0 1 0 0 0 0 0 0 0
1513883791.11 20178 11950 9988 10299 10906 21051 3 12 9 1338, 0 0 1 0 0 0 0 0 0 0
1513883792.12 20871 11950 9730 9062 10022 21544 2 10 9 884, 0 0 1 0 0 0 0 0 0 0
1513883793.13 22260 18500 13980 8548 8629 17614 2 9 6 18, 0 0 1 0 0 0 0 0 0 0
1513883794.13 16713 12943 12301 9508 8285 14255 1 4 4 15, 0 0 1 0 0 0 0 0 0 0
1513883795.13 11407 8042 7629 7230 9295 13458 3 11 11 35, 0 0 1 0 0 0 0 0 0 0
1513883796.13 11915 6735 7727 10667 13128 15411 1 8 12 29, 0 0 1 0 0 0 0 0 0 0
1513883797.13 11915 6492 7975 11230 11737 13870 2 9 4 15, 0 0 1 0 0 0 0 0 0 0
1513883798.14 5534 5078 7711 9237 9371 7973 3 9 11 22, 0 0 1 0 0 0 0 0 0 0
1513883799.14 3578 3427 6570 9048 8640 6229 2 9 6 21, 0 0 1 0 0 0 0 0 0 0
1513883800.14 6142 3720 5139 8417 10478 10261 3 9 4 364, 0 0 1 0 0 0 0 0 0 0
1513883801.15 7572 2821 6257 14267 12779 10988 2 6 6 22, 0 0 1 0 0 0 0 0 0 0
1513883802.15 6887 2707 5886 16067 12318 10308 1 4 8 18, 0 0 1 0 0 0 0 0 0 0
1513883803.15 7266 3813 6068 17846 14640 12874 0 2 1 15, 0 0 1 0 0 0 0 0 0 0
1513883804.16 7112 2828 5708 16191 13472 15206 1 4 4 17, 0 0 1 0 0 0 0 0 0 0
1513883805.16 8405 3197 5915 19710 14587 16549 2 5 3 18, 0 0 1 0 0 0 0 0 0 0
1513883806.16 15575 7550 7916 15160 15438 24455 1 4 4 14, 0 0 1 0 0 0 0 0 0 0
1513883807.17 13304 5293 6564 15429 14845 25023 1 5 3 9, 0 0 1 0 0 0 0 0 0 0
1513883808.17 16849 7391 7934 12862 15211 25658 2 10 5 23, 0 0 1 0 0 0 0 0 0 0
1513883809.18 21897 11657 12453 13671 14359 24713 2 9 6 24, 0 0 1 0 0 0 0 0 0 0
1513883810.18 21711 14365 14403 12491 14205 24415 2 12 7 17, 0 0 1 0 0 0 0 0 0 0
1513883811.19 21520 17412 18594 14303 15640 26299 4 16 5 25, 0 0 1 0 0 0 0 0 0 0
1513883812.19 21520 17412 18594 14303 15640 26299 4 16 5 25, 0 0 1 0 0 0 0 0 0 0
1513883813.19 26226 19730 16736 12442 14981 26271 2 13 6 23, 0 0 1 0 0 0 0 0 0 0
1513883814.2 24509 18179 17567 13807 17225 27519 0 6 5 16, 0 0 1 0 0 0 0 0 0 0
1513883815.2 27377 20148 16928 12574 15776 26358 1 8 3 14, 0 0 1 0 0 0 0 0 0 0
1513883816.2 28107 22746 16569 12745 17349 25365 2 8 3 14, 0 0 1 0 0 0 0 0 0 0
1513883817.21 23712 18421 17125 13186 16920 25003 1 5 2 12, 0 0 1 0 0 0 0 0 0 0
1513883818.21 19455 16143 16687 10324 10876 21885 4 14 6 1084, 0 0 1 0 0 0 0 0 0 0
1513883819.22 16247 16437 19521 10573 11195 21772 2 14 7 1354, 0 0 1 0 0 0 0 0 0 0
1513883820.22 21028 16262 19495 11843 15830 26905 2 10 5 1687, 0 0 1 0 0 0 0 0 0 0
1513883821.22 24074 19510 17871 11070 15610 25979 1 9 5 1010, 0 0 1 0 0 0 0 0 0 0
1513883822.23 27182 20957 15769 10511 15218 27834 2 10 8 1962, 0 0 1 0 0 0 0 0 0 0
1513883823.23 25815 19514 15889 9498 13761 26443 3 11 9 1369, 0 0 1 0 0 0 0 0 0 0
1513883824.24 25071 18743 14678 9820 16261 25850 3 12 8 1052, 0 0 1 0 0 0 0 0 0 0
1513883825.24 20482 16141 14128 11701 14993 20170 1 6 5 24, 0 0 1 0 0 0 0 0 0 0
1513883826.24 13916 12429 9417 12279 16482 14951 1 14 8 22, 0 0 1 0 0 0 0 0 0 0
1513883827.25 12472 14377 11231 12358 14772 11166 2 9 9 20, 0 0 1 0 0 0 0 0 0 0
1513883828.25 13550 13558 10480 9853 12522 12356 1 11 7 27, 0 0 1 0 0 0 0 0 0 0
1513883829.26 23942 17107 9900 7632 14095 21634 1 8 9 124, 0 0 1 0 0 0 0 0 0 0
1513883830.26 29668 19965 10398 5355 13145 27137 1 5 8 82, 0 0 1 0 0 0 0 0 0 0
1513883831.27 31700 20103 9747 5725 12411 27901 1 4 5 84, 0 0 1 0 0 0 0 0 0 0
1513883832.28 29516 19435 9345 7028 14325 26526 0 1 1 556, 0 0 1 0 0 0 0 0 0 0
1513883833.29 30104 18404 6987 5330 14259 30000 5 13 8 3014, 0 0 1 0 0 0 0 0 0 0
1513883834.29 29531 18525 6563 2756 12461 28531 2 8 8 2019, 0 0 1 0 0 0 0 0 0 0
1513883835.3 27127 17651 4874 4121 11485 25360 1 7 3 3450, 0 0 1 0 0 0 0 0 0 0
1513883836.3 23315 17213 5272 3649 9235 19455 2 8 5 2441, 0 0 1 0 0 0 0 0 0 0
1513883837.32 24654 17556 6004 2046 7475 20625 2 6 8 1787, 0 0 1 0 0 0 0 0 0 0
1513883838.32 20300 14540 5473 2193 6130 16698 2 6 5 1450, 0 0 1 0 0 0 0 0 0 0
1513883839.32 22281 16044 5329 1499 5860 17407 3 10 5 1449, 0 0 1 0 0 0 0 0 0 0
1513883840.33 19093 15083 5831 1106 5361 15134 2 8 5 929, 0 0 1 0 0 0 0 0 0 0
1513883841.33 18635 12637 5131 916 6891 18022 4 11 7 775, 0 0 1 0 0 0 0 0 0 0
1513883842.34 17039 11308 5178 915 5998 15939 1 7 8 68, 0 0 1 0 0 0 0 0 0 0
1513883843.34 14107 12202 5746 664 5268 12259 3 9 10 23, 0 0 1 0 0 0 0 0 0 0
1513883844.34 12767 12862 5844 442 3823 9163 3 15 11 32, 0 0 1 0 0 0 0 0 0 0
1513883845.35 20558 20596 8971 1225 4169 12302 3 9 7 23, 0 0 1 0 0 0 0 0 0 0
1513883846.35 24424 25078 10499 3168 8601 17021 1 5 6 13, 0 0 1 0 0 0 0 0 0 0
1513883847.36 23893 21613 10344 3750 11013 19710 1 4 4 19, 0 0 1 0 0 0 0 0 0 0
1513883848.36 17862 14953 8671 4061 8377 15866 1 3 2 9, 0 0 1 0 0 0 0 0 0 0
1513883849.36 12455 11094 6827 3462 6149 10839 1 10 4 10, 0 0 1 0 0 0 0 0 0 0
1513883850.37 10022 9390 6357 3033 4022 8149 3 9 11 29, 0 0 1 0 0 0 0 0 0 0
1513883851.37 6355 6151 3616 1493 1501 3979 2 12 10 30, 0 0 1 0 0 0 0 0 0 0
1513883852.38 6320 4904 2103 650 1596 4839 2 9 8 31, 0 0 1 0 0 0 0 0 0 0
1513883853.38 15499 10810 1797 83 3777 10569 1 3 9 26, 0 0 1 0 0 0 0 0 0 0
1513883854.38 13872 9242 2472 84 2705 9605 2 9 8 25, 0 0 1 0 0 0 0 0 0 0
1513883855.39 9781 7007 2034 72 2571 7364 2 7 9 26, 0 0 1 0 0 0 0 0 0 0
1513883856.39 7493 3943 1116 1774 3799 6721 2 7 3 25, 0 0 1 0 0 0 0 0 0 0
1513883857.4 4904 2919 4217 9051 6335 5418 3 11 8 31, 0 0 1 0 0 0 0 0 0 0
1513883858.41 20916 9039 3553 6061 5930 13455 5 7 16 30, 0 0 1 0 0 0 0 0 0 0
1513883859.42 20916 9884 3586 5874 5570 15576 5 18 12 31, 0 0 1 0 0 0 0 0 0 0
1513883860.43 27415 18072 6452 4428 4343 15357 2 8 9 27, 0 0 1 0 0 0 0 0 0 0
1513883861.43 25057 16365 6432 3622 3133 14898 1 4 4 14, 0 0 1 0 0 0 0 0 0 0
1513883862.44 25057 16365 6432 3622 3133 14898 1 4 4 14, 0 0 1 0 0 0 0 0 0 0
1513883863.46 23692 13288 4301 3002 4024 17183 2 8 2 14, 0 0 1 0 0 0 0 0 0 0
1513883864.46 23608 14360 4209 3083 2958 13976 2 8 8 21, 0 0 1 0 0 0 0 0 0 0
1513883865.46 25126 18750 6436 3135 4285 15714 1 8 7 20, 0 0 1 0 0 0 0 0 0 0
1513883866.46 24561 16044 3796 960 5590 17292 1 4 4 16, 0 0 1 0 0 0 0 0 0 0
1513883867.47 22004 12963 2487 614 5120 15571 1 6 2 9, 0 0 1 0 0 0 0 0 0 0
1513883868.47 19609 11798 3245 1153 5229 15151 1 5 4 12, 0 0 1 0 0 0 0 0 0 0
1513883869.48 21175 12815 4167 501 7062 19019 0 3 5 11, 0 0 1 0 0 0 0 0 0 0
1513883870.48 28682 12212 2826 1342 9984 28832 2 6 3 16, 0 0 1 0 0 0 0 0 0 0
1513883871.48 31568 12972 2467 553 9066 31033 1 3 2 8, 0 0 1 0 0 0 0 0 0 0
1513883872.49 27594 15294 4206 672 9213 25259 0 4 6 9, 0 0 1 0 0 0 0 0 0 0
1513883873.49 27790 14525 3430 252 8460 26335 3 8 9 19, 0 0 1 0 0 0 0 0 0 0
1513883874.49 27006 14888 3895 390 8675 25486 1 6 3 15, 0 0 1 0 0 0 0 0 0 0
1513883875.5 23009 12916 3311 655 9278 22307 1 2 6 12, 0 0 1 0 0 0 0 0 0 0
1513883876.5 22568 11832 2437 1248 9434 21723 0 3 3 4, 0 0 1 0 0 0 0 0 0 0
1513883877.51 23047 12235 2454 2182 11653 23347 1 2 3 12, 0 0 1 0 0 0 0 0 0 0
1513883878.51 22988 11670 1240 959 7949 20822 1 3 2 12, 0 0 1 0 0 0 0 0 0 0
1513883879.51 20903 15351 3367 2787 10728 17743 1 3 4 6, 0 0 1 0 0 0 0 0 0 0
1513883880.52 18466 15118 3483 2523 7038 11715 2 6 5 23, 0 0 1 0 0 0 0 0 0 0
1513883881.52 22186 20208 5689 1905 5388 11833 3 9 10 27, 0 0 1 0 0 0 0 0 0 0
1513883882.52 28662 22026 6143 1403 6705 18330 3 12 11 34, 0 0 1 0 0 0 0 0 0 0
1513883883.53 30207 23585 7786 1596 6045 18468 4 14 12 28, 0 0 1 0 0 0 0 0 0 0
1513883884.53 32468 25080 7712 1011 5481 20175 4 12 12 31, 0 0 1 0 0 0 0 0 0 0
1513883885.54 31793 24153 5751 982 6871 18121 2 7 6 20, 0 0 1 0 0 0 0 0 0 0
1513883886.54 25946 17484 7523 1128 6871 15564 2 6 8 16, 0 0 1 0 0 0 0 0 0 0
1513883887.54 25946 16538 5014 1748 7162 16286 2 5 2 14, 0 0 1 0 0 0 0 0 0 0
1513883888.55 28228 17171 5525 2433 11180 20316 0 2 4 10, 0 0 1 0 0 0 0 0 0 0
1513883889.55 27269 16247 5030 2965 11187 17345 1 3 4 19, 0 0 1 0 0 0 0 0 0 0
1513883890.56 29504 21433 7770 4839 16703 21832 2 10 10 20, 0 0 1 0 0 0 0 0 0 0
1513883891.56 31847 23382 8235 7182 20365 29196 1 8 4 22, 0 0 1 0 0 0 0 0 0 0
1513883892.58 28974 21505 7728 8480 24578 30800 1 3 1 10, 0 0 1 0 0 0 0 0 0 0
1513883893.58 24933 16796 5765 9329 27979 31383 2 6 6 19, 0 0 1 0 0 0 0 0 0 0
1513883894.59 25012 17472 6856 11659 27118 28146 1 4 2 9, 0 0 1 0 0 0 0 0 0 0
1513883895.6 25463 15227 5871 10317 23383 27511 2 4 1 11, 0 0 1 0 0 0 0 0 0 0
1513883896.61 23846 14328 5262 10498 22023 26871 3 11 9 20, 0 0 1 0 0 0 0 0 0 0
1513883897.62 28620 16625 5828 7135 16507 26784 1 6 5 16, 0 0 1 0 0 0 0 0 0 0
1513883898.63 29799 16515 4729 6817 17726 30691 1 4 7 14, 0 0 1 0 0 0 0 0 0 0
1513883899.67 29147 13309 2249 7487 20825 31525 1 4 4 17, 0 0 1 0 0 0 0 0 0 0
1513883900.67 31730 16288 4233 4266 14982 31095 2 8 4 13, 0 0 1 0 0 0 0 0 0 0
1513883901.67 29343 17310 5314 3827 14554 28209 1 8 2 12, 0 0 1 0 0 0 0 0 0 0
1513883902.67 28185 14717 2946 1828 13343 27836 2 8 5 14, 0 0 1 0 0 0 0 0 0 0
1513883903.68 28185 14717 2948 1828 13343 27836 2 7 8 19, 0 0 1 0 0 0 0 0 0 0
1513883904.69 24675 13906 3077 2115 10766 22387 2 5 8 18, 0 0 1 0 0 0 0 0 0 0
1513883905.69 22705 14138 3740 2826 10674 20712 1 5 9 187, 0 0 1 0 0 0 0 0 0 0
1513883906.69 20470 13607 3580 1234 8327 17674 2 6 4 17, 0 0 1 0 0 0 0 0 0 0
1513883907.7 20470 13607 3567 1251 8194 17675 1 5 5 20, 0 0 1 0 0 0 0 0 0 0
1513883908.7 19827 13748 4745 343 7907 20074 2 6 6 16, 0 0 1 0 0 0 0 0 0 0
1513883909.71 22179 14489 5151 564 7990 20637 1 3 7 21, 0 0 1 0 0 0 0 0 0 0
1513883910.71 24590 16199 6460 3733 10226 21138 2 5 9 15, 0 0 1 0 0 0 0 0 0 0
1513883911.71 25258 16272 8596 10428 11087 20284 1 4 5 28, 0 0 1 0 0 0 0 0 0 0
1513883912.72 23594 16125 8460 11828 9206 14786 1 3 6 29, 0 0 1 0 0 0 0 0 0 0
1513883913.72 23470 11145 4950 10917 6704 12845 2 11 14 33, 0 0 1 0 0 0 0 0 0 0
1513883914.72 23657 13039 5959 7442 7031 14749 2 6 11 29, 0 0 1 0 0 0 0 0 0 0
1513883915.73 24086 13571 5379 6192 7948 18153 3 8 4 17, 0 0 1 0 0 0 0 0 0 0
1513883916.73 22065 11714 4550 6997 9724 20600 2 6 6 16, 0 0 1 0 0 0 0 0 0 0
1513883917.74 23215 13406 5574 6727 11635 23902 2 7 7 12, 0 0 1 0 0 0 0 0 0 0
1513883918.74 26418 9240 1763 6080 15083 29727 2 7 4 17, 0 0 1 0 0 0 0 0 0 0
1513883919.74 26146 8618 2120 8130 17841 29118 3 9 8 19, 0 0 1 0 0 0 0 0 0 0
1513883920.75 23074 8952 2068 3822 15807 27161 1 4 4 12, 0 0 1 0 0 0 0 0 0 0
1513883921.75 22826 11074 3217 5835 17310 26183 1 4 4 18, 0 0 1 0 0 0 0 0 0 0
1513883922.76 21341 11864 3599 2338 11284 22209 1 3 3 14, 0 0 1 0 0 0 0 0 0 0
1513883923.76 24116 16141 6253 2608 10295 22217 2 6 8 17, 0 0 1 0 0 0 0 0 0 0
1513883924.78 23568 17314 6064 1078 7995 20300 3 7 8 17, 0 0 1 0 0 0 0 0 0 0
1513883925.78 26313 18221 6458 1186 6723 21075 3 5 7 17, 0 0 1 0 0 0 0 0 0 0
1513883926.78 28923 15656 5829 950 5464 23735 1 5 4 23, 0 0 1 0 0 0 0 0 0 0
1513883927.78 21763 19190 7972 1574 7978 17200 3 7 8 52, 0 0 1 0 0 0 0 0 0 0
1513883928.78 26489 16622 6233 1364 8348 25419 1 4 3 1460, 0 0 1 0 0 0 0 0 0 0
1513883929.8 28855 16266 6135 1232 8172 27773 2 8 7 1662, 0 0 1 0 0 0 0 0 0 0
1513883930.8 25893 17260 8390 3046 8349 24076 2 5 6 1330, 0 0 1 0 0 0 0 0 0 0
1513883931.8 22712 19016 11522 3588 6207 18837 0 3 5 995, 0 0 1 0 0 0 0 0 0 0
1513883932.8 19609 17520 10932 3153 6094 17202 2 6 4 859, 0 0 1 0 0 0 0 0 0 0
1513883933.81 19944 14054 7550 1614 5377 18483 1 4 8 1501, 0 0 1 0 0 0 0 0 0 0
1513883934.81 24438 12532 4991 545 4909 20170 3 10 11 535, 0 0 1 0 0 0 0 0 0 0
1513883935.81 23820 13337 5524 841 4140 18213 2 7 11 30, 0 0 1 0 0 0 0 0 0 0
1513883936.82 23200 12767 6383 953 4435 16993 1 7 6 21, 0 0 1 0 0 0 0 0 0 0
1513883937.82 23200 12767 6383 953 4435 16993 1 7 6 21, 0 0 1 0 0 0 0 0 0 0
1513883938.82 25741 15549 6053 1182 4651 14362 1 4 11 27, 0 0 1 0 0 0 0 0 0 0
1513883939.83 26562 15066 3946 448 3818 15237 1 5 13 27, 0 0 1 0 0 0 0 0 0 0
1513883940.83 28406 18663 5485 378 7739 21722 1 5 8 21, 0 0 1 0 0 0 0 0 0 0
1513883941.83 28406 18014 5976 139 7770 20602 2 7 10 35, 0 0 1 0 0 0 0 0 0 0
1513883942.83 27796 18393 6021 100 5315 18665 5 13 10 32, 0 0 1 0 0 0 0 0 0 0
1513883943.84 27797 16146 3402 152 4207 18745 5 16 12 30, 0 0 1 0 0 0 0 0 0 0
1513883944.85 25500 12272 2209 91 4871 18629 2 7 9 22, 0 0 1 0 0 0 0 0 0 0
1513883945.85 20350 8984 1493 50 4239 15917 1 5 9 18, 0 0 1 0 0 0 0 0 0 0
1513883946.85 22228 13396 2548 51 4369 15895 1 3 4 13, 0 0 1 0 0 0 0 0 0 0
1513883947.85 22228 12261 1519 50 3228 13784 2 8 7 16, 0 0 1 0 0 0 0 0 0 0
1513883948.86 16629 8080 1222 72 2876 12688 2 5 10 26, 0 0 1 0 0 0 0 0 0 0
1513883949.86 21501 15177 4622 70 4408 15474 2 9 8 27, 0 0 1 0 0 0 0 0 0 0
1513883950.87 22537 16217 4657 74 4381 16229 1 3 7 21, 0 0 1 0 0 0 0 0 0 0
1513883951.87 23698 16164 4648 991 4516 16652 3 5 8 649, 0 0 1 0 0 0 0 0 0 0
1513883952.87 27622 16029 5085 1010 4516 21165 1 9 8 1266, 0 0 1 0 0 0 0 0 0 0
1513883953.88 29726 16168 3956 1915 6458 23926 4 4 8 1917, 0 0 1 0 0 0 0 0 0 0
1513883954.9 30922 16594 3713 1702 7729 28050 2 10 7 1858, 0 0 1 0 0 0 0 0 0 0
1513883955.9 24694 9555 827 1006 5108 25576 2 8 7 1123, 0 0 1 0 0 0 0 0 0 0
1513883956.9 24388 8069 909 1032 8219 29477 2 4 3 1065, 0 0 1 0 0 0 0 0 0 0
1513883957.9 23222 5979 186 1112 9872 26015 1 2 4 1040, 0 0 1 0 0 0 0 0 0 0
1513883958.9 23222 7397 1525 2186 10764 25454 4 12 10 1428, 0 0 1 0 0 0 0 0 0 0
1513883959.91 28540 15617 5525 2698 15168 29933 2 6 3 433, 0 0 1 0 0 0 0 0 0 0
1513883960.91 27525 15861 7003 6880 21339 32469 4 9 4 11, 0 0 1 0 0 0 0 0 0 0
1513883961.92 25298 15681 6820 5356 18587 29545 1 3 3 11, 0 0 1 0 0 0 0 0 0 0
1513883962.92 19807 11464 6512 4988 13743 24024 1 3 4 14, 0 0 1 0 0 0 0 0 0 0
1513883963.92 22700 13347 5453 4325 13743 25340 1 3 4 18, 0 0 1 0 0 0 0 0 0 0
1513883964.93 26149 14354 5605 2680 12985 28238 1 6 8 74, 0 0 1 0 0 0 0 0 0 0
1513883965.93 23276 12235 6519 9231 20399 26920 2 8 7 23, 0 0 1 0 0 0 0 0 0 0
1513883966.94 20710 11989 6000 6910 17002 23198 2 11 9 24, 0 0 1 0 0 0 0 0 0 0
1513883967.94 19317 9306 3280 5643 14707 23006 2 8 9 1445, 0 0 1 0 0 0 0 0 0 0
1513883968.95 20444 9702 3783 5724 15626 27302 1 1 7 3211, 0 0 1 0 0 0 0 0 0 0
1513883969.95 25194 15023 4752 4013 12105 26230 2 9 8 3313, 0 0 1 0 0 0 0 0 0 0
1513883970.95 25427 15870 5735 3276 10502 24063 1 5 10 2038, 0 0 1 0 0 0 0 0 0 0
1513883971.97 21329 13519 5503 2366 10093 21280 1 4 7 1795, 0 0 1 0 0 0 0 0 0 0
1513883972.98 20414 14272 4984 1547 8174 18758 0 2 3 1313, 0 0 1 0 0 0 0 0 0 0
1513883973.98 19475 14400 4824 905 7702 17685 2 5 5 970, 0 0 1 0 0 0 0 0 0 0
1513883974.98 22935 14544 3899 610 5381 17763 0 0 6 1105, 0 0 1 0 0 0 0 0 0 0
1513883975.98 21770 14038 3885 922 5617 17158 0 2 7 1387, 0 0 1 0 0 0 0 0 0 0
1513883976.98 20689 14403 4293 953 7827 18641 1 2 3 11, 0 0 1 0 0 0 0 0 0 0
1513883977.98 18655 15267 5148 1200 8799 16379 1 4 5 16, 0 0 1 0 0 0 0 0 0 0
1513883978.99 16163 12633 3167 784 6767 13447 1 2 4 10, 0 0 1 0 0 0 0 0 0 0
1513883979.99 17199 13092 5081 1234 7199 15579 0 2 7 18, 0 0 1 0 0 0 0 0 0 0
1513883980.99 17199 14609 7014 4680 10542 16451 2 4 5 15, 0 0 1 0 0 0 0 0 0 0
1513883982.0 24770 17713 7367 7828 13482 21333 0 1 4 16, 0 0 1 0 0 0 0 0 0 0
1513883983.01 22860 17606 10768 13639 17429 24683 0 2 6 15, 0 0 1 0 0 0 0 0 0 0
1513883984.01 25097 16221 11960 16241 18897 25974 1 1 4 16, 0 0 1 0 0 0 0 0 0 0
1513883985.02 19849 16872 14085 16569 18017 20299 0 1 1 6, 0 0 1 0 0 0 0 0 0 0
1513883986.02 15278 13548 11094 11783 15063 16288 2 7 6 462, 0 0 1 0 0 0 0 0 0 0
1513883987.04 15278 13548 11094 11783 15063 16288 2 7 6 462, 0 0 1 0 0 0 0 0 0 0
1513883988.04 21493 15954 7352 9875 17909 21644 2 7 4 1979, 0 0 1 0 0 0 0 0 0 0
1513883989.05 23114 19234 7966 7097 17150 22456 2 6 4 1425, 0 0 1 0 0 0 0 0 0 0
1513883990.06 26448 18434 6658 6163 15963 25026 2 11 9 994, 0 0 1 0 0 0 0 0 0 0
1513883991.07 28738 18195 5649 4014 12248 26584 3 8 7 1885, 0 0 1 0 0 0 0 0 0 0
1513883992.07 26803 20023 7189 4987 11739 22936 0 6 4 2388, 0 0 1 0 0 0 0 0 0 0
1513883993.08 30385 21877 7895 4849 14359 27757 3 11 7 1839, 0 0 1 0 0 0 0 0 0 0
1513883994.09 28467 21150 7814 5492 13646 24488 1 6 5 2252, 0 0 1 0 0 0 0 0 0 0
1513883995.1 28467 21150 7814 5492 13646 24488 1 6 5 2252, 0 0 1 0 0 0 0 0 0 0
1513883996.12 29025 15563 3453 4204 12535 27897 2 5 4 2241, 0 0 1 0 0 0 0 0 0 0
1513883997.15 26687 11793 1909 3221 10604 28398 1 7 8 2880, 0 0 1 0 0 0 0 0 0 0
1513883998.15 28730 10963 2026 2677 11283 30218 1 7 7 2429, 0 0 1 0 0 0 0 0 0 0
1513883999.15 26079 8891 1163 2184 9860 27408 1 7 7 1956, 0 0 1 0 0 0 0 0 0 0
1513884000.16 26079 8891 1164 2184 9860 27408 1 7 7 1956, 0 0 1 0 0 0 0 0 0 0
1513884001.18 22533 6948 2194 4694 14945 30412 1 5 3 1349, 0 0 1 0 0 0 0 0 0 0
1513884002.18 27119 9676 2928 3890 19746 32869 0 3 2 942, 0 0 1 0 0 0 0 0 0 0
1513884003.21 27119 9676 2928 3890 19746 32869 0 3 2 942, 0 0 1 0 0 0 0 0 0 0
1513884004.25 30987 15214 4067 3794 21221 34701 0 1 4 15, 0 0 1 0 0 0 0 0 0 0
1513884005.26 27376 12309 2331 2389 20584 35647 1 4 2 10, 0 0 1 0 0 0 0 0 0 0
1513884006.27 30286 15698 2813 4408 24845 37584 1 6 5 13, 0 0 1 0 0 0 0 0 0 0
1513884007.29 33465 16749 2336 7083 30297 39902 0 1 4 6, 0 0 1 0 0 0 0 0 0 0
1513884008.3 34581 15948 2141 6447 27432 40602 0 0 0 7, 0 0 1 0 0 0 0 0 0 0
1513884009.31 25866 11104 2792 7025 25090 34222 2 2 3 7, 0 0 1 0 0 0 0 0 0 0
1513884010.33 22608 10745 3102 5504 18081 26489 0 3 4 8, 0 0 1 0 0 0 0 0 0 0
1513884011.34 19936 8877 2185 5753 15154 21993 1 3 9 24, 0 0 1 0 0 0 0 0 0 0
1513884012.35 28241 15774 5507 10576 23644 29249 1 5 9 27, 0 0 1 0 0 0 0 0 0 0
1513884013.37 30526 19802 6549 9925 22292 27672 1 6 10 26, 0 0 1 0 0 0 0 0 0 0
1513884014.37 34114 22175 7485 8043 18939 27825 1 1 3 14, 0 0 1 0 0 0 0 0 0 0
1513884015.37 36438 29068 11329 6953 14271 26414 1 3 5 82, 0 0 1 0 0 0 0 0 0 0
1513884016.37 41407 32070 11809 5849 14698 28703 0 1 3 55, 0 0 1 0 0 0 0 0 0 0
1513884017.37 39610 30170 11990 6872 13887 27592 0 1 5 11, 0 0 1 0 0 0 0 0 0 0
1513884018.39 40106 30170 11990 6872 13887 27836 0 1 5 11, 0 0 1 0 0 0 0 0 0 0
1513884019.39 36570 27046 8033 7373 14426 29734 0 2 3 2188, 0 0 1 0 0 0 0 0 0 0
1513884020.39 38619 24791 10194 8889 17767 35660 1 5 1 2629, 0 0 1 0 0 0 0 0 0 0
1513884021.39 36138 23480 10277 11557 19543 33702 1 5 2 2262, 0 0 1 0 0 0 0 0 0 0
1513884022.39 30769 21751 9614 10140 16116 27240 0 3 4 2267, 0 0 1 0 0 0 0 0 0 0
1513884023.44 29004 18193 5452 6335 13962 28503 3 9 4 2239, 0 0 1 0 0 0 0 0 0 0
1513884024.44 40375 23604 6245 8617 23532 43897 2 12 11 2228, 0 0 1 0 0 0 0 0 0 0
1513884025.44 30438 14066 1148 4576 17625 32056 2 7 7 31, 0 0 1 0 0 0 0 0 0 0
1513884026.44 28861 9154 435 1588 13858 32565 2 10 6 62, 0 0 1 0 0 0 0 0 0 0
1513884027.44 23311 6547 564 2692 10864 25705 2 10 9 292, 0 0 1 0 0 0 0 0 0 0
1513884028.44 30873 15697 4685 4738 15198 30893 2 10 14 396, 0 0 1 0 0 0 0 0 0 0
1513884029.44 38723 20909 5521 4927 15215 33573 7 24 15 548, 0 0 1 0 0 0 0 0 0 0
1513884030.44 36071 19116 5694 3654 11118 33727 2 11 9 468, 0 0 1 0 0 0 0 0 0 0
1513884031.44 37284 21826 6360 3210 11359 31369 2 9 14 210, 0 0 1 0 0 0 0 0 0 0
1513884032.45 30650 19624 5761 1429 7522 26648 4 12 4 502, 0 0 1 0 0 0 0 0 0 0
1513884033.45 30319 19273 6231 1880 6164 23247 1 5 1 502, 0 0 1 0 0 0 0 0 0 0
1513884034.45 30838 19940 5986 2790 8462 23719 0 2 5 413, 0 0 1 0 0 0 0 0 0 0
1513884035.46 35552 23492 9075 3072 9987 28606 1 6 10 225, 0 0 1 0 0 0 0 0 0 0
1513884036.46 32347 18731 6536 1042 8559 26458 1 5 1 6, 0 0 1 0 0 0 0 0 0 0
1513884037.46 33938 19354 6424 972 9168 29795 1 4 3 14, 0 0 1 0 0 0 0 0 0 0
1513884038.48 32824 21573 6969 574 8944 26634 3 6 5 21, 0 0 1 0 0 0 0 0 0 0
1513884039.48 25197 18796 6182 1538 11421 22489 2 6 3 12, 0 0 1 0 0 0 0 0 0 0
1513884040.48 21486 16377 5332 1657 8856 17025 1 5 5 17, 0 0 1 0 0 0 0 0 0 0
1513884041.48 22863 12839 3909 474 7113 18025 2 5 3 19, 0 0 1 0 0 0 0 0 0 0
1513884042.49 27299 11995 3548 2731 7875 19800 3 11 9 42, 0 0 1 0 0 0 0 0 0 0
1513884043.49 27907 11379 5060 6497 10387 20825 2 15 11 26, 0 0 1 0 0 0 0 0 0 0
1513884044.5 27122 9553 3229 5827 10786 20340 2 9 3 16, 0 0 1 0 0 0 0 0 0 0
1513884045.5 29735 16240 5867 6945 17769 27946 0 4 1 8, 0 0 1 0 0 0 0 0 0 0
1513884046.51 30884 12373 3478 7424 18347 28801 3 9 4 15, 0 0 1 0 0 0 0 0 0 0
1513884047.51 25858 9596 3003 6597 16992 26386 0 3 3 5, 0 0 1 0 0 0 0 0 0 0
1513884048.51 26891 10642 2822 8162 22112 30925 2 5 2 20, 0 0 1 0 0 0 0 0 0 0
1513884049.52 27959 12813 2983 8932 23954 31862 1 5 4 490, 0 0 1 0 0 0 0 0 0 0
1513884050.52 27155 12187 3220 8675 22840 31769 1 3 2 787, 0 0 1 0 0 0 0 0 0 0
1513884051.52 24638 12434 5426 9232 21183 29778 3 10 3 14, 0 0 1 0 0 0 0 0 0 0
1513884052.53 20599 11275 5874 8042 15773 24221 3 11 5 1562, 0 0 1 0 0 0 0 0 0 0
1513884053.53 22652 10333 3580 6069 12705 22557 3 10 9 452, 0 0 1 0 0 0 0 0 0 0
1513884054.55 27530 12022 3681 7889 15597 25862 3 9 5 17, 0 0 1 0 0 0 0 0 0 0
1513884055.56 27125 15732 7226 8493 17212 27616 4 10 7 27, 0 0 1 0 0 0 0 0 0 0
1513884056.57 29916 19935 6271 4510 14558 26482 3 11 5 27, 0 0 1 0 0 0 0 0 0 0
1513884057.57 35905 22339 5802 4248 14944 30095 2 8 4 16, 0 0 1 0 0 0 0 0 0 0
1513884058.58 34189 23974 5575 2560 13829 28724 2 7 7 15, 0 0 1 0 0 0 0 0 0 0
1513884059.58 32563 23873 7384 2903 16276 28152 3 9 11 28, 0 0 1 0 0 0 0 0 0 0
1513884060.58 29883 24426 8045 1472 12454 24291 2 7 4 15, 0 0 1 0 0 0 0 0 0 0
1513884061.58 23764 22427 7792 2013 9629 16600 2 8 6 16, 0 0 1 0 0 0 0 0 0 0
1513884062.58 22702 20911 6559 1775 7299 13605 2 8 3 10, 0 0 1 0 0 0 0 0 0 0
1513884063.59 22327 19806 5938 897 4924 12147 2 6 6 15, 0 0 1 0 0 0 0 0 0 0
1513884064.59 23738 21409 6688 347 3968 12696 1 3 6 10, 0 0 1 0 0 0 0 0 0 0
1513884065.6 23739 20597 5850 532 5839 14796 0 3 9 19, 0 0 1 0 0 0 0 0 0 0
1513884066.6 22194 16090 4850 1070 6688 17345 3 7 6 14, 0 0 1 0 0 0 0 0 0 0
1513884067.61 20784 14551 4850 1070 6688 18808 3 9 6 12, 0 0 1 0 0 0 0 0 0 0
1513884068.61 20567 13691 4158 2609 9226 17591 0 4 5 12, 0 0 1 0 0 0 0 0 0 0
1513884069.62 24980 14534 5708 3994 9226 20945 1 4 5 13, 0 0 1 0 0 0 0 0 0 0
1513884070.62 29554 16668 5273 4171 10014 24849 1 1 3 16, 0 0 1 0 0 0 0 0 0 0
1513884071.63 28527 18931 6921 6070 10517 24282 1 5 6 17, 0 0 1 0 0 0 0 0 0 0
1513884072.64 24653 18611 8167 6006 11236 21079 0 2 7 24, 0 0 1 0 0 0 0 0 0 0
1513884073.64 24539 14812 5916 7152 16964 26911 2 7 6 24, 0 0 1 0 0 0 0 0 0 0
1513884074.64 25261 12717 5198 7068 16964 26404 4 12 6 28, 0 0 1 0 0 0 0 0 0 0
1513884075.65 25261 12019 3625 5729 14316 25952 4 14 11 28, 0 0 1 0 0 0 0 0 0 0
1513884076.65 26650 12515 3574 6950 16047 27881 5 17 8 41, 0 0 1 0 0 0 0 0 0 0
1513884077.65 30604 12591 2839 6019 13862 31924 3 10 6 1034, 0 0 1 0 0 0 0 0 0 0
1513884078.66 28395 11747 2632 4911 14788 32182 2 6 6 1591, 0 0 1 0 0 0 0 0 0 0
1513884079.66 33266 13205 1772 5790 15420 32246 3 11 10 1206, 0 0 1 0 0 0 0 0 0 0
1513884080.67 30729 13310 2436 4076 14706 32489 5 9 5 1486, 0 0 1 0 0 0 0 0 0 0
1513884081.67 30807 14657 3229 6833 18693 32766 3 10 7 1391, 0 0 1 0 0 0 0 0 0 0
1513884082.67 26810 16565 4330 6187 18023 27018 2 7 3 1499, 0 0 1 0 0 0 0 0 0 0
1513884083.68 22545 15868 4685 7033 18834 24274 3 10 7 1097, 0 0 1 0 0 0 0 0 0 0
1513884084.68 23664 16639 6513 4586 14642 23816 2 5 4 1323, 0 0 1 0 0 0 0 0 0 0
1513884085.68 19741 13990 6294 4637 13854 21093 2 5 7 703, 0 0 1 0 0 0 0 0 0 0
1513884086.69 19874 15663 6346 5213 14611 20339 1 5 5 781, 0 0 1 0 0 0 0 0 0 0
1513884087.69 18374 14685 7194 5233 15565 21648 2 5 7 452, 0 0 1 0 0 0 0 0 0 0
1513884088.7 17852 13206 6365 4346 14567 21428 1 4 5 23, 0 0 1 0 0 0 0 0 0 0
1513884089.7 18113 12577 5893 4721 13320 20069 2 7 6 23, 0 0 1 0 0 0 0 0 0 0
1513884090.7 21038 16032 6996 5434 15792 22406 2 6 8 26, 0 0 1 0 0 0 0 0 0 0
1513884091.71 21885 16350 6069 2118 10231 20639 1 4 11 26, 0 0 1 0 0 0 0 0 0 0
1513884092.71 26781 18594 5699 2777 13287 25945 3 11 16 120, 0 0 1 0 0 0 0 0 0 0
1513884093.72 28125 18314 5177 3090 14133 26295 2 10 9 143, 0 0 1 0 0 0 0 0 0 0
1513884094.72 30892 18129 7583 7507 15560 30516 2 7 8 1632, 0 0 1 0 0 0 0 0 0 0
1513884095.72 29649 13895 5440 6450 14549 30600 2 10 9 1907, 0 0 1 0 0 0 0 0 0 0
1513884096.73 31641 16571 6758 8022 16774 33202 1 7 9 2348, 0 0 1 0 0 0 0 0 0 0
1513884097.73 35095 16640 6676 8733 15740 35163 1 5 6 3164, 0 0 1 0 0 0 0 0 0 0
1513884098.74 36438 13302 5680 8788 13528 36715 2 6 2 3750, 0 0 1 0 0 0 0 0 0 0
1513884099.74 32360 15372 5371 7735 13449 34680 1 6 6 4110, 0 0 1 0 0 0 0 0 0 0
1513884100.74 31058 15401 6241 8153 12195 30763 1 4 4 4642, 0 0 1 0 0 0 0 0 0 0
1513884101.75 28803 13700 4703 7132 9936 28337 1 4 8 4068, 0 0 1 0 0 0 0 0 0 0
1513884102.75 25570 12315 4754 8327 8978 23593 1 4 4 3230, 0 0 1 0 0 0 0 0 0 0
1513884103.76 20548 10128 3471 6850 8805 19319 3 6 8 2802, 0 0 1 0 0 0 0 0 0 0
1513884104.76 16706 9697 2875 4981 8676 15850 1 3 6 983, 0 0 1 0 0 0 0 0 0 0
1513884105.77 11378 8511 2810 2816 6864 10490 1 3 5 16, 0 0 1 0 0 0 0 0 0 0
1513884106.77 13646 10991 2642 1700 5941 10649 1 5 3 20, 0 0 1 0 0 0 0 0 0 0
1513884107.77 15370 13494 3891 631 6013 11747 2 10 10 22, 0 0 1 0 0 0 0 0 0 0
1513884108.78 18975 18225 8178 2187 6219 13854 2 11 5 17, 0 0 1 0 0 0 0 0 0 0
1513884109.78 22062 20454 7153 1001 2951 12551 2 6 5 23, 0 0 1 0 0 0 0 0 0 0
1513884110.78 25765 21748 6377 1123 2719 12236 1 7 4 13, 0 0 1 0 0 0 0 0 0 0
1513884111.79 20844 19014 9265 2727 2889 10870 1 4 4 16, 0 0 1 0 0 0 0 0 0 0
1513884112.79 19227 15630 6288 1837 5062 13222 4 10 4 22, 0 0 1 0 0 0 0 0 0 0
1513884113.8 21162 16212 4781 866 6483 15478 1 6 3 14, 0 0 1 0 0 0 0 0 0 0
1513884114.8 19865 15106 4919 936 6152 15066 1 3 4 12, 0 0 1 0 0 0 0 0 0 0
1513884115.8 16435 10129 4438 640 5299 15299 1 5 7 18, 0 0 1 0 0 0 0 0 0 0
1513884116.81 14790 9450 4766 683 5071 14733 2 5 4 16, 0 0 1 0 0 0 0 0 0 0
1513884117.81 15283 9578 4376 650 5685 15075 1 4 4 22, 0 0 1 0 0 0 0 0 0 0
1513884118.82 20716 17612 6508 1995 4757 12887 0 2 5 205, 0 0 1 0 0 0 0 0 0 0
1513884119.83 25088 21644 6783 3541 6856 14787 1 1 5 26, 0 0 1 0 0 0 0 0 0 0
1513884120.83 25354 21568 10009 8046 7606 14851 0 3 6 17, 0 0 1 0 0 0 0 0 0 0
1513884121.83 24262 21337 11887 10075 6280 14096 1 2 2 11, 0 0 1 0 0 0 0 0 0 0
1513884122.84 27624 23127 16147 12545 9142 18400 1 2 5 112, 0 0 1 0 0 0 0 0 0 0
1513884123.85 25471 21184 16625 10940 7343 17985 1 4 5 37, 0 0 1 0 0 0 0 0 0 0
1513884124.85 24690 24426 14919 8304 5035 15301 1 7 3 18, 0 0 1 0 0 0 0 0 0 0
1513884125.85 24690 24994 15324 8653 7413 14822 0 2 2 127, 0 0 1 0 0 0 0 0 0 0
1513884126.85 25857 23928 14518 8728 9006 18966 0 2 3 127, 0 0 1 0 0 0 0 0 0 0
1513884127.86 25857 23245 13172 9653 11035 18755 2 1 2 1381, 0 0 1 0 0 0 0 0 0 0
1513884128.86 25696 21893 12641 9959 12444 19814 0 1 7 205, 0 0 1 0 0 0 0 0 0 0
1513884129.86 27527 22746 11644 10276 13679 21798 1 4 3 13, 0 0 1 0 0 0 0 0 0 0
1513884130.87 25783 19766 10802 11887 15738 21729 0 2 3 9, 0 0 1 0 0 0 0 0 0 0
1513884131.87 18702 14580 8656 9266 13014 17362 1 3 7 17, 0 0 1 0 0 0 0 0 0 0
1513884132.87 16564 16561 6255 3394 8955 12656 3 9 8 20, 0 0 1 0 0 0 0 0 0 0
1513884133.88 20225 17455 5308 2562 9840 15043 1 2 6 30, 0 0 1 0 0 0 0 0 0 0
1513884134.89 20876 18525 7294 5053 10014 15251 0 2 6 146, 0 0 1 0 0 0 0 0 0 0
1513884135.89 20060 18301 6259 3476 8998 14375 1 2 6 19, 0 0 1 0 0 0 0 0 0 0
1513884136.89 20045 18655 6285 1853 8504 14715 1 4 5 15, 0 0 1 0 0 0 0 0 0 0
1513884137.9 17773 16967 6722 4151 8111 12987 0 3 1 6, 0 0 1 0 0 0 0 0 0 0
1513884138.91 18162 16441 10279 10355 10116 13190 2 5 5 13, 0 0 1 0 0 0 0 0 0 0
1513884139.91 19587 16719 8645 11206 12225 16556 1 5 7 21, 0 0 1 0 0 0 0 0 0 0
1513884140.92 20703 16477 13663 19222 20980 21134 1 5 5 11, 0 0 1 0 0 0 0 0 0 0
1513884141.93 17999 14361 12804 17881 20528 19395 1 3 1 7, 0 0 1 0 0 0 0 0 0 0
1513884142.94 20654 16961 13508 23268 19442 17635 1 1 1 20, 0 0 1 0 0 0 0 0 0 0
1513884143.96 20654 16961 13506 23268 19442 17642 1 2 2 31, 0 0 1 0 0 0 0 0 0 0
1513884144.97 22073 16903 12190 23188 22259 20138 0 1 5 13, 0 0 1 0 0 0 0 0 0 0
1513884145.98 19984 12482 7719 20627 16181 17239 0 0 0 22, 0 0 1 0 0 0 0 0 0 0
1513884147.0 19844 10305 4802 15700 13458 15842 0 3 9 19, 0 0 1 0 0 0 0 0 0 0
1513884148.0 20207 11369 7229 20891 27849 27851 0 2 2 17, 0 0 1 0 0 0 0 0 0 0
1513884149.01 19661 13786 9621 21445 29490 26176 2 6 4 18, 0 0 1 0 0 0 0 0 0 0
1513884150.02 17189 11794 8602 17545 28778 26925 3 8 6 15, 0 0 1 0 0 0 0 0 0 0
1513884151.03 17189 11794 8604 17545 28778 26925 3 9 6 15, 0 0 1 0 0 0 0 0 0 0
1513884152.03 21158 12594 8650 16884 22455 24017 3 4 4 16, 0 0 1 0 0 0 0 0 0 0
1513884153.04 19598 9187 4901 12776 18829 22400 2 10 4 12, 0 0 1 0 0 0 0 0 0 0
1513884154.04 17597 8159 3909 8904 15731 21046 1 5 5 13, 0 0 1 0 0 0 0 0 0 0
1513884155.04 19399 9527 5495 10399 14457 22191 4 13 8 31, 0 0 1 0 0 0 0 0 0 0
1513884156.06 20471 10920 5895 11175 15139 22847 1 7 3 18, 0 0 1 0 0 0 0 0 0 0
1513884157.06 18620 10612 4975 10192 14834 20309 1 3 4 16, 0 0 1 0 0 0 0 0 0 0
1513884158.06 17820 11037 6409 7437 12671 18775 3 8 4 15, 0 0 1 0 0 0 0 0 0 0
1513884159.07 14552 9911 6787 8540 12258 16473 1 7 2 8, 0 0 1 0 0 0 0 0 0 0
1513884160.07 14450 8783 6640 8180 10265 15352 2 8 4 11, 0 0 1 0 0 0 0 0 0 0
1513884161.08 15054 10532 7340 8411 10265 15443 1 8 4 11, 0 0 1 0 0 0 0 0 0 0
1513884162.08 15470 11789 8582 9345 12284 16074 2 5 2 17, 0 0 1 0 0 0 0 0 0 0
1513884163.09 15006 10354 8361 9723 12782 16935 3 10 8 30, 0 0 1 0 0 0 0 0 0 0
1513884164.09 15006 12258 11886 12185 19171 21930 2 8 8 20, 0 0 1 0 0 0 0 0 0 0
1513884165.1 19987 12221 7003 8294 11295 17705 2 6 6 20, 0 0 1 0 0 0 0 0 0 0
1513884166.1 16356 10677 9213 9369 11632 16389 0 3 3 12, 0 0 1 0 0 0 0 0 0 0
1513884167.11 15113 9985 9788 12905 13495 18994 3 9 4 17, 0 0 1 0 0 0 0 0 0 0
1513884168.11 22175 10080 5658 15802 13599 20778 1 5 3 333, 0 0 1 0 0 0 0 0 0 0
1513884169.11 22175 10080 5658 15802 13599 20778 1 4 2 331, 0 0 1 0 0 0 0 0 0 0
1513884170.12 29222 14862 6856 16395 18591 28681 1 6 3 590, 0 0 1 0 0 0 0 0 0 0
1513884171.12 28872 12969 6513 14379 21574 32542 1 7 5 781, 0 0 1 0 0 0 0 0 0 0
1513884172.12 26754 12595 7054 15220 23186 32303 1 7 3 550, 0 0 1 0 0 0 0 0 0 0
1513884173.12 25047 12244 6852 16757 27368 31722 3 9 2 1372, 0 0 1 0 0 0 0 0 0 0
1513884174.14 25047 12563 7476 19038 27256 30674 1 6 2 1436, 0 0 1 0 0 0 0 0 0 0
1513884175.15 25158 12057 7516 16502 25930 31083 1 5 5 18, 0 0 1 0 0 0 0 0 0 0
1513884176.17 23809 12040 7416 16685 26926 30031 1 2 3 10, 0 0 1 0 0 0 0 0 0 0
1513884177.18 20708 10069 5842 17442 27916 27146 3 7 2 14, 0 0 1 0 0 0 0 0 0 0
1513884178.19 9676 4213 1734 5668 10293 11312 1 4 2 9, 0 0 1 0 0 0 0 0 0 0
1513884179.21 15726 6977 4390 11611 19142 19822 0 2 4 13, 0 0 1 0 0 0 0 0 0 0
1513884180.22 18031 8862 5656 11943 17229 20202 2 6 4 19, 0 0 1 0 0 0 0 0 0 0
1513884181.24 18555 7614 5969 13601 16664 17060 2 8 4 27, 0 0 1 0 0 0 0 0 0 0
1513884182.26 19125 5674 3005 14918 20801 17001 2 9 5 166, 0 0 1 0 0 0 0 0 0 0
1513884183.26 22274 8767 4223 12588 20162 23667 3 10 4 577, 0 0 1 0 0 0 0 0 0 0
1513884184.27 25006 8647 3741 11234 19428 26286 3 11 4 1416, 0 0 1 0 0 0 0 0 0 0
1513884185.27 25558 10720 5595 15493 27703 32215 1 6 4 1600, 0 0 1 0 0 0 0 0 0 0
1513884186.27 27283 14293 6399 17179 29553 32738 2 4 4 1233, 0 0 1 0 0 0 0 0 0 0
1513884187.28 26332 14210 7407 16554 27917 31164 2 5 3 1010, 0 0 1 0 0 0 0 0 0 0
1513884188.29 28950 17683 8775 14278 26235 33696 0 1 3 1001, 0 0 1 0 0 0 0 0 0 0
1513884189.3 28201 16626 10682 13763 26089 33329 3 5 3 1081, 0 0 1 0 0 0 0 0 0 0
1513884190.31 31453 17404 9651 11326 22545 33505 0 6 1 744, 0 0 1 0 0 0 0 0 0 0
1513884191.31 25577 8868 3686 10009 22022 30707 1 4 5 8, 0 0 1 0 0 0 0 0 0 0
1513884192.31 21627 7669 4803 12557 21114 24959 1 3 6 10, 0 0 1 0 0 0 0 0 0 0
1513884193.32 21627 7669 4805 12557 21114 24959 1 3 6 10, 0 0 1 0 0 0 0 0 0 0
1513884194.32 27261 11193 5510 14993 25239 30160 2 8 11 32, 0 0 1 0 0 0 0 0 0 0
1513884195.33 29298 12482 5626 15486 26395 30843 2 8 6 107, 0 0 1 0 0 0 0 0 0 0
1513884196.34 28859 15074 8228 15440 29822 34570 2 8 6 194, 0 0 1 0 0 0 0 0 0 0
1513884197.35 27901 14579 6865 16866 32525 35337 1 3 1 1205, 0 0 1 0 0 0 0 0 0 0
1513884198.35 24264 13959 6617 17261 31852 33015 3 6 3 1414, 0 0 1 0 0 0 0 0 0 0
1513884199.37 24264 13959 6617 17261 31852 33015 3 8 3 1414, 0 0 1 0 0 0 0 0 0 0
1513884200.37 23571 14464 6860 16846 30371 30661 2 6 6 1563, 0 0 1 0 0 0 0 0 0 0
1513884201.38 23571 14464 6866 16846 30371 30983 2 8 5 1791, 0 0 1 0 0 0 0 0 0 0
1513884202.39 23317 18553 8778 13609 23882 25204 2 7 7 710, 0 0 1 0 0 0 0 0 0 0
1513884203.4 21432 14738 6488 10856 22586 25296 4 8 4 29, 0 0 1 0 0 0 0 0 0 0
1513884204.41 20585 13453 7063 13091 22463 24049 2 7 6 67, 0 0 1 0 0 0 0 0 0 0
1513884205.41 25718 13453 7988 16535 25914 29352 2 7 5 297, 0 0 1 0 0 0 0 0 0 0
1513884206.42 27199 12136 5142 12168 24414 31293 3 8 6 22, 0 0 1 0 0 0 0 0 0 0
1513884207.42 26685 10022 4127 11883 23905 28555 3 10 4 12, 0 0 1 0 0 0 0 0 0 0
1513884208.43 26685 10022 4127 11883 23905 28555 3 10 4 12, 0 0 1 0 0 0 0 0 0 0
1513884209.44 28261 13393 5740 13627 27063 34048 3 9 7 20, 0 0 1 0 0 0 0 0 0 0
1513884210.46 39973 16999 7721 19309 38019 49131 3 11 8 24, 0 0 1 0 0 0 0 0 0 0
1513884211.46 22402 8160 4817 14403 25967 30555 2 6 4 14, 0 0 1 0 0 0 0 0 0 0
1513884212.48 22402 8160 4817 14403 25967 30555 2 6 4 14, 0 0 1 0 0 0 0 0 0 0
1513884213.48 16971 9429 6282 10937 17811 21327 2 4 5 10, 0 0 1 0 0 0 0 0 0 0
1513884214.49 18708 11685 8825 9200 13676 19660 1 5 2 12, 0 0 1 0 0 0 0 0 0 0
1513884215.49 21277 11932 10089 10786 18400 26875 1 5 4 13, 0 0 1 0 0 0 0 0 0 0
1513884216.5 21277 11932 9329 11641 20291 27354 1 6 4 13, 0 0 1 0 0 0 0 0 0 0
1513884217.5 24011 11189 7072 12222 25552 33426 3 11 6 15, 0 0 1 0 0 0 0 0 0 0
1513884218.52 25792 11357 5102 12222 25552 33425 3 9 6 15, 0 0 1 0 0 0 0 0 0 0
1513884219.53 23398 9640 3114 9018 17991 25377 3 9 5 21, 0 0 1 0 0 0 0 0 0 0
1513884220.54 26319 13961 5860 13236 22072 27371 2 10 9 41, 0 0 1 0 0 0 0 0 0 0
1513884221.55 30321 17970 8889 13760 25637 33658 2 8 6 28, 0 0 1 0 0 0 0 0 0 0
1513884222.56 32100 16805 7989 11703 25268 35679 2 5 6 27, 0 0 1 0 0 0 0 0 0 0
1513884223.57 26763 13772 7827 12188 24875 34519 2 10 7 15, 0 0 1 0 0 0 0 0 0 0
1513884224.57 29228 14539 8644 11390 21675 32017 1 3 4 12, 0 0 1 0 0 0 0 0 0 0
1513884225.58 26426 14425 11040 11819 23166 34025 2 7 6 17, 0 0 1 0 0 0 0 0 0 0
1513884226.58 20942 11943 10472 9460 18164 28081 1 5 7 13, 0 0 1 0 0 0 0 0 0 0
1513884227.58 18471 9114 7082 5567 13228 23863 2 6 9 21, 0 0 1 0 0 0 0 0 0 0
1513884228.59 16937 7926 5000 2229 8699 20514 2 6 6 26, 0 0 1 0 0 0 0 0 0 0
1513884229.6 20058 8216 3750 1982 9614 23223 4 11 7 28, 0 0 1 0 0 0 0 0 0 0
1513884230.6 24941 10568 2739 2443 11966 26820 2 8 7 17, 0 0 1 0 0 0 0 0 0 0
1513884231.61 23774 12179 4021 5999 14291 24727 1 4 3 132, 0 0 1 0 0 0 0 0 0 0
1513884232.61 22933 11406 3273 6404 12343 22168 2 7 5 66, 0 0 1 0 0 0 0 0 0 0
1513884233.61 23942 12896 6739 11980 16426 22417 1 5 8 26, 0 0 1 0 0 0 0 0 0 0
1513884234.61 28368 18026 7028 10174 13574 21665 0 2 9 17, 0 0 1 0 0 0 0 0 0 0
1513884235.62 24064 21442 6282 9104 13574 18943 1 2 6 24, 0 0 1 0 0 0 0 0 0 0
1513884236.62 17790 17068 6241 7685 12389 11544 1 4 7 18, 0 0 1 0 0 0 0 0 0 0
1513884237.63 15362 15635 6199 6807 10709 9779 1 4 4 27, 0 0 1 0 0 0 0 0 0 0
1513884238.64 16464 15392 6377 5373 9711 12420 0 3 5 19, 0 0 1 0 0 0 0 0 0 0
1513884239.64 21706 19536 7520 3613 8882 16239 1 5 7 20, 0 0 1 0 0 0 0 0 0 0
1513884240.64 30004 21107 7645 2647 11467 26131 2 7 9 26, 0 0 1 0 0 0 0 0 0 0
1513884241.65 32055 21723 6811 3453 13558 29263 1 5 7 17, 0 0 1 0 0 0 0 0 0 0
1513884242.65 32291 21046 6388 3105 13558 29727 1 3 6 114, 0 0 1 0 0 0 0 0 0 0
1513884243.66 29217 14049 2083 1936 12612 27552 2 4 8 28, 0 0 1 0 0 0 0 0 0 0
1513884244.7 27628 16155 2714 2355 14119 27434 0 2 7 20, 0 0 1 0 0 0 0 0 0 0
1513884245.7 30068 18918 3813 1932 14167 27985 2 3 4 13, 0 0 1 0 0 0 0 0 0 0
1513884246.7 28941 20047 4721 1613 13007 26736 1 5 7 19, 0 0 1 0 0 0 0 0 0 0
1513884247.7 33369 24212 5878 960 12114 28488 0 1 0 14, 0 0 1 0 0 0 0 0 0 0
1513884248.7 32716 22599 5448 1155 11091 27710 1 3 5 16, 0 0 1 0 0 0 0 0 0 0
1513884249.7 28574 20350 4703 928 10669 24957 0 3 5 18, 0 0 1 0 0 0 0 0 0 0
1513884250.7 23770 20044 5192 867 7172 15926 2 7 4 21, 0 0 1 0 0 0 0 0 0 0
1513884251.7 19612 17751 4655 724 6046 12673 1 4 7 25, 0 0 1 0 0 0 0 0 0 0
1513884252.7 14523 15442 7950 6189 5436 7644 1 4 4 33, 0 0 1 0 0 0 0 0 0 0
1513884253.7 14861 16612 8750 5302 5969 9906 1 5 2 14, 0 0 1 0 0 0 0 0 0 0
1513884254.71 16714 17703 10114 6741 8518 12877 1 3 5 24, 0 0 1 0 0 0 0 0 0 0
1513884255.71 10820 13593 8754 5006 6599 8355 1 3 8 11, 0 0 1 0 0 0 0 0 0 0
1513884256.71 12421 14490 8263 4121 5161 7899 0 0 4 13, 0 0 1 0 0 0 0 0 0 0
1513884257.71 12304 14308 7305 3457 4574 6920 1 3 3 14, 0 0 1 0 0 0 0 0 0 0
1513884258.72 11791 12039 5294 2490 3140 5977 1 4 8 25, 0 0 1 0 0 0 0 0 0 0
1513884259.73 12264 11598 4595 1660 3246 7423 0 1 2 11, 0 0 1 0 0 0 0 0 0 0
1513884260.73 15588 12935 5508 1984 5777 12539 0 2 5 11, 0 0 1 0 0 0 0 0 0 0
1513884261.73 18284 13299 5612 2823 7803 15968 2 5 3 14, 0 0 1 0 0 0 0 0 0 0
1513884262.73 18144 13300 5576 3274 9274 15742 0 3 8 27, 0 0 1 0 0 0 0 0 0 0
1513884263.73 18609 10702 3715 1853 7372 15647 2 7 3 13, 0 0 1 0 0 0 0 0 0 0
1513884264.74 14644 9027 3294 3049 7728 12951 0 1 5 15, 0 0 1 0 0 0 0 0 0 0
1513884265.74 13622 7619 2282 2935 7561 11787 1 2 5 125, 0 0 1 0 0 0 0 0 0 0
1513884266.74 13622 8469 4588 4106 7984 12084 2 6 5 146, 0 0 1 0 0 0 0 0 0 0
1513884267.75 13020 6893 3987 7612 11479 15253 1 5 8 901, 0 0 1 0 0 0 0 0 0 0
1513884268.76 14618 7280 2505 9354 12065 13705 0 2 4 19, 0 0 1 0 0 0 0 0 0 0
1513884269.76 16959 9085 3195 9933 13551 15382 2 8 4 17, 0 0 1 0 0 0 0 0 0 0
1513884270.76 19727 10643 5065 9671 13652 18848 2 9 5 18, 0 0 1 0 0 0 0 0 0 0
1513884271.76 21671 16114 8796 11855 13349 19254 1 3 2 12, 0 0 1 0 0 0 0 0 0 0
1513884272.77 22281 16998 10607 13266 15490 21439 2 8 4 14, 0 0 1 0 0 0 0 0 0 0
1513884273.78 19329 15892 9599 11766 15627 19482 0 2 2 11, 0 0 1 0 0 0 0 0 0 0
1513884274.78 18022 17298 9467 10934 14115 16565 1 3 3 10, 0 0 1 0 0 0 0 0 0 0
1513884275.78 13737 12745 8697 9884 15261 16255 1 3 3 12, 0 0 1 0 0 0 0 0 0 0
1513884276.78 13361 10269 7162 7865 13416 16048 1 5 5 11, 0 0 1 0 0 0 0 0 0 0
1513884277.79 17043 13434 6514 4832 10564 16661 2 7 5 15, 0 0 1 0 0 0 0 0 0 0
1513884278.79 20644 13816 6183 3601 9189 16137 1 4 5 22, 0 0 1 0 0 0 0 0 0 0
1513884279.8 25504 14021 4744 1642 9798 19688 1 6 6 26, 0 0 1 0 0 0 0 0 0 0
1513884280.8 27575 14007 4103 2241 8284 19631 1 4 8 26, 0 0 1 0 0 0 0 0 0 0
1513884281.8 25720 10552 2829 492 7456 16775 1 5 8 34, 0 0 1 0 0 0 0 0 0 0
1513884282.8 27390 14493 3687 1392 9950 20523 1 6 7 17, 0 0 1 0 0 0 0 0 0 0
1513884283.81 28926 12436 3767 3462 11388 20483 3 10 7 169, 0 0 1 0 0 0 0 0 0 0
1513884284.81 28287 11000 2529 1845 9050 17608 1 3 1 7, 0 0 1 0 0 0 0 0 0 0
1513884285.82 28521 15138 2846 2104 9050 20011 2 3 2 12, 0 0 1 0 0 0 0 0 0 0
1513884286.82 27732 13210 3839 3360 11437 17663 2 4 3 15, 0 0 1 0 0 0 0 0 0 0
1513884287.82 27732 13271 2752 3452 12837 18716 1 3 7 18, 0 0 1 0 0 0 0 0 0 0
1513884288.82 31722 16184 3893 6781 17823 22227 0 1 3 10, 0 0 1 0 0 0 0 0 0 0
1513884289.83 28867 14619 5726 9611 19830 27205 0 3 2 7, 0 0 1 0 0 0 0 0 0 0
1513884290.83 23059 10382 3721 8316 17646 25231 0 1 1 9, 0 0 1 0 0 0 0 0 0 0
1513884291.83 21468 12310 6325 8377 16168 24160 1 4 9 13, 0 0 1 0 0 0 0 0 0 0
1513884292.84 18920 13570 7157 8818 15811 18709 1 2 4 14, 0 0 1 0 0 0 0 0 0 0
1513884293.85 17920 9581 4047 7766 20995 20074 0 2 1 10, 0 0 1 0 0 0 0 0 0 0
1513884294.85 24645 12164 4705 8135 21969 27519 1 6 12 34, 0 0 1 0 0 0 0 0 0 0
1513884295.86 28027 13149 5756 10043 25242 34030 1 7 8 24, 0 0 1 0 0 0 0 0 0 0
1513884296.86 31122 14456 5500 8467 24615 35236 0 1 5 16, 0 0 1 0 0 0 0 0 0 0
1513884297.87 30910 12637 5454 8063 24871 34606 2 6 8 17, 0 0 1 0 0 0 0 0 0 0
1513884298.87 34207 15831 8499 11019 23478 36367 0 2 3 5, 0 0 1 0 0 0 0 0 0 0
1513884299.88 34123 18553 9930 8880 22125 36712 0 2 1 9, 0 0 1 0 0 0 0 0 0 0
1513884300.89 29100 15001 9445 10423 23820 35273 1 2 5 21, 0 0 1 0 0 0 0 0 0 0
1513884301.89 23221 11383 7959 8664 19754 29506 2 7 8 23, 0 0 1 0 0 0 0 0 0 0
1513884302.9 20743 10383 7674 8782 18567 26388 0 2 3 9, 0 0 1 0 0 0 0 0 0 0
1513884303.9 14944 7864 6252 7609 15093 19397 1 2 5 10, 0 0 1 0 0 0 0 0 0 0
1513884304.91 12908 7840 6414 7193 10479 14392 0 2 4 10, 0 0 1 0 0 0 0 0 0 0
1513884305.91 8944 5516 5482 4289 5513 9790 1 4 6 12, 0 0 1 0 0 0 0 0 0 0
1513884306.91 13690 7437 4954 3273 6861 15025 3 6 9 18, 0 0 1 0 0 0 0 0 0 0
1513884307.92 20864 9193 4823 7036 12664 23786 1 8 7 26, 0 0 1 0 0 0 0 0 0 0
1513884308.92 24921 15759 8366 10405 12628 22550 2 9 7 21, 0 0 1 0 0 0 0 0 0 0
1513884309.93 26979 14203 4148 8281 9167 20817 2 8 12 27, 0 0 1 0 0 0 0 0 0 0
1513884310.94 27644 14325 3517 8897 8793 21221 1 4 5 17, 0 0 1 0 0 0 0 0 0 0
1513884311.94 27242 15338 2880 6976 9669 22842 1 4 3 12, 0 0 1 0 0 0 0 0 0 0
1513884312.94 21477 13087 2589 6758 12472 19240 1 5 9 15, 0 0 1 0 0 0 0 0 0 0
1513884313.95 18572 11694 2612 2696 9063 16036 2 6 3 12, 0 0 1 0 0 0 0 0 0 0
1513884314.95 21562 13563 2928 4225 13275 21117 2 9 4 14, 0 0 1 0 0 0 0 0 0 0
1513884315.96 21082 13466 3053 4986 13560 19474 2 6 2 14, 0 0 1 0 0 0 0 0 0 0
1513884316.96 21544 13650 3432 5268 12989 19793 1 5 4 12, 0 0 1 0 0 0 0 0 0 0
1513884317.96 26766 13783 3060 4510 14239 22821 0 2 4 10, 0 0 1 0 0 0 0 0 0 0
1513884318.97 29143 15668 4755 4236 17308 28421 3 10 6 19, 0 0 1 0 0 0 0 0 0 0
1513884319.97 25197 13457 4517 4730 18083 28684 1 2 6 11, 0 0 1 0 0 0 0 0 0 0
1513884320.97 24020 14824 5053 3136 15287 23800 1 5 6 18, 0 0 1 0 0 0 0 0 0 0
1513884321.98 22193 17006 7171 4422 15416 22335 3 8 3 12, 0 0 1 0 0 0 0 0 0 0
1513884322.98 21465 16730 6856 1973 10935 20776 2 10 4 12, 0 0 1 0 0 0 0 0 0 0
1513884323.99 19996 15180 6093 1389 9555 18252 2 8 7 19, 0 0 1 0 0 0 0 0 0 0
1513884325.0 20405 13753 4994 1352 10112 20223 2 8 6 22, 0 0 1 0 0 0 0 0 0 0
1513884326.01 19576 12370 4146 1372 10616 20133 3 11 6 26, 0 0 1 0 0 0 0 0 0 0
1513884327.02 18020 12783 4709 906 8609 17529 1 6 4 21, 0 0 1 0 0 0 0 0 0 0
1513884328.04 17068 10735 3365 372 7225 16301 2 4 1 14, 0 0 1 0 0 0 0 0 0 0
1513884329.05 16867 9616 4248 3034 7493 15969 1 7 5 16, 0 0 1 0 0 0 0 0 0 0
1513884330.06 18957 12495 4518 1814 6933 16110 1 4 4 16, 0 0 1 0 0 0 0 0 0 0
1513884331.06 19089 13661 4243 1466 6164 14632 1 4 5 21, 0 0 1 0 0 0 0 0 0 0
1513884332.07 24349 18420 5120 918 5187 15424 2 4 4 24, 0 0 1 0 0 0 0 0 0 0
1513884333.08 28318 23265 6634 1368 4703 15360 0 6 2 8, 0 0 1 0 0 0 0 0 0 0
1513884334.08 27800 23013 6679 1665 2883 10608 1 3 5 14, 0 0 1 0 0 0 0 0 0 0
1513884335.11 27800 23013 6679 1665 2883 10608 1 3 5 14, 0 0 1 0 0 0 0 0 0 0
1513884336.11 23214 21888 8760 3012 5660 10675 1 5 5 13, 0 0 1 0 0 0 0 0 0 0
1513884337.12 20213 18743 9324 4047 7585 14793 0 6 4 13, 0 0 1 0 0 0 0 0 0 0
1513884338.12 19065 17400 8167 3238 7504 14324 1 6 5 12, 0 0 1 0 0 0 0 0 0 0
1513884339.14 20383 19705 9088 3238 7504 14325 1 10 10 24, 0 0 1 0 0 0 0 0 0 0
1513884340.14 20647 15452 5923 2039 9376 17509 1 3 5 10, 0 0 1 0 0 0 0 0 0 0
1513884341.16 17420 14167 4450 2039 9376 14782 1 3 4 17, 0 0 1 0 0 0 0 0 0 0
1513884342.17 21562 12973 3384 1348 9708 18525 2 6 7 22, 0 0 1 0 0 0 0 0 0 0
1513884343.17 15873 10612 3416 1607 6780 13711 1 8 8 15, 0 0 1 0 0 0 0 0 0 0
1513884344.18 14795 9643 3465 1972 8018 15390 2 5 9 73, 0 0 1 0 0 0 0 0 0 0
1513884345.21 14795 8552 3261 1972 8018 15443 2 7 8 118, 0 0 1 0 0 0 0 0 0 0
1513884346.22 22033 8871 2215 2094 15891 27787 0 4 4 100, 0 0 1 0 0 0 0 0 0 0
1513884347.24 24034 11242 3029 2094 15891 27876 0 2 5 161, 0 0 1 0 0 0 0 0 0 0
1513884348.26 23695 8818 1903 1755 16667 29661 4 11 6 16, 0 0 1 0 0 0 0 0 0 0
1513884349.27 24364 9448 1289 2051 20275 31752 1 7 1 6, 0 0 1 0 0 0 0 0 0 0
1513884350.27 24794 11580 1401 5752 18682 25605 0 4 3 8, 0 0 1 0 0 0 0 0 0 0
1513884351.28 21485 8635 1570 5752 18682 25604 0 1 4 8, 0 0 1 0 0 0 0 0 0 0
1513884352.29 18861 8006 1916 5501 14173 21404 0 3 1 8, 0 0 1 0 0 0 0 0 0 0
1513884353.3 26533 11278 2487 6329 21267 28851 1 3 5 14, 0 0 1 0 0 0 0 0 0 0
1513884354.32 26533 11278 2491 6329 21267 28852 1 3 7 27, 0 0 1 0 0 0 0 0 0 0
1513884355.34 25744 9675 1702 6060 24039 29520 1 6 3 1144, 0 0 1 0 0 0 0 0 0 0
1513884356.36 24992 7979 411 3356 21099 29705 1 9 4 342, 0 0 1 0 0 0 0 0 0 0
1513884357.37 31365 12722 2426 4062 22564 35033 1 5 3 14, 0 0 1 0 0 0 0 0 0 0
1513884358.38 30073 12597 2431 4856 25226 36838 0 5 6 11, 0 0 1 0 0 0 0 0 0 0
1513884359.41 30073 11975 1637 4856 25226 36837 0 2 5 10, 0 0 1 0 0 0 0 0 0 0
1513884360.42 27654 11930 1782 4156 23344 34540 0 1 2 12, 0 0 1 0 0 0 0 0 0 0
1513884361.42 22779 11502 1919 3719 17850 27148 1 6 4 12, 0 0 1 0 0 0 0 0 0 0
1513884362.43 20485 10795 2939 2999 15770 24884 2 4 3 13, 0 0 1 0 0 0 0 0 0 0
1513884363.43 21143 10220 2484 1864 13399 24870 0 1 1 3, 0 0 1 0 0 0 0 0 0 0
1513884364.43 22774 9075 2362 2477 16524 29246 0 1 4 180, 0 0 1 0 0 0 0 0 0 0
1513884365.44 28383 11929 3855 6284 19337 34984 0 4 0 2009, 0 0 1 0 0 0 0 0 0 0
1513884366.44 29164 11588 3412 6727 19382 33842 0 3 6 1044, 0 0 1 0 0 0 0 0 0 0
1513884367.44 27961 12820 3690 9736 22412 31602 1 3 4 1396, 0 0 1 0 0 0 0 0 0 0
1513884368.48 25477 13820 4853 7856 18336 27906 1 3 8 1085, 0 0 1 0 0 0 0 0 0 0
1513884369.49 23035 13018 4606 5727 15806 25853 1 3 1 662, 0 0 1 0 0 0 0 0 0 0
1513884370.49 23423 12543 5294 5126 15366 25785 0 0 7 12, 0 0 1 0 0 0 0 0 0 0
1513884371.49 25138 12329 5577 5767 16865 29782 3 6 5 15, 0 0 1 0 0 0 0 0 0 0
1513884372.49 25437 14354 5973 6115 17449 28398 2 7 4 186, 0 0 1 0 0 0 0 0 0 0
1513884373.49 29368 15756 6501 6910 21527 33079 2 9 5 226, 0 0 1 0 0 0 0 0 0 0
1513884374.49 30594 15243 4626 7386 23104 35009 0 4 6 630, 0 0 1 0 0 0 0 0 0 0
1513884375.49 34773 16648 4376 6355 23125 37638 1 5 6 569, 0 0 1 0 0 0 0 0 0 0
1513884376.49 34301 18624 4079 4928 21181 35690 1 5 5 725, 0 0 1 0 0 0 0 0 0 0
1513884377.49 35401 19273 4684 5833 22679 35356 0 4 9 524, 0 0 1 0 0 0 0 0 0 0
1513884378.5 37610 21854 6321 6360 20736 35795 1 8 8 167, 0 0 1 0 0 0 0 0 0 0
1513884379.51 36157 21196 7098 6082 20836 35054 1 4 2 148, 0 0 1 0 0 0 0 0 0 0
1513884380.52 34829 21674 7685 5403 22236 36923 0 5 4 68, 0 0 1 0 0 0 0 0 0 0
1513884381.52 31230 18402 9529 6259 20094 35796 1 4 5 11, 0 0 1 0 0 0 0 0 0 0
1513884382.54 31230 18402 9529 6259 20094 35796 1 4 5 11, 0 0 1 0 0 0 0 0 0 0
1513884383.54 28164 12427 3440 2751 14258 30697 0 5 5 68, 0 0 1 0 0 0 0 0 0 0
1513884384.57 28164 12427 3440 2751 14258 30697 0 5 5 68, 0 0 1 0 0 0 0 0 0 0
1513884385.59 28499 10252 1560 1461 12823 25144 1 6 11 354, 0 0 1 0 0 0 0 0 0 0
1513884386.59 29729 14863 2134 4546 19910 33174 1 5 6 626, 0 0 1 0 0 0 0 0 0 0
1513884387.6 31174 15433 3681 4772 22510 37814 1 4 7 1350, 0 0 1 0 0 0 0 0 0 0
1513884388.62 28336 10736 1594 4285 20991 36182 1 3 5 3096, 0 0 1 0 0 0 0 0 0 0
1513884389.62 25076 9789 2069 5384 19912 30247 0 1 5 2760, 0 0 1 0 0 0 0 0 0 0
1513884390.63 26283 12218 2472 4364 19263 30552 0 1 5 2372, 0 0 1 0 0 0 0 0 0 0
1513884391.63 23714 10640 1336 4591 18349 29591 0 2 3 2719, 0 0 1 0 0 0 0 0 0 0
1513884392.65 23714 10640 1095 2655 16827 29851 0 4 5 3072, 0 0 1 0 0 0 0 0 0 0
1513884393.65 24977 9269 612 3559 15409 32281 1 2 2 3018, 0 0 1 0 0 0 0 0 0 0
1513884394.65 28203 9968 833 3179 14858 32738 0 1 2 993, 0 0 1 0 0 0 0 0 0 0
1513884395.65 27760 14498 2917 4425 14803 28331 0 1 1 1446, 0 0 1 0 0 0 0 0 0 0
1513884396.65 25055 13152 1387 6002 13351 21376 1 1 1 878, 0 0 1 0 0 0 0 0 0 0
1513884397.66 21630 10988 1383 6554 13486 18983 0 1 2 157, 0 0 1 0 0 0 0 0 0 0
1513884398.67 20872 10079 2346 9155 18674 22858 1 5 6 18, 0 0 1 0 0 0 0 0 0 0
1513884399.67 23164 9874 3215 14098 27720 30776 2 5 8 19, 0 0 1 0 0 0 0 0 0 0
1513884400.68 23164 10428 3781 13426 24193 30777 2 6 9 30, 0 0 1 0 0 0 0 0 0 0
1513884401.69 21460 14367 6979 13426 29989 33633 1 6 6 19, 0 0 1 0 0 0 0 0 0 0
1513884402.7 24576 16880 8578 10811 24898 33665 1 3 8 16, 0 0 1 0 0 0 0 0 0 0
1513884403.7 27302 18269 8569 10840 25212 33911 1 4 3 16, 0 0 1 0 0 0 0 0 0 0
1513884404.71 27956 19065 8523 11163 21724 32834 1 5 1 13, 0 0 1 0 0 0 0 0 0 0
1513884405.71 27956 19065 7157 11741 22549 33611 1 3 1 9, 0 0 1 0 0 0 0 0 0 0
1513884406.72 27162 18338 9929 11197 21429 31530 1 4 6 14, 0 0 1 0 0 0 0 0 0 0
1513884407.75 27162 18338 9933 11197 21429 31530 1 7 5 12, 0 0 1 0 0 0 0 0 0 0
1513884408.75 26125 15821 6399 3749 17691 30084 1 5 3 12, 0 0 1 0 0 0 0 0 0 0
1513884409.75 20001 16041 7438 4408 15272 22615 0 2 3 8, 0 0 1 0 0 0 0 0 0 0
1513884410.76 36952 23020 7873 7598 28815 43385 2 2 3 9, 0 0 1 0 0 0 0 0 0 0
1513884411.77 36952 20673 5059 7598 28815 43385 2 7 3 16, 0 0 1 0 0 0 0 0 0 0
1513884412.78 28959 13624 3693 9784 29342 37491 1 5 7 18, 0 0 1 0 0 0 0 0 0 0
1513884413.8 32983 15337 4377 8290 28123 41313 1 3 6 25, 0 0 1 0 0 0 0 0 0 0
1513884414.8 32642 12987 3822 7515 27485 38821 1 9 5 22, 0 0 1 0 0 0 0 0 0 0
1513884415.8 35103 15214 3591 5312 25378 41244 1 7 5 20, 0 0 1 0 0 0 0 0 0 0
1513884416.8 31468 14228 4858 8326 25095 34671 1 3 3 19, 0 0 1 0 0 0 0 0 0 0
1513884417.8 25685 14378 4851 7171 19640 26951 0 4 6 16, 0 0 1 0 0 0 0 0 0 0
1513884418.81 19665 13680 6324 5625 13507 20019 0 1 7 13, 0 0 1 0 0 0 0 0 0 0
1513884419.81 19137 11224 4692 4918 12309 19693 1 2 2 24, 0 0 1 0 0 0 0 0 0 0
1513884420.81 20816 12381 5597 6369 13751 21386 2 5 2 21, 0 0 1 0 0 0 0 0 0 0
1513884421.82 23446 14497 5853 6509 13751 21428 0 4 2 5, 0 0 1 0 0 0 0 0 0 0
1513884422.83 24387 17838 7845 4929 12236 21900 1 3 2 18, 0 0 1 0 0 0 0 0 0 0
1513884423.83 27213 17795 7013 3513 15799 27879 0 2 2 10, 0 0 1 0 0 0 0 0 0 0
1513884424.83 29523 16971 5702 2445 18011 31093 0 1 1 9, 0 0 1 0 0 0 0 0 0 0
1513884425.84 29246 14312 3572 948 15156 28598 1 3 4 21, 0 0 1 0 0 0 0 0 0 0
1513884426.84 30062 14991 4205 485 15491 32961 1 4 6 14, 0 0 1 0 0 0 0 0 0 0
1513884427.84 27976 11532 3313 1471 18093 36191 0 2 1 7, 0 0 1 0 0 0 0 0 0 0
1513884428.84 24162 10158 3642 1830 18093 34721 1 2 2 11, 0 0 1 0 0 0 0 0 0 0
1513884429.86 15866 5314 3117 5153 15056 23377 0 1 3 13, 0 0 1 0 0 0 0 0 0 0
1513884430.86 14143 6839 3450 4692 12948 18984 0 2 3 11, 0 0 1 0 0 0 0 0 0 0
1513884431.86 15172 8507 4788 5070 13009 19512 1 2 5 11, 0 0 1 0 0 0 0 0 0 0
1513884432.86 17565 11715 4968 3982 11271 18297 1 3 5 16, 0 0 1 0 0 0 0 0 0 0
1513884433.86 15387 10154 3331 3229 11984 16325 0 0 5 16, 0 0 1 0 0 0 0 0 0 0
1513884434.87 15567 9003 4647 5030 12905 17877 2 7 4 16, 0 0 1 0 0 0 0 0 0 0
1513884435.87 16647 8892 3945 3975 13450 18721 2 8 5 13, 0 0 1 0 0 0 0 0 0 0
1513884436.87 19785 9291 4164 4787 15998 21725 3 8 2 12, 0 0 1 0 0 0 0 0 0 0
1513884437.88 21382 12597 6267 6179 16809 24415 1 4 8 20, 0 0 1 0 0 0 0 0 0 0
1513884438.88 22156 14522 6765 3660 17371 27850 1 5 4 20, 0 0 1 0 0 0 0 0 0 0
1513884439.88 17655 14209 6511 2148 11282 18671 0 3 6 13, 0 0 1 0 0 0 0 0 0 0
1513884440.89 17656 14209 6510 2144 6092 13244 6 8 9 12, 0 0 1 0 0 0 0 0 0 0
1513884441.89 13083 14209 6509 2239 6092 8892 5 8 6 201, 0 0 1 0 0 0 0 0 0 0
