1513888349.38 39779 13033 25982 21620 26722 30909 6662 27654 9 8, 0 0 0 1 0 0 0 0 0 0
1513888350.38 38590 12254 25159 20563 25210 30843 6757 25923 6 7, 0 0 0 1 0 0 0 0 0 0
1513888351.38 39177 11549 26876 22193 26765 30941 6512 27848 6 13, 0 0 0 1 0 0 0 0 0 0
1513888352.38 32241 9378 28900 23178 26018 28229 5721 23168 2 5, 0 0 0 1 0 0 0 0 0 0
1513888353.38 32245 8537 28450 24310 26291 27699 4090 21507 12 12, 0 0 0 1 0 0 0 0 0 0
1513888354.39 29260 7947 27110 24717 26101 28420 5555 21965 4 3, 0 0 0 1 0 0 0 0 0 0
1513888355.39 35503 10169 25773 21728 25257 30940 6946 25066 4 7, 0 0 0 1 0 0 0 0 0 0
1513888356.39 33489 10938 26483 22057 21643 29421 6984 24118 3 20, 0 0 0 1 0 0 0 0 0 0
1513888357.39 39922 13533 29958 22730 21503 30140 7063 29101 7 18, 0 0 0 1 0 0 0 0 0 0
1513888358.39 40101 16585 29801 21045 21027 31213 7093 27022 5 14, 0 0 0 1 0 0 0 0 0 0
1513888359.39 40379 15878 26239 18672 20811 31504 6465 25249 6 15, 0 0 0 1 0 0 0 0 0 0
1513888360.4 40407 16885 26732 18595 21581 30269 6263 24930 7 9, 0 0 0 1 0 0 0 0 0 0
1513888361.4 42054 17487 27613 18617 20517 29358 3985 25393 14 23, 0 0 0 1 0 0 0 0 0 0
1513888362.4 36105 13146 19123 15498 19284 26475 3234 18679 14 13, 0 0 0 1 0 0 0 0 0 0
1513888363.4 38838 12585 20001 15197 21162 28328 3436 20964 12 24, 0 0 0 1 0 0 0 0 0 0
1513888364.4 37778 12977 21579 18729 21553 28497 3683 19881 6 26, 0 0 0 1 0 0 0 0 0 0
1513888365.4 38527 13586 23661 20257 21071 29306 5078 23038 7 17, 0 0 0 1 0 0 0 0 0 0
1513888366.41 38334 14892 24370 18575 19145 26876 3304 23954 9 30, 0 0 0 1 0 0 0 0 0 0
1513888367.41 36918 16987 24698 18611 20838 26233 2742 20336 7 12, 0 0 0 1 0 0 0 0 0 0
1513888368.43 37113 17165 23024 20398 23071 26197 2147 17497 6 13, 0 0 0 1 0 0 0 0 0 0
1513888369.44 36853 16203 25098 23136 21019 25608 2735 18044 10 11, 0 0 0 1 0 0 0 0 0 0
1513888370.44 35121 15649 24870 22732 21019 24478 2735 18044 10 16, 0 0 0 1 0 0 0 0 0 0
1513888371.45 35280 14443 24217 21610 20070 24704 3128 19128 13 16, 0 0 0 1 0 0 0 0 0 0
1513888372.46 34301 15028 25056 20363 20981 26914 4951 21123 9 19, 0 0 0 1 0 0 0 0 0 0
1513888373.47 29354 14405 23490 20294 19203 25972 3666 16637 9 10, 0 0 0 1 0 0 0 0 0 0
1513888374.48 30817 11504 24018 21387 19348 27207 5005 18047 10 24, 0 0 0 1 0 0 0 0 0 0
1513888375.49 35896 14243 26262 24483 20645 29100 6004 20866 13 14, 0 0 0 1 0 0 0 0 0 0
1513888376.5 35052 14147 25816 23399 20299 28152 5587 19099 7 6, 0 0 0 1 0 0 0 0 0 0
1513888377.52 55794 24157 40390 33253 30580 43587 11072 35522 18 22, 0 0 0 1 0 0 0 0 0 0
1513888378.53 32650 14915 23538 20339 21723 29171 7429 20927 15 12, 0 0 0 1 0 0 0 0 0 0
1513888379.54 34136 16073 20909 16774 21521 32313 11014 24031 7 11, 0 0 0 1 0 0 0 0 0 0
1513888380.55 33229 14094 23911 15094 20859 29737 10474 27584 7 7, 0 0 0 1 0 0 0 0 0 0
1513888381.56 34238 13013 24556 19236 21883 28454 8427 26324 6 14, 0 0 0 1 0 0 0 0 0 0
1513888382.56 28702 12426 20340 20547 22636 26014 7306 18562 5 4, 0 0 0 1 0 0 0 0 0 0
1513888383.57 22821 11117 18414 19579 20666 19890 3440 13530 5 5, 0 0 0 1 0 0 0 0 0 0
1513888384.58 27425 10795 20275 18712 19876 21998 2806 15226 13 18, 0 0 0 1 0 0 0 0 0 0
1513888385.59 34491 15603 22347 14758 19163 24922 3273 16882 18 24, 0 0 0 1 0 0 0 0 0 0
1513888386.61 42512 18678 21343 13849 20355 29032 4021 22633 23 28, 0 0 0 1 0 0 0 0 0 0
1513888387.63 38134 15629 22135 14061 19649 27971 4409 20090 15 12, 0 0 0 1 0 0 0 0 0 0
1513888388.63 32508 13261 18050 13860 19400 26353 2668 13631 14 16, 0 0 0 1 0 0 0 0 0 0
1513888389.64 37595 16016 18966 14886 20378 28077 3504 20194 13 21, 0 0 0 1 0 0 0 0 0 0
1513888390.65 37524 14853 19552 13488 19985 30046 5052 18760 12 5, 0 0 0 1 0 0 0 0 0 0
1513888391.66 37647 15285 19862 13513 20692 29418 4388 17515 23 33, 0 0 0 1 0 0 0 0 0 0
1513888392.67 33819 13585 19764 12752 20140 27694 4100 17280 17 28, 0 0 0 1 0 0 0 0 0 0
1513888393.68 32399 13368 16502 10938 20657 27906 2550 15933 14 20, 0 0 0 1 0 0 0 0 0 0
1513888394.68 32703 13510 18283 11702 21506 30127 4427 17510 13 237, 0 0 0 1 0 0 0 0 0 0
1513888395.69 27723 11838 18340 14329 22638 28030 4665 15106 11 533, 0 0 0 1 0 0 0 0 0 0
1513888396.7 31263 13098 20705 13655 22298 28876 5821 20054 9 96, 0 0 0 1 0 0 0 0 0 0
1513888397.71 30722 10861 17382 13279 19566 22655 3750 19790 14 22, 0 0 0 1 0 0 0 0 0 0
1513888398.72 32229 10410 24790 17888 19731 21833 3530 24266 12 19, 0 0 0 1 0 0 0 0 0 0
1513888399.73 30699 7727 26420 22087 22417 23843 4748 24342 19 18, 0 0 0 1 0 0 0 0 0 0
1513888400.74 28990 6022 23732 21132 19953 21419 5570 22774 19 31, 0 0 0 1 0 0 0 0 0 0
1513888401.75 30082 9544 25807 22929 20392 21508 5118 24176 15 20, 0 0 0 1 0 0 0 0 0 0
1513888402.76 29580 8695 27440 25154 19421 17965 3861 25881 16 382, 0 0 0 1 0 0 0 0 0 0
1513888403.77 26977 7306 24060 25469 19152 17488 2925 19662 16 408, 0 0 0 1 0 0 0 0 0 0
1513888404.78 28957 9687 27882 26323 20977 17277 3620 25855 16 278, 0 0 0 1 0 0 0 0 0 0
1513888405.78 27674 10552 25965 24613 20499 19159 4484 22405 11 708, 0 0 0 1 0 0 0 0 0 0
1513888406.79 25058 11328 24770 23304 20306 18810 4221 20721 10 605, 0 0 0 1 0 0 0 0 0 0
1513888407.8 25752 9185 22399 19538 16715 18899 5157 21314 13 1248, 0 0 0 1 0 0 0 0 0 0
1513888408.81 27391 8337 20336 16588 16321 17711 5541 22262 13 132, 0 0 0 1 0 0 0 0 0 0
1513888409.82 26179 6308 19245 16168 18937 22437 5845 19521 16 21, 0 0 0 1 0 0 0 0 0 0
1513888410.83 28671 7023 17953 13765 18642 23063 5088 19576 13 29, 0 0 0 1 0 0 0 0 0 0
1513888411.83 31309 9106 16570 14722 19445 25380 4168 19387 10 16, 0 0 0 1 0 0 0 0 0 0
1513888412.85 30189 10717 18944 15967 19307 25581 3477 18043 14 28, 0 0 0 1 0 0 0 0 0 0
1513888413.87 34112 11830 19098 14155 21382 28414 4645 21208 15 30, 0 0 0 1 0 0 0 0 0 0
1513888414.9 37525 13823 21270 13847 20187 29245 5654 25438 14 25, 0 0 0 1 0 0 0 0 0 0
1513888415.9 33880 14879 19917 13514 20894 28115 5937 20840 16 26, 0 0 0 1 0 0 0 0 0 0
1513888416.92 33880 15673 20347 13514 20755 27971 5937 20840 18 26, 0 0 0 1 0 0 0 0 0 0
1513888417.93 38358 17659 19924 12872 21384 28108 6961 27250 10 5, 0 0 0 1 0 0 0 0 0 0
1513888418.94 33779 13987 19078 15155 20227 24522 4648 23804 8 16, 0 0 0 1 0 0 0 0 0 0
1513888419.95 24647 9417 17505 15087 19485 21658 2679 18129 8 8, 0 0 0 1 0 0 0 0 0 0
1513888420.95 15176 6523 7660 5616 15572 19208 2352 7924 10 11, 0 0 0 1 0 0 0 0 0 0
1513888421.97 15538 7043 12828 8138 14885 15416 2145 10924 15 37, 0 0 0 1 0 0 0 0 0 0
1513888422.98 29969 15343 22070 15079 16366 18547 4010 22815 41 58, 0 0 0 1 0 0 0 0 0 0
1513888423.98 35828 19499 28463 22159 17563 18732 3433 24937 8 11, 0 0 0 1 0 0 0 0 0 0
1513888425.01 36487 20268 28463 22183 17563 18732 3433 24937 8 26, 0 0 0 1 0 0 0 0 0 0
1513888426.01 34214 17873 25611 14944 11323 17313 3749 24691 10 12, 0 0 0 1 0 0 0 0 0 0
1513888427.03 35903 19520 27195 14928 12408 18193 4956 27585 12 15, 0 0 0 1 0 0 0 0 0 0
1513888428.03 35903 19520 27356 15134 12408 18239 4956 27585 12 67, 0 0 0 1 0 0 0 0 0 0
1513888429.04 37460 21284 28903 15107 11564 18390 5265 28758 11 110, 0 0 0 1 0 0 0 0 0 0
1513888430.04 36247 20735 27760 16639 11405 18190 4862 26382 39 47, 0 0 0 1 0 0 0 0 0 0
1513888431.06 35037 19101 26922 14924 10149 18281 5334 26651 7 7, 0 0 0 1 0 0 0 0 0 0
1513888432.08 33546 18837 27885 16543 11133 18052 5355 25369 5 9, 0 0 0 1 0 0 0 0 0 0
1513888433.09 40936 16575 27904 13906 9736 16583 4838 32502 17 22, 0 0 0 1 0 0 0 0 0 0
1513888434.11 34276 20201 47985 25528 10948 12122 4537 32048 15 30, 0 0 0 1 0 0 0 0 0 0
1513888435.13 23245 12128 31315 15490 4757 8657 3010 21149 18 24, 0 0 0 1 0 0 0 0 0 0
1513888436.15 24890 12545 31981 14082 4783 7480 1836 21009 15 21, 0 0 0 1 0 0 0 0 0 0
1513888437.17 24396 15189 30383 13382 4341 6529 1478 20126 25 30, 0 0 0 1 0 0 0 0 0 0
1513888438.2 28733 16544 30131 11580 4305 9643 1062 21183 33 25, 0 0 0 1 0 0 0 0 0 0
1513888439.22 26255 14687 29539 12144 6002 12022 1742 17422 22 19, 0 0 0 1 0 0 0 0 0 0
1513888440.24 26911 12876 27242 10201 8047 17853 2245 15390 9 9, 0 0 0 1 0 0 0 0 0 0
1513888441.28 30229 13511 22786 10076 8908 20923 1887 16712 10 14, 0 0 0 1 0 0 0 0 0 0
1513888442.3 28864 12673 23510 11369 9137 20235 1483 17014 17 16, 0 0 0 1 0 0 0 0 0 0
1513888443.31 30032 11326 21847 9779 7857 19210 1195 17016 9 15, 0 0 0 1 0 0 0 0 0 0
1513888444.33 31926 14326 26323 12943 8754 20546 1584 19684 11 20, 0 0 0 1 0 0 0 0 0 0
1513888445.35 30399 16225 26221 13959 8890 21577 2044 20306 11 15, 0 0 0 1 0 0 0 0 0 0
1513888446.36 30281 16995 27531 14689 9701 19905 2132 18889 17 20, 0 0 0 1 0 0 0 0 0 0
1513888447.38 32639 18903 26127 16529 9677 20479 2630 17505 13 21, 0 0 0 1 0 0 0 0 0 0
1513888448.39 26224 17929 26847 19715 12641 18942 2761 16008 24 25, 0 0 0 1 0 0 0 0 0 0
1513888449.41 28060 17819 27241 18734 11479 16061 2825 17857 10 16, 0 0 0 1 0 0 0 0 0 0
1513888450.42 29201 17933 30360 22560 12898 15854 3754 19772 24 20, 0 0 0 1 0 0 0 0 0 0
1513888451.44 22638 14870 28624 24470 12528 13438 3741 16976 9 16, 0 0 0 1 0 0 0 0 0 0
1513888452.44 23701 14032 31478 27379 15948 17155 5453 19515 14 15, 0 0 0 1 0 0 0 0 0 0
1513888453.45 27460 14426 28789 22273 12234 18531 4216 17832 18 22, 0 0 0 1 0 0 0 0 0 0
1513888454.46 33475 16402 27330 21140 13104 21108 3080 17401 33 28, 0 0 0 1 0 0 0 0 0 0
1513888455.48 31227 14442 26161 22694 13422 20731 3156 16103 8 6, 0 0 0 1 0 0 0 0 0 0
1513888456.49 27026 12998 22871 21290 14393 19066 2638 13785 11 19, 0 0 0 1 0 0 0 0 0 0
1513888457.51 23660 10887 17865 19815 16513 19466 2806 10288 6 9, 0 0 0 1 0 0 0 0 0 0
1513888458.55 20269 7693 12652 16470 17761 19023 1423 8777 6 19, 0 0 0 1 0 0 0 0 0 0
1513888459.56 20020 5155 11025 10330 18568 21540 1279 8692 8 13, 0 0 0 1 0 0 0 0 0 0
1513888460.57 24178 7058 16780 12797 19147 22598 1696 12420 11 15, 0 0 0 1 0 0 0 0 0 0
1513888461.58 30493 7475 18250 15273 20261 25454 1577 15191 12 12, 0 0 0 1 0 0 0 0 0 0
1513888462.59 27869 5829 17728 13654 21050 24587 3060 15502 10 16, 0 0 0 1 0 0 0 0 0 0
1513888463.62 24091 5008 20517 17252 18423 19421 2842 16295 9 15, 0 0 0 1 0 0 0 0 0 0
1513888464.62 15391 2468 18062 13900 11140 10612 3018 19547 8 16, 0 0 0 1 0 0 0 0 0 0
1513888465.64 15391 3510 19105 13900 10480 9512 3436 19988 11 16, 0 0 0 1 0 0 0 0 0 0
1513888466.64 25458 13988 22484 12676 10143 13121 6418 22800 10 13, 0 0 0 1 0 0 0 0 0 0
1513888467.65 25458 13988 22484 12676 10143 13121 6418 22800 10 13, 0 0 0 1 0 0 0 0 0 0
1513888468.67 35129 16829 34707 21427 14267 16501 8641 35973 10 14, 0 0 0 1 0 0 0 0 0 0
1513888469.68 25844 11954 20675 9702 6221 10263 5237 26603 10 14, 0 0 0 1 0 0 0 0 0 0
1513888470.68 24513 9856 20510 9061 6305 12247 7560 27399 11 10, 0 0 0 1 0 0 0 0 0 0
1513888471.7 24121 9650 22207 10997 5171 9138 5644 27222 9 12, 0 0 0 1 0 0 0 0 0 0
1513888472.7 19648 6718 20757 12956 4153 5177 2581 20261 16 24, 0 0 0 1 0 0 0 0 0 0
1513888473.7 17990 5525 19835 11854 6109 8563 2389 15057 11 15, 0 0 0 1 0 0 0 0 0 0
1513888474.71 21151 4763 22096 10833 5485 10454 2665 15896 11 14, 0 0 0 1 0 0 0 0 0 0
1513888475.72 26535 5640 24157 11623 5455 13931 2063 18536 16 12, 0 0 0 1 0 0 0 0 0 0
1513888476.72 28372 4919 20148 9032 5185 14054 2782 18006 10 11, 0 0 0 1 0 0 0 0 0 0
1513888477.74 28771 4916 20150 8645 4523 14877 2869 17368 14 11, 0 0 0 1 0 0 0 0 0 0
1513888478.75 27328 3522 18801 9044 10681 16019 3271 16101 7 7, 0 0 0 1 0 0 0 0 0 0
1513888479.76 23382 4015 11718 12839 19537 25926 4553 12844 5 4, 0 0 0 1 0 0 0 0 0 0
1513888480.77 20518 3922 11671 11399 20128 23949 3914 12427 7 19, 0 0 0 1 0 0 0 0 0 0
1513888481.77 24471 5155 12414 12767 22012 25536 3369 13891 10 19, 0 0 0 1 0 0 0 0 0 0
1513888482.78 26593 6934 19591 15387 20833 25454 3752 18189 11 10, 0 0 0 1 0 0 0 0 0 0
1513888483.78 21454 6957 18320 17311 21918 22201 3387 13712 5 10, 0 0 0 1 0 0 0 0 0 0
1513888484.8 21454 6799 18185 17311 22365 21824 3387 13712 10 10, 0 0 0 1 0 0 0 0 0 0
1513888485.81 22233 8141 20370 18291 21102 19881 2649 17711 32 14, 0 0 0 1 0 0 0 0 0 0
1513888486.82 22233 7334 19523 18291 20514 19288 2649 17711 9 14, 0 0 0 1 0 0 0 0 0 0
1513888487.84 19020 7343 17054 19877 19493 15024 983 13468 11 13, 0 0 0 1 0 0 0 0 0 0
1513888488.84 8343 2973 7783 8024 11247 11022 2557 7584 22 44, 0 0 0 1 0 0 0 0 0 0
1513888489.84 1764 484 4765 5150 5335 4595 2584 4084 40 48, 0 0 0 1 0 0 0 0 0 0
1513888490.85 1764 484 3088 1127 3603 4600 1668 3310 40 63, 0 0 0 1 0 0 0 0 0 0
1513888491.86 512 133 190 367 1148 1776 195 308 36 31, 0 0 0 1 0 0 0 0 0 0
1513888492.86 535 121 155 116 242 651 196 293 30 43, 0 0 0 1 0 0 0 0 0 0
1513888493.87 597 138 100 67 197 624 188 278 11 18, 0 0 0 1 0 0 0 0 0 0
1513888494.87 597 138 100 67 197 624 188 278 11 18, 0 0 0 1 0 0 0 0 0 0
1513888495.89 626 176 141 99 181 596 203 305 22 34, 0 0 0 1 0 0 0 0 0 0
1513888496.92 500 131 138 113 179 539 190 274 20 30, 0 0 0 1 0 0 0 0 0 0
1513888497.94 660 178 271 197 322 705 208 379 40 38, 0 0 0 1 0 0 0 0 0 0
1513888498.94 1332 307 334 61 330 929 185 817 14 15, 0 0 0 1 0 0 0 0 0 0
1513888499.95 3813 631 897 66 351 1395 183 2954 13 13, 0 0 0 1 0 0 0 0 0 0
1513888500.96 13133 2549 3911 54 1715 6244 180 9023 7 11, 0 0 0 1 0 0 0 0 0 0
1513888501.98 21236 4701 5685 89 3951 11352 105 13745 18 18, 0 0 0 1 0 0 0 0 0 0
1513888502.98 18388 2934 4510 136 3382 10730 141 11417 16 18, 0 0 0 1 0 0 0 0 0 0
1513888504.0 17180 3313 4419 145 3479 10722 125 10436 25 37, 0 0 0 1 0 0 0 0 0 0
1513888505.01 17536 4063 2909 266 2385 9373 128 8271 29 31, 0 0 0 1 0 0 0 0 0 0
1513888506.02 17335 3385 2591 86 1309 7633 95 7944 36 36, 0 0 0 1 0 0 0 0 0 0
1513888507.03 15859 3288 3070 49 2113 7369 90 8505 12 14, 0 0 0 1 0 0 0 0 0 0
1513888508.04 6973 2308 2786 92 630 3094 85 4785 15 15, 0 0 0 1 0 0 0 0 0 0
1513888509.05 7462 1527 3970 4074 7545 9389 1063 4925 13 26, 0 0 0 1 0 0 0 0 0 0
1513888510.06 5667 346 6532 11466 11132 7501 102 5064 19 20, 0 0 0 1 0 0 0 0 0 0
1513888511.06 5330 588 6210 10296 9640 8668 651 4162 15 25, 0 0 0 1 0 0 0 0 0 0
1513888512.08 5172 753 5431 6206 7630 8961 1011 4445 13 17, 0 0 0 1 0 0 0 0 0 0
1513888513.08 5568 448 5179 5039 6782 9094 1072 4702 20 24, 0 0 0 1 0 0 0 0 0 0
1513888514.09 4106 699 5932 9652 9874 8699 1723 5477 12 11, 0 0 0 1 0 0 0 0 0 0
1513888515.1 5726 1055 6193 12292 12196 9280 1264 4850 11 19, 0 0 0 1 0 0 0 0 0 0
1513888516.11 6587 1462 7454 12643 11361 9502 1330 5961 16 29, 0 0 0 1 0 0 0 0 0 0
1513888517.12 6969 1496 8146 14359 12952 9907 1548 6326 18 17, 0 0 0 1 0 0 0 0 0 0
1513888518.13 5731 759 7684 12899 12513 10995 2496 6151 18 24, 0 0 0 1 0 0 0 0 0 0
1513888519.14 6811 1431 5029 8422 9827 10459 1992 4644 16 28, 0 0 0 1 0 0 0 0 0 0
1513888520.15 3976 783 4250 6180 7628 7629 2990 4913 23 28, 0 0 0 1 0 0 0 0 0 0
1513888521.16 7050 1892 4544 7322 10382 10232 3328 6468 22 32, 0 0 0 1 0 0 0 0 0 0
1513888522.17 7868 1647 3619 11189 16831 10735 1899 5225 33 37, 0 0 0 1 0 0 0 0 0 0
1513888523.19 14713 4006 6167 13194 25460 18406 2931 11153 20 26, 0 0 0 1 0 0 0 0 0 0
1513888524.2 37430 6271 12609 17209 28814 23382 4354 25141 25 25, 0 0 0 1 0 0 0 0 0 0
1513888525.22 25363 3412 6152 10406 22938 19418 3301 15704 10 19, 0 0 0 1 0 0 0 0 0 0
1513888526.24 27331 3504 6772 10073 22566 20863 2872 16309 16 23, 0 0 0 1 0 0 0 0 0 0
1513888527.26 26603 2092 4871 7760 21430 19089 2217 14257 24 22, 0 0 0 1 0 0 0 0 0 0
1513888528.27 23576 2060 5168 10066 22205 20798 2807 14024 13 11, 0 0 0 1 0 0 0 0 0 0
1513888529.28 17751 1283 4103 7216 19416 17693 1185 10961 18 17, 0 0 0 1 0 0 0 0 0 0
1513888530.29 19657 1723 4634 5814 16783 17530 2228 13104 16 20, 0 0 0 1 0 0 0 0 0 0
1513888531.3 14944 1651 3454 4461 11982 16248 807 7953 13 14, 0 0 0 1 0 0 0 0 0 0
1513888532.31 7763 685 1488 2007 8220 11784 56 2918 21 28, 0 0 0 1 0 0 0 0 0 0
1513888533.31 3053 157 238 1537 5823 7148 97 284 25 25, 0 0 0 1 0 0 0 0 0 0
1513888534.32 1127 114 193 974 3968 3954 103 219 31 32, 0 0 0 1 0 0 0 0 0 0
1513888535.34 1005 124 1836 2032 2188 2130 201 841 23 22, 0 0 0 1 0 0 0 0 0 0
1513888536.35 7193 1328 6093 5352 6184 10499 817 3156 25 33, 0 0 0 1 0 0 0 0 0 0
1513888537.37 11345 2340 15960 11200 8595 13372 1713 9872 16 19, 0 0 0 1 0 0 0 0 0 0
1513888538.38 13573 1956 22455 15723 12667 16213 2659 12987 12 14, 0 0 0 1 0 0 0 0 0 0
1513888539.4 14089 2262 18158 11934 10950 16410 1978 11860 16 25, 0 0 0 1 0 0 0 0 0 0
1513888540.42 21288 4509 17253 10018 9769 14581 3063 18244 14 18, 0 0 0 1 0 0 0 0 0 0
1513888541.44 15789 1458 16099 6974 6712 12213 3685 14169 12 15, 0 0 0 1 0 0 0 0 0 0
1513888542.46 14468 1891 14762 4524 7518 12214 4740 16948 14 23, 0 0 0 1 0 0 0 0 0 0
1513888543.48 17385 2149 13369 4552 7227 12715 4242 16224 20 14, 0 0 0 1 0 0 0 0 0 0
1513888544.5 14940 1551 12574 6247 6696 10885 4237 17443 8 12, 0 0 0 1 0 0 0 0 0 0
1513888545.5 15779 1816 10971 5570 6931 10509 2354 16015 13 13, 0 0 0 1 0 0 0 0 0 0
1513888546.52 18759 3332 7778 1364 8549 15286 1342 14300 13 10, 0 0 0 1 0 0 0 0 0 0
1513888547.53 8713 3102 1379 1195 7646 10860 600 2841 16 24, 0 0 0 1 0 0 0 0 0 0
1513888548.54 8713 3088 1384 1195 6662 10121 600 2841 24 24, 0 0 0 1 0 0 0 0 0 0
1513888549.54 6046 2310 1166 535 5174 8328 855 1767 26 37, 0 0 0 1 0 0 0 0 0 0
1513888550.55 5717 2055 5066 10968 9978 7226 523 2485 27 35, 0 0 0 1 0 0 0 0 0 0
1513888551.56 5039 1250 6017 13728 9218 7580 133 3187 32 38, 0 0 0 1 0 0 0 0 0 0
1513888552.57 5039 1269 4843 13458 9235 7171 76 2957 30 39, 0 0 0 1 0 0 0 0 0 0
1513888553.58 5077 262 4848 12832 7772 6929 69 3174 42 39, 0 0 0 1 0 0 0 0 0 0
1513888554.59 5246 73 9218 19468 11804 9837 58 5201 29 32, 0 0 0 1 0 0 0 0 0 0
1513888555.61 4176 87 7399 19139 10710 9399 31 4596 14 14, 0 0 0 1 0 0 0 0 0 0
1513888556.63 2322 105 6375 16817 8653 5649 31 4064 22 30, 0 0 0 1 0 0 0 0 0 0
1513888557.64 7398 1713 12116 25607 14271 7152 1022 9115 18 26, 0 0 0 1 0 0 0 0 0 0
1513888558.65 8535 1676 12865 29490 19511 6739 1424 9520 25 18, 0 0 0 1 0 0 0 0 0 0
1513888559.68 12902 4497 11104 28345 18679 6780 1830 11303 15 17, 0 0 0 1 0 0 0 0 0 0
1513888560.69 21159 5186 9359 19378 18302 11674 768 11947 12 11, 0 0 0 1 0 0 0 0 0 0
1513888561.7 22954 4125 6872 20380 21135 13569 1324 9413 14 14, 0 0 0 1 0 0 0 0 0 0
1513888562.71 27556 4915 12575 26675 22734 15052 1652 16142 14 24, 0 0 0 1 0 0 0 0 0 0
1513888563.71 27556 4912 12574 26675 23414 17218 1752 16470 19 24, 0 0 0 1 0 0 0 0 0 0
1513888564.75 25941 4453 11653 25802 21592 16278 1580 14865 38 42, 0 0 0 1 0 0 0 0 0 0
1513888565.77 34107 5546 14833 33129 28039 22410 2531 16891 51 49, 0 0 0 1 0 0 0 0 0 0
1513888566.79 18730 1733 10350 24616 19827 13244 552 9463 32 36, 0 0 0 1 0 0 0 0 0 0
1513888567.82 20125 2341 11806 24480 22024 14002 639 10762 19 21, 0 0 0 1 0 0 0 0 0 0
1513888568.83 20470 4007 10438 24579 20928 16095 479 8973 8 18, 0 0 0 1 0 0 0 0 0 0
1513888569.86 20004 2590 9001 24508 20717 17672 408 7654 5 7, 0 0 0 1 0 0 0 0 0 0
1513888570.88 21333 4665 10565 26761 23096 20588 199 8512 12 14, 0 0 0 1 0 0 0 0 0 0
1513888571.89 19739 4288 12423 26724 24034 20227 634 8971 9 18, 0 0 0 1 0 0 0 0 0 0
1513888572.9 22449 4089 13065 24920 20041 20267 825 12624 14 18, 0 0 0 1 0 0 0 0 0 0
1513888573.9 23756 5996 13098 26573 20199 19193 1026 13026 11 15, 0 0 0 1 0 0 0 0 0 0
1513888574.91 25941 7645 11051 19830 16456 18485 1783 13497 11 12, 0 0 0 1 0 0 0 0 0 0
1513888575.93 22507 7466 11415 11153 11882 16763 1161 12503 12 12, 0 0 0 1 0 0 0 0 0 0
1513888576.95 23801 7980 11587 15714 17897 18666 1032 13585 15 16, 0 0 0 1 0 0 0 0 0 0
1513888577.96 28544 11289 11500 13563 17120 19311 1720 16727 13 14, 0 0 0 1 0 0 0 0 0 0
1513888578.98 27433 12002 12676 16307 20154 20167 3083 16053 20 22, 0 0 0 1 0 0 0 0 0 0
1513888580.0 30904 13677 15504 17794 18572 18468 2826 19270 13 10, 0 0 0 1 0 0 0 0 0 0
1513888581.02 32182 16500 16407 17974 18675 17400 2022 19331 13 24, 0 0 0 1 0 0 0 0 0 0
1513888582.04 30034 15381 13566 17922 17029 15696 1370 17342 20 25, 0 0 0 1 0 0 0 0 0 0
1513888583.06 32882 13807 11003 19886 14043 14324 1358 17240 20 25, 0 0 0 1 0 0 0 0 0 0
1513888584.09 32924 13406 11708 18697 15517 15092 253 16702 12 134, 0 0 0 1 0 0 0 0 0 0
1513888585.1 26509 13464 12022 17107 14847 15395 367 13239 13 16, 0 0 0 1 0 0 0 0 0 0
1513888586.12 25585 11808 10066 16179 16910 18583 1487 9724 8 8, 0 0 0 1 0 0 0 0 0 0
1513888587.14 23911 10794 13591 23627 23520 22649 1779 6439 10 17, 0 0 0 1 0 0 0 0 0 0
1513888588.15 24916 10367 13182 23627 24298 23423 1971 8652 5 17, 0 0 0 1 0 0 0 0 0 0
1513888589.16 28317 11195 13224 22277 24545 23448 1118 11506 15 9, 0 0 0 1 0 0 0 0 0 0
1513888590.19 28542 14305 13395 19480 20320 22117 1526 12848 11 12, 0 0 0 1 0 0 0 0 0 0
1513888591.2 27527 14125 10610 13371 15805 19614 1360 11563 20 18, 0 0 0 1 0 0 0 0 0 0
1513888592.22 27694 15739 11815 10217 10169 14569 107 12281 9 8, 0 0 0 1 0 0 0 0 0 0
1513888593.24 24049 17778 13173 8757 9005 14229 182 11593 11 17, 0 0 0 1 0 0 0 0 0 0
1513888594.26 24063 16537 13533 8153 10513 16035 66 10024 4 8, 0 0 0 1 0 0 0 0 0 0
1513888595.29 18533 15848 15409 7646 9305 12241 584 9546 9 10, 0 0 0 1 0 0 0 0 0 0
1513888596.3 12315 11132 17749 17433 19059 14441 1803 10573 29 15, 0 0 0 1 0 0 0 0 0 0
1513888597.32 24112 8392 28931 21460 20877 15715 1774 22684 21 31, 0 0 0 1 0 0 0 0 0 0
1513888598.34 19120 7315 17844 11570 17964 15712 1420 16906 19 18, 0 0 0 1 0 0 0 0 0 0
1513888599.35 20782 9224 17544 14642 18300 13992 1729 16887 18 17, 0 0 0 1 0 0 0 0 0 0
1513888600.38 23701 11842 16899 12505 14922 15183 3398 19084 10 13, 0 0 0 1 0 0 0 0 0 0
1513888601.39 26906 15063 17009 12070 11958 12248 2205 18725 11 13, 0 0 0 1 0 0 0 0 0 0
1513888602.41 24010 13227 9776 8593 12246 13350 2184 12858 8 11, 0 0 0 1 0 0 0 0 0 0
1513888603.45 22912 14971 6614 10145 15918 17679 2533 7924 12 9, 0 0 0 1 0 0 0 0 0 0
1513888604.47 23270 16751 5995 9699 17696 17680 2627 8994 13 15, 0 0 0 1 0 0 0 0 0 0
1513888605.48 19911 16008 5473 11414 16481 18055 2643 5881 9 18, 0 0 0 1 0 0 0 0 0 0
1513888606.51 22044 15988 7942 11265 15795 20131 2653 7418 17 18, 0 0 0 1 0 0 0 0 0 0
1513888607.52 24549 15900 13690 15067 16178 20302 2232 11306 11 13, 0 0 0 1 0 0 0 0 0 0
1513888608.53 25356 12968 15276 13119 16666 21691 4554 14621 14 15, 0 0 0 1 0 0 0 0 0 0
1513888609.55 23192 11886 13532 10442 16399 22816 5207 14159 14 13, 0 0 0 1 0 0 0 0 0 0
1513888610.57 16737 5498 9913 10117 14883 18133 2410 10030 18 17, 0 0 0 1 0 0 0 0 0 0
1513888611.57 13778 3939 9738 6994 13108 18522 2602 8827 20 15, 0 0 0 1 0 0 0 0 0 0
1513888612.59 8791 1438 8472 7459 13929 15335 2582 7550 20 22, 0 0 0 1 0 0 0 0 0 0
1513888613.6 8032 858 12179 11070 13183 14183 2842 9482 16 13, 0 0 0 1 0 0 0 0 0 0
1513888614.61 6717 1296 14356 9718 13159 13351 3025 10638 23 21, 0 0 0 1 0 0 0 0 0 0
1513888615.64 12912 5070 18966 12436 17490 17309 4173 13784 16 16, 0 0 0 1 0 0 0 0 0 0
1513888616.65 9122 3461 16604 9346 16708 12772 3122 10609 8 9, 0 0 0 1 0 0 0 0 0 0
1513888617.66 9316 3593 14640 11888 16558 13665 3322 8440 15 15, 0 0 0 1 0 0 0 0 0 0
1513888618.68 9544 4250 13266 12266 14399 13096 3097 8907 13 108, 0 0 0 1 0 0 0 0 0 0
1513888619.69 9258 3144 13075 16267 15091 12998 2399 9547 8 2240, 0 0 0 1 0 0 0 0 0 0
1513888620.71 9484 3518 9624 14940 14507 13820 2754 7172 20 1453, 0 0 0 1 0 0 0 0 0 0
1513888621.72 12086 4392 10252 16546 17815 16479 3025 8443 14 1098, 0 0 0 1 0 0 0 0 0 0
1513888622.74 13136 4085 6766 18090 20281 18706 2611 5733 15 1879, 0 0 0 1 0 0 0 0 0 0
1513888623.76 14818 4876 7253 13528 16196 16872 1858 6429 15 657, 0 0 0 1 0 0 0 0 0 0
1513888624.77 16809 6150 8045 10671 12884 16888 2065 7452 20 21, 0 0 0 1 0 0 0 0 0 0
1513888625.79 13608 3908 8231 15241 15361 16953 2258 5933 13 17, 0 0 0 1 0 0 0 0 0 0
1513888626.82 12490 3534 7373 15497 17034 16683 3044 6072 17 18, 0 0 0 1 0 0 0 0 0 0
1513888627.83 16430 4981 10401 18168 18098 17846 3376 9947 14 15, 0 0 0 1 0 0 0 0 0 0
1513888628.84 16005 5488 10990 18469 18243 16246 2704 8838 13 14, 0 0 0 1 0 0 0 0 0 0
1513888629.86 12788 3950 5981 13504 15924 13976 1674 5826 15 14, 0 0 0 1 0 0 0 0 0 0
1513888630.88 26966 6825 7491 15962 21848 26201 2651 11202 18 19, 0 0 0 1 0 0 0 0 0 0
1513888631.9 17219 3469 4445 8668 15064 18263 1547 6352 20 16, 0 0 0 1 0 0 0 0 0 0
1513888632.92 20273 3401 5808 10009 18806 17381 474 9564 13 14, 0 0 0 1 0 0 0 0 0 0
1513888633.95 18751 2264 6839 12203 17704 16843 800 10518 17 12, 0 0 0 1 0 0 0 0 0 0
1513888634.96 19081 2459 10328 19364 19482 16008 722 11461 13 10, 0 0 0 1 0 0 0 0 0 0
1513888635.97 23230 7074 9460 16679 16636 16078 176 11768 22 21, 0 0 0 1 0 0 0 0 0 0
1513888636.98 22646 9921 11889 18852 18084 15383 65 13002 17 15, 0 0 0 1 0 0 0 0 0 0
1513888638.0 22263 11627 11893 15897 16393 16200 615 13068 21 18, 0 0 0 1 0 0 0 0 0 0
1513888639.01 25613 11859 13314 16695 14334 14010 902 15862 16 20, 0 0 0 1 0 0 0 0 0 0
1513888640.02 28325 12198 16885 11919 9899 16973 1385 15231 13 16, 0 0 0 1 0 0 0 0 0 0
1513888641.03 25552 11715 16397 11919 8783 14650 2064 16981 18 16, 0 0 0 1 0 0 0 0 0 0
1513888642.05 19452 8581 15267 10902 8227 12696 3083 14999 13 13, 0 0 0 1 0 0 0 0 0 0
1513888643.05 17703 7537 15379 19325 13960 13681 3532 10694 10 24, 0 0 0 1 0 0 0 0 0 0
1513888644.06 15870 6362 15199 25788 20650 13343 1274 8185 26 27, 0 0 0 1 0 0 0 0 0 0
1513888645.07 15870 6366 15194 25788 20650 13343 1274 8185 26 27, 0 0 0 1 0 0 0 0 0 0
1513888646.09 11417 4028 6980 21227 17293 12390 679 4133 17 24, 0 0 0 1 0 0 0 0 0 0
1513888647.09 17822 5373 17135 28877 22872 16129 1600 13279 28 31, 0 0 0 1 0 0 0 0 0 0
1513888648.11 21315 5547 17304 28877 24639 18403 1732 15443 20 31, 0 0 0 1 0 0 0 0 0 0
1513888649.12 23239 8190 18922 31880 26191 18401 2853 13635 12 13, 0 0 0 1 0 0 0 0 0 0
1513888650.12 25583 9250 17702 27076 22982 18985 3365 14638 18 13, 0 0 0 1 0 0 0 0 0 0
1513888651.13 26596 9248 17696 27076 24035 20237 3638 15693 14 13, 0 0 0 1 0 0 0 0 0 0
1513888652.15 27475 10224 18855 24536 21663 20176 4114 17469 8 13, 0 0 0 1 0 0 0 0 0 0
1513888653.15 30283 11036 16000 14569 13864 20740 5028 19296 17 28, 0 0 0 1 0 0 0 0 0 0
1513888654.16 30283 11033 13009 11302 15274 22922 4666 18751 17 18, 0 0 0 1 0 0 0 0 0 0
1513888655.17 24793 11594 8513 5940 10941 18886 4164 13241 9 18, 0 0 0 1 0 0 0 0 0 0
1513888656.17 22460 8737 7467 5400 10822 18213 2454 10867 9 8, 0 0 0 1 0 0 0 0 0 0
1513888657.18 20415 7645 15068 14209 11886 12393 2113 16004 13 10, 0 0 0 1 0 0 0 0 0 0
1513888658.18 19734 8799 15707 15461 7915 5949 533 15385 14 13, 0 0 0 1 0 0 0 0 0 0
1513888659.18 19806 8649 15575 17859 13384 11545 951 12865 14 20, 0 0 0 1 0 0 0 0 0 0
1513888660.21 19806 8649 15575 17859 13384 11545 951 12865 14 20, 0 0 0 1 0 0 0 0 0 0
1513888661.23 14018 5020 12608 17000 12493 12692 557 9186 15 16, 0 0 0 1 0 0 0 0 0 0
1513888662.23 15340 6168 10423 10792 11607 11025 456 10352 22 24, 0 0 0 1 0 0 0 0 0 0
1513888663.24 23151 6008 11774 8415 7982 12981 753 18216 23 21, 0 0 0 1 0 0 0 0 0 0
1513888664.25 21913 1720 6790 8211 5157 15325 608 12878 18 13, 0 0 0 1 0 0 0 0 0 0
1513888665.25 21005 2236 5364 4321 4817 14626 972 11684 9 15, 0 0 0 1 0 0 0 0 0 0
1513888666.26 21553 3644 5595 2995 5819 16056 1285 11898 7 6, 0 0 0 1 0 0 0 0 0 0
1513888667.27 23557 4276 5858 3008 4006 12575 1338 12445 3 5, 0 0 0 1 0 0 0 0 0 0
1513888668.27 24350 5209 4060 2909 4958 12296 2542 12402 4 13, 0 0 0 1 0 0 0 0 0 0
1513888669.28 24350 5215 4066 2909 5695 13276 2542 12402 12 13, 0 0 0 1 0 0 0 0 0 0
1513888670.29 24560 7943 4046 2595 6379 12477 1413 10214 12 13, 0 0 0 1 0 0 0 0 0 0
1513888671.29 28124 14790 11500 5103 6885 9525 81 15092 10 5, 0 0 0 1 0 0 0 0 0 0
1513888672.3 31732 17323 13046 6998 6537 11048 88 15040 4 9, 0 0 0 1 0 0 0 0 0 0
1513888673.31 28779 14398 11603 5716 4395 8174 95 14080 11 13, 0 0 0 1 0 0 0 0 0 0
1513888674.32 29555 14475 9950 5234 7019 11477 833 13962 11 9, 0 0 0 1 0 0 0 0 0 0
1513888675.32 26704 11977 7940 5060 9584 16187 1931 10873 9 11, 0 0 0 1 0 0 0 0 0 0
1513888676.33 26704 11829 7856 5060 11797 18245 1931 10873 6 11, 0 0 0 1 0 0 0 0 0 0
1513888677.34 27254 9337 8904 4300 10549 14776 1268 11942 23 27, 0 0 0 1 0 0 0 0 0 0
1513888678.35 21537 6328 10714 6032 11243 16817 1677 10501 10 8, 0 0 0 1 0 0 0 0 0 0
1513888679.36 21015 5575 10463 8493 13509 17646 1809 7856 9 12, 0 0 0 1 0 0 0 0 0 0
1513888680.37 19235 5049 11207 9264 14615 17518 1896 9113 13 15, 0 0 0 1 0 0 0 0 0 0
1513888681.38 20570 5756 13738 10172 14637 17053 3137 11482 11 7, 0 0 0 1 0 0 0 0 0 0
1513888682.39 18515 6586 14324 13707 18290 17025 4765 13612 13 12, 0 0 0 1 0 0 0 0 0 0
1513888683.39 16377 7400 12412 11852 15640 16716 5255 12246 13 12, 0 0 0 1 0 0 0 0 0 0
1513888684.4 12922 6174 6796 9486 10295 9555 394 4781 17 14, 0 0 0 1 0 0 0 0 0 0
1513888685.4 20994 8858 6861 5866 9164 12034 750 7746 20 27, 0 0 0 1 0 0 0 0 0 0
1513888686.42 20994 9649 7543 5866 12259 15387 873 8526 40 27, 0 0 0 1 0 0 0 0 0 0
1513888687.43 51018 18418 22364 11200 12633 21632 2302 35666 17 32, 0 0 0 1 0 0 0 0 0 0
1513888688.44 30533 8426 14188 7037 8989 15120 1704 24354 33 37, 0 0 0 1 0 0 0 0 0 0
1513888689.45 26524 6694 14546 13095 15582 15210 1474 23116 29 30, 0 0 0 1 0 0 0 0 0 0
1513888690.46 25107 3720 13079 12227 13118 13493 1669 22900 21 25, 0 0 0 1 0 0 0 0 0 0
1513888691.47 23287 3481 12028 15581 12757 12809 1821 20674 30 34, 0 0 0 1 0 0 0 0 0 0
1513888692.49 22937 5207 13320 11226 12745 14018 1626 20856 45 45, 0 0 0 1 0 0 0 0 0 0
1513888693.5 15344 2957 14450 13030 8057 7045 1962 15952 27 35, 0 0 0 1 0 0 0 0 0 0
1513888694.51 17724 3332 18341 14238 8584 11114 2290 14006 36 33, 0 0 0 1 0 0 0 0 0 0
1513888695.52 14032 2161 19381 18927 13442 13040 2641 12311 17 29, 0 0 0 1 0 0 0 0 0 0
1513888696.53 13644 2368 18190 23848 19523 14947 2513 11218 20 20, 0 0 0 1 0 0 0 0 0 0
1513888697.53 10668 1362 16913 22830 19467 16492 2326 9515 19 33, 0 0 0 1 0 0 0 0 0 0
1513888698.54 11213 2005 16367 22315 15783 15171 2358 10197 20 14, 0 0 0 1 0 0 0 0 0 0
1513888699.55 12607 2448 17269 21610 14458 13902 1769 11018 27 31, 0 0 0 1 0 0 0 0 0 0
1513888700.56 14855 3059 15698 21919 14763 13805 1686 9705 26 24, 0 0 0 1 0 0 0 0 0 0
1513888701.56 13189 2643 12132 18155 15342 18595 1312 9727 24 15, 0 0 0 1 0 0 0 0 0 0
1513888702.57 12871 2199 11432 19025 16098 17398 243 10066 12 16, 0 0 0 1 0 0 0 0 0 0
1513888703.57 14803 3327 8784 19139 17679 16759 378 7387 17 19, 0 0 0 1 0 0 0 0 0 0
1513888704.58 14447 3836 9245 21313 20117 18066 564 6983 19 18, 0 0 0 1 0 0 0 0 0 0
1513888705.58 11561 2731 6856 18516 19483 18305 758 5082 14 19, 0 0 0 1 0 0 0 0 0 0
1513888706.59 9204 2362 4097 15340 16988 16409 412 2465 21 11, 0 0 0 1 0 0 0 0 0 0
1513888707.6 9204 2361 4092 15340 14790 14084 412 2465 10 11, 0 0 0 1 0 0 0 0 0 0
1513888708.61 24866 4411 12415 17494 11152 15696 153 13453 18 21, 0 0 0 1 0 0 0 0 0 0
1513888709.62 24866 4458 11553 16372 13041 18243 178 14648 23 17, 0 0 0 1 0 0 0 0 0 0
1513888710.62 31491 4069 12709 19117 14167 21874 270 17603 18 19, 0 0 0 1 0 0 0 0 0 0
1513888711.63 31491 4051 12681 19117 14697 22155 270 17603 21 19, 0 0 0 1 0 0 0 0 0 0
1513888712.64 30684 3570 11858 23621 15821 24727 66 14874 10 9, 0 0 0 1 0 0 0 0 0 0
1513888713.65 27042 2233 17590 23938 16951 23869 637 17955 8 13, 0 0 0 1 0 0 0 0 0 0
1513888714.66 27499 2230 17583 23938 16559 23663 1059 19232 10 13, 0 0 0 1 0 0 0 0 0 0
1513888715.68 33147 4942 19372 16970 16649 21491 2124 25501 18 19, 0 0 0 1 0 0 0 0 0 0
1513888716.68 32491 4881 19234 16970 17509 23395 2236 27329 16 19, 0 0 0 1 0 0 0 0 0 0
1513888717.69 32769 5818 21663 20387 19959 24018 2670 27325 15 17, 0 0 0 1 0 0 0 0 0 0
1513888718.71 35872 7866 21590 22631 19784 24126 2983 26205 14 18, 0 0 0 1 0 0 0 0 0 0
1513888719.72 34340 7713 21036 22429 21259 25467 3211 23101 11 14, 0 0 0 1 0 0 0 0 0 0
1513888720.74 26314 7012 16418 18709 20090 22602 1250 16091 17 18, 0 0 0 1 0 0 0 0 0 0
1513888721.76 25559 7694 18288 14942 12505 19940 987 18346 14 19, 0 0 0 1 0 0 0 0 0 0
1513888722.78 27646 8195 15008 11206 10549 19476 1311 17380 32 21, 0 0 0 1 0 0 0 0 0 0
1513888723.81 33107 9206 18395 10863 12691 22432 3250 25801 18 17, 0 0 0 1 0 0 0 0 0 0
1513888724.83 36531 11789 22757 11606 12204 19817 2639 30058 24 25, 0 0 0 1 0 0 0 0 0 0
1513888725.84 35473 11845 22509 13640 11853 18575 2152 27841 18 14, 0 0 0 1 0 0 0 0 0 0
1513888726.85 32497 11957 25939 19292 12299 16153 2410 23988 13 24, 0 0 0 1 0 0 0 0 0 0
1513888727.88 30611 10865 27875 19326 12733 16083 4260 25573 11 13, 0 0 0 1 0 0 0 0 0 0
1513888728.89 28810 8138 27786 23052 13142 15293 4161 23622 10 10, 0 0 0 1 0 0 0 0 0 0
1513888729.9 22725 8162 26265 20619 14704 15700 5394 18824 12 6, 0 0 0 1 0 0 0 0 0 0
1513888730.92 16873 4498 21768 17120 13154 12303 3790 15171 9 9, 0 0 0 1 0 0 0 0 0 0
1513888731.93 20270 6593 23349 16294 11065 12121 2915 19238 5 6, 0 0 0 1 0 0 0 0 0 0
1513888732.95 11616 3694 17679 11117 6361 7333 3032 15911 8 11, 0 0 0 1 0 0 0 0 0 0
1513888733.96 12879 4068 12602 9526 5861 4283 2894 15969 24 22, 0 0 0 1 0 0 0 0 0 0
1513888734.98 6704 1975 21158 18600 5887 3855 2183 12579 12 25, 0 0 0 1 0 0 0 0 0 0
1513888736.0 7986 2818 25055 26367 9117 3719 1657 12140 15 16, 0 0 0 1 0 0 0 0 0 0
1513888737.04 10290 3083 28320 26685 8267 4383 1983 15254 13 12, 0 0 0 1 0 0 0 0 0 0
1513888738.08 11082 2322 30946 28982 9383 5928 2666 16279 10 3, 0 0 0 1 0 0 0 0 0 0
1513888739.09 10711 2090 27574 24269 8709 7506 3125 14246 6 7, 0 0 0 1 0 0 0 0 0 0
1513888740.12 12564 3661 25598 22365 9560 9870 3356 14077 12 19, 0 0 0 1 0 0 0 0 0 0
1513888741.14 15161 6559 27393 21191 9779 11058 3980 16234 9 193, 0 0 0 1 0 0 0 0 0 0
1513888742.15 18778 6544 28499 19664 11448 14637 5137 18859 7 6, 0 0 0 1 0 0 0 0 0 0
1513888743.17 21238 7968 30138 21516 12406 16244 4820 20200 9 8, 0 0 0 1 0 0 0 0 0 0
1513888744.19 22361 10580 33402 17749 11345 16139 6223 24871 6 4, 0 0 0 1 0 0 0 0 0 0
1513888745.21 26034 9937 32986 20008 13866 19467 7018 27253 3 4, 0 0 0 1 0 0 0 0 0 0
1513888746.23 24428 9847 28852 20029 16805 20664 6907 26249 8 7, 0 0 0 1 0 0 0 0 0 0
1513888747.25 22688 8426 21956 19289 16504 18883 4189 18604 12 12, 0 0 0 1 0 0 0 0 0 0
1513888748.26 20421 7689 19977 20255 15659 16443 3180 14747 29 28, 0 0 0 1 0 0 0 0 0 0
1513888749.28 19718 7567 18735 17179 14298 13744 2921 16527 25 27, 0 0 0 1 0 0 0 0 0 0
1513888750.31 13433 5374 12615 18327 12106 7938 481 9879 15 25, 0 0 0 1 0 0 0 0 0 0
1513888751.33 12279 3040 12844 25137 17749 8756 125 7920 23 49, 0 0 0 1 0 0 0 0 0 0
1513888752.36 12692 2355 12865 29251 17558 7270 112 9879 20 19, 0 0 0 1 0 0 0 0 0 0
1513888753.4 10933 2800 13467 30059 21663 9030 144 7320 22 24, 0 0 0 1 0 0 0 0 0 0
1513888754.42 9924 1966 13417 29775 19240 8371 257 8660 28 26, 0 0 0 1 0 0 0 0 0 0
1513888755.45 11611 2008 14375 31536 17163 8515 113 11179 28 27, 0 0 0 1 0 0 0 0 0 0
1513888756.48 10605 2161 18067 32111 19575 8745 223 12900 14 15, 0 0 0 1 0 0 0 0 0 0
1513888757.49 12611 2377 24740 45025 24659 11262 753 17612 30 32, 0 0 0 1 0 0 0 0 0 0
1513888758.5 13487 3494 24137 31959 17972 9566 1471 19300 11 16, 0 0 0 1 0 0 0 0 0 0
1513888759.52 8986 2330 19310 26328 14034 7103 1605 15393 4 8, 0 0 0 1 0 0 0 0 0 0
1513888760.55 11590 4078 22366 28155 17957 9758 2047 17900 8 21, 0 0 0 1 0 0 0 0 0 0
1513888761.57 10212 2395 20151 26908 13049 7480 815 16641 4 8, 0 0 0 1 0 0 0 0 0 0
1513888762.59 15532 3505 24516 25254 12719 7809 82 20092 7 12, 0 0 0 1 0 0 0 0 0 0
1513888763.61 15143 2309 25497 23492 11417 8069 123 21080 17 16, 0 0 0 1 0 0 0 0 0 0
1513888764.62 14265 2851 26573 25120 12645 9065 694 17531 16 20, 0 0 0 1 0 0 0 0 0 0
1513888765.63 12417 4041 19997 19769 14146 12944 1209 11826 16 23, 0 0 0 1 0 0 0 0 0 0
1513888766.64 17255 5927 18678 18388 17469 17143 567 13068 12 14, 0 0 0 1 0 0 0 0 0 0
1513888767.67 18394 7846 18356 18689 16911 17014 550 12341 6 8, 0 0 0 1 0 0 0 0 0 0
1513888768.68 19162 8509 21600 20406 16329 12139 155 16518 8 21, 0 0 0 1 0 0 0 0 0 0
1513888769.71 18273 8343 24362 22376 14708 10465 470 17334 5 6, 0 0 0 1 0 0 0 0 0 0
1513888770.73 18192 9590 28164 25143 15461 10213 2533 20874 8 11, 0 0 0 1 0 0 0 0 0 0
1513888771.74 15065 6234 30226 27945 13864 8789 2331 20518 7 8, 0 0 0 1 0 0 0 0 0 0
1513888772.75 12166 4081 24752 22499 13678 9991 2728 14426 7 9, 0 0 0 1 0 0 0 0 0 0
1513888773.77 14233 6009 25918 19624 11219 10344 3303 14232 4 6, 0 0 0 1 0 0 0 0 0 0
1513888774.78 17224 6198 24812 22231 13589 11622 4410 17119 10 12, 0 0 0 1 0 0 0 0 0 0
1513888775.8 15976 6083 20788 17639 12766 10270 5083 17974 5 7, 0 0 0 1 0 0 0 0 0 0
1513888776.81 11226 4268 17092 16559 11674 8447 2236 13282 8 21, 0 0 0 1 0 0 0 0 0 0
1513888777.82 11226 3802 16702 16559 11173 7585 2236 13282 8 21, 0 0 0 1 0 0 0 0 0 0
1513888778.83 12856 5406 25070 19720 9620 9843 5092 16020 11 11, 0 0 0 1 0 0 0 0 0 0
1513888779.84 12892 4560 28233 18895 6784 8347 5116 14691 11 15, 0 0 0 1 0 0 0 0 0 0
1513888780.85 12224 3433 29752 15882 4588 6771 4759 16693 14 16, 0 0 0 1 0 0 0 0 0 0
1513888781.86 18265 5066 27484 21536 6237 8061 3326 16999 12 10, 0 0 0 1 0 0 0 0 0 0
1513888782.86 19700 8112 24049 17560 8788 6934 3711 18326 8 8, 0 0 0 1 0 0 0 0 0 0
1513888783.87 14907 7996 18739 13479 7527 5708 3141 16056 11 9, 0 0 0 1 0 0 0 0 0 0
1513888784.88 12508 7351 15660 9314 4023 3162 2156 13408 15 16, 0 0 0 1 0 0 0 0 0 0
1513888785.88 10504 7592 7831 4876 2896 3668 1113 5961 16 21, 0 0 0 1 0 0 0 0 0 0
1513888786.89 5497 4685 4098 3342 2725 3570 103 1091 18 28, 0 0 0 1 0 0 0 0 0 0
1513888787.9 7402 3633 3256 5730 4399 4783 79 969 17 30, 0 0 0 1 0 0 0 0 0 0
1513888788.91 5226 2564 1832 3062 3921 4950 76 345 19 23, 0 0 0 1 0 0 0 0 0 0
1513888789.91 5045 2082 6637 6604 3921 4954 71 1245 19 27, 0 0 0 1 0 0 0 0 0 0
1513888790.92 4986 2371 6969 7263 4815 3799 79 2250 20 27, 0 0 0 1 0 0 0 0 0 0
1513888791.94 8227 2738 19036 23768 14209 5195 43 8619 10 19, 0 0 0 1 0 0 0 0 0 0
1513888792.95 6905 1563 17458 26182 13892 5127 70 7636 10 14, 0 0 0 1 0 0 0 0 0 0
1513888793.95 6905 1395 17935 26182 13449 3983 70 7636 12 14, 0 0 0 1 0 0 0 0 0 0
1513888794.97 3484 1126 16462 23441 12974 4166 49 4300 19 22, 0 0 0 1 0 0 0 0 0 0
1513888795.98 3648 1145 8515 15104 13157 6083 80 2007 16 17, 0 0 0 1 0 0 0 0 0 0
1513888796.98 8365 3698 9044 14158 12472 6201 244 6186 13 21, 0 0 0 1 0 0 0 0 0 0
1513888797.99 8497 884 14724 17680 12621 5814 61 11698 5 9, 0 0 0 1 0 0 0 0 0 0
1513888798.99 10570 1755 15412 18573 11796 5708 56 13965 5 11, 0 0 0 1 0 0 0 0 0 0
1513888800.0 15092 3914 14172 19138 8966 6599 57 15106 10 9, 0 0 0 1 0 0 0 0 0 0
1513888801.02 15092 3947 14288 20213 9309 7364 62 15404 9 19, 0 0 0 1 0 0 0 0 0 0
1513888802.02 18888 6834 12333 19375 8666 5767 338 17134 14 24, 0 0 0 1 0 0 0 0 0 0
1513888803.03 23880 7192 10782 13723 11334 14008 315 14989 20 16, 0 0 0 1 0 0 0 0 0 0
1513888804.04 33122 15505 11586 10454 14893 26518 100 9202 22 19, 0 0 0 1 0 0 0 0 0 0
1513888805.04 18037 9278 8081 6280 11104 17226 132 5027 14 20, 0 0 0 1 0 0 0 0 0 0
1513888806.05 15139 7270 5390 12958 10417 14063 122 3174 17 22, 0 0 0 1 0 0 0 0 0 0
1513888807.06 12172 7793 4439 10669 9691 11796 117 4726 20 23, 0 0 0 1 0 0 0 0 0 0
1513888808.07 9237 6166 3470 9263 10569 10997 217 1777 23 29, 0 0 0 1 0 0 0 0 0 0
1513888809.08 12252 5517 8936 18801 13929 8501 328 5888 26 42, 0 0 0 1 0 0 0 0 0 0
1513888810.13 9697 3979 7695 21827 13202 9913 52 5658 22 16, 0 0 0 1 0 0 0 0 0 0
1513888811.13 5889 2398 6412 22752 11872 5875 71 5497 15 23, 0 0 0 1 0 0 0 0 0 0
1513888812.13 4824 2632 5100 18147 9932 4951 40 3077 15 14, 0 0 0 1 0 0 0 0 0 0
1513888813.13 3214 1074 5733 20809 9108 4223 69 3865 20 18, 0 0 0 1 0 0 0 0 0 0
1513888814.13 2385 668 5910 19468 9874 4659 53 3147 8 11, 0 0 0 1 0 0 0 0 0 0
1513888815.13 10364 2534 4306 12402 7196 9361 263 4031 19 23, 0 0 0 1 0 0 0 0 0 0
1513888816.13 17700 4684 4264 11688 6992 14098 1110 6704 14 17, 0 0 0 1 0 0 0 0 0 0
1513888817.14 17700 4684 4264 11688 6992 14098 1110 6704 14 17, 0 0 0 1 0 0 0 0 0 0
1513888818.15 17633 5208 3384 1195 5824 15367 4075 8649 17 17, 0 0 0 1 0 0 0 0 0 0
1513888819.16 15218 5031 1871 1079 5831 13094 3614 6311 11 13, 0 0 0 1 0 0 0 0 0 0
1513888820.17 20952 6262 2621 1146 7570 12586 2339 9299 14 17, 0 0 0 1 0 0 0 0 0 0
1513888821.18 20952 6258 2620 1146 7307 13344 2339 9299 14 17, 0 0 0 1 0 0 0 0 0 0
1513888822.18 20911 5625 3904 1382 5510 12056 1823 12076 9 15, 0 0 0 1 0 0 0 0 0 0
1513888823.19 20911 5682 3939 1382 5881 11549 1823 12076 9 15, 0 0 0 1 0 0 0 0 0 0
1513888824.2 28679 6623 5445 7444 8044 10734 1966 13951 7 6, 0 0 0 1 0 0 0 0 0 0
1513888825.21 28679 6342 5277 7444 10128 12307 1966 13951 7 6, 0 0 0 1 0 0 0 0 0 0
1513888826.22 25373 4096 4875 8016 9162 11302 1213 12561 9 11, 0 0 0 1 0 0 0 0 0 0
1513888827.23 13551 5314 5675 6511 6451 6972 259 7163 12 11, 0 0 0 1 0 0 0 0 0 0
1513888828.24 11032 7551 5825 2691 3450 5547 47 4580 8 18, 0 0 0 1 0 0 0 0 0 0
1513888829.25 11100 6846 4762 2472 1935 4125 50 4554 20 21, 0 0 0 1 0 0 0 0 0 0
1513888830.25 11080 5944 6733 6490 2905 4251 84 4887 15 15, 0 0 0 1 0 0 0 0 0 0
1513888831.26 11251 4413 9139 13178 6157 5265 79 5488 13 14, 0 0 0 1 0 0 0 0 0 0
1513888832.27 13902 7421 9280 18716 11656 8005 293 6380 20 28, 0 0 0 1 0 0 0 0 0 0
1513888833.27 17576 10348 13054 21709 12937 8653 101 9736 9 16, 0 0 0 1 0 0 0 0 0 0
1513888834.28 25648 15126 17635 22576 11026 11243 81 15973 9 10, 0 0 0 1 0 0 0 0 0 0
1513888835.29 25648 14426 17218 22576 10986 10258 75 15953 11 10, 0 0 0 1 0 0 0 0 0 0
1513888836.31 23676 13114 14097 23978 14095 12565 497 12880 16 22, 0 0 0 1 0 0 0 0 0 0
1513888837.31 24239 13068 9410 19922 15941 13028 1312 14143 21 18, 0 0 0 1 0 0 0 0 0 0
1513888838.32 27489 13296 9155 19740 19444 14734 1587 14763 20 10, 0 0 0 1 0 0 0 0 0 0
1513888839.33 27798 11468 7102 17316 21397 17325 1540 12214 8 19, 0 0 0 1 0 0 0 0 0 0
1513888840.34 25055 11470 7110 17316 19879 16436 1327 10297 18 19, 0 0 0 1 0 0 0 0 0 0
1513888841.36 27740 12055 7800 16486 21002 18617 1234 11991 10 9, 0 0 0 1 0 0 0 0 0 0
1513888842.36 24451 7066 6367 14219 21295 19486 3096 11185 10 10, 0 0 0 1 0 0 0 0 0 0
1513888843.37 18806 6463 5886 11131 19117 19297 3778 9879 12 16, 0 0 0 1 0 0 0 0 0 0
1513888844.37 10683 3831 4501 8787 17029 15828 1360 4882 14 13, 0 0 0 1 0 0 0 0 0 0
1513888845.38 9489 3481 963 4551 12254 12972 72 1752 9 17, 0 0 0 1 0 0 0 0 0 0
1513888846.39 8113 3668 892 2730 9403 10111 60 1746 16 11, 0 0 0 1 0 0 0 0 0 0
1513888847.39 4224 1524 87 937 4500 6329 83 146 15 19, 0 0 0 1 0 0 0 0 0 0
1513888848.4 6302 2901 1139 194 3593 6087 116 2092 20 28, 0 0 0 1 0 0 0 0 0 0
1513888849.4 23418 15470 6189 1007 2003 7452 96 9783 17 29, 0 0 0 1 0 0 0 0 0 0
1513888850.41 24836 19190 10577 7171 5659 8767 638 11158 27 24, 0 0 0 1 0 0 0 0 0 0
1513888851.41 29464 21440 12251 7880 4650 9553 615 13528 16 15, 0 0 0 1 0 0 0 0 0 0
1513888852.43 29464 21440 12251 7880 4650 9553 615 13528 16 15, 0 0 0 1 0 0 0 0 0 0
1513888853.44 23697 16280 9845 11061 4511 7441 1310 14211 9 15, 0 0 0 1 0 0 0 0 0 0
1513888854.45 23697 17625 10559 11061 6371 9371 1221 14818 7 15, 0 0 0 1 0 0 0 0 0 0
1513888855.47 26181 14944 16787 18538 8302 10193 1788 19167 18 18, 0 0 0 1 0 0 0 0 0 0
1513888856.48 29172 15446 16802 15999 8243 14408 1871 18863 10 13, 0 0 0 1 0 0 0 0 0 0
1513888857.49 27587 14123 15099 10826 6252 13098 3011 16122 9 13, 0 0 0 1 0 0 0 0 0 0
1513888858.49 28355 16246 16172 11577 5695 9506 2674 18009 13 6, 0 0 0 1 0 0 0 0 0 0
1513888859.5 23365 12880 16756 10983 7316 9995 1724 16897 7 15, 0 0 0 1 0 0 0 0 0 0
1513888860.51 14976 6977 12759 9320 6187 7544 1643 12105 16 18, 0 0 0 1 0 0 0 0 0 0
1513888861.51 13150 6290 11110 8658 2880 2189 179 10331 13 15, 0 0 0 1 0 0 0 0 0 0
1513888862.52 11933 4027 7764 7463 3170 5047 273 6412 13 17, 0 0 0 1 0 0 0 0 0 0
1513888863.53 14859 3807 5015 7687 7647 12117 1165 5611 21 22, 0 0 0 1 0 0 0 0 0 0
1513888864.54 8337 2414 3784 11682 16010 12631 983 3037 20 37, 0 0 0 1 0 0 0 0 0 0
1513888865.54 9425 1520 6404 13347 16614 13876 1186 7501 10 18, 0 0 0 1 0 0 0 0 0 0
1513888866.55 10166 2384 7790 15380 14497 13150 873 8542 14 18, 0 0 0 1 0 0 0 0 0 0
1513888867.55 10883 2161 7727 16385 14332 14315 1384 9786 13 26, 0 0 0 1 0 0 0 0 0 0
1513888868.57 11043 2299 7730 13473 14611 13038 1096 9805 20 21, 0 0 0 1 0 0 0 0 0 0
1513888869.57 12245 2656 10738 22335 18365 12592 1359 11233 30 25, 0 0 0 1 0 0 0 0 0 0
1513888870.57 10396 1200 9302 26975 20636 11671 1461 9123 29 26, 0 0 0 1 0 0 0 0 0 0
1513888871.58 8522 1627 7639 27931 21072 14963 2054 7243 19 26, 0 0 0 1 0 0 0 0 0 0
1513888872.59 8522 1627 7639 27931 21072 14963 2054 7243 19 26, 0 0 0 1 0 0 0 0 0 0
1513888873.6 9072 1848 10590 29705 28128 19516 1869 7970 14 18, 0 0 0 1 0 0 0 0 0 0
1513888874.61 6427 1167 10902 38482 25737 12016 457 3234 14 12, 0 0 0 1 0 0 0 0 0 0
1513888875.62 5895 1511 9869 32915 25832 11276 630 3293 13 20, 0 0 0 1 0 0 0 0 0 0
1513888876.62 6327 2209 13755 31728 25773 10441 658 3692 24 23, 0 0 0 1 0 0 0 0 0 0
1513888877.63 6608 1810 11141 29809 24514 10480 812 4008 25 29, 0 0 0 1 0 0 0 0 0 0
1513888878.64 7223 2187 11534 26476 24114 8180 228 6110 26 29, 0 0 0 1 0 0 0 0 0 0
1513888879.64 10342 1852 14951 26419 21374 11772 124 8496 34 37, 0 0 0 1 0 0 0 0 0 0
1513888880.65 10939 2244 17698 24332 18100 9422 528 12994 18 30, 0 0 0 1 0 0 0 0 0 0
1513888881.65 11503 2648 18830 23868 15252 6952 259 14513 15 17, 0 0 0 1 0 0 0 0 0 0
1513888882.66 11503 2648 18830 23868 15252 6952 259 14513 15 17, 0 0 0 1 0 0 0 0 0 0
1513888883.67 10822 1897 16399 26595 14016 6509 88 11080 11 15, 0 0 0 1 0 0 0 0 0 0
1513888884.68 9629 1909 16415 26595 13558 6944 86 12365 20 15, 0 0 0 1 0 0 0 0 0 0
1513888885.69 16256 3929 15733 20997 14134 9956 207 14255 11 12, 0 0 0 1 0 0 0 0 0 0
1513888886.69 17427 5693 15327 16688 13898 9369 214 14277 10 12, 0 0 0 1 0 0 0 0 0 0
1513888887.7 16713 4350 12558 12461 12956 11437 429 12614 10 12, 0 0 0 1 0 0 0 0 0 0
1513888888.71 11910 2653 16511 18087 13953 9075 1405 11546 10 10, 0 0 0 1 0 0 0 0 0 0
1513888889.71 9451 2200 18718 23364 16391 9273 3635 12481 8 7, 0 0 0 1 0 0 0 0 0 0
1513888890.72 14521 5160 15611 12767 12853 11315 6288 17842 13 13, 0 0 0 1 0 0 0 0 0 0
1513888891.72 19466 5304 15441 10491 12494 14614 6606 19551 19 19, 0 0 0 1 0 0 0 0 0 0
1513888892.73 19553 4208 11700 7565 11565 15345 5688 15186 15 12, 0 0 0 1 0 0 0 0 0 0
1513888893.74 19553 3903 11767 7565 12778 15341 4819 14268 14 12, 0 0 0 1 0 0 0 0 0 0
1513888894.76 30286 12400 18215 9847 12949 18301 7144 24976 11 12, 0 0 0 1 0 0 0 0 0 0
1513888895.77 26948 9757 14259 10985 11205 17427 2621 17323 21 23, 0 0 0 1 0 0 0 0 0 0
1513888896.77 32300 9688 17360 11213 9901 19059 2885 22212 21 19, 0 0 0 1 0 0 0 0 0 0
1513888897.78 32300 9455 17533 11213 10699 20170 3871 22475 13 19, 0 0 0 1 0 0 0 0 0 0
1513888898.79 30109 9196 22132 16498 12356 20007 2694 23012 20 24, 0 0 0 1 0 0 0 0 0 0
1513888899.81 24206 7476 19399 14133 11947 15371 3175 22378 19 31, 0 0 0 1 0 0 0 0 0 0
1513888900.82 17086 6030 17277 15887 11585 9977 2165 15962 29 29, 0 0 0 1 0 0 0 0 0 0
1513888901.83 25444 7165 20421 21272 12244 12183 2380 20533 33 47, 0 0 0 1 0 0 0 0 0 0
1513888902.84 18946 3073 13939 19020 7953 7966 1394 15336 19 29, 0 0 0 1 0 0 0 0 0 0
1513888903.85 26088 4951 18011 19391 10145 9118 2447 21868 24 35, 0 0 0 1 0 0 0 0 0 0
1513888904.85 27480 4434 23407 24985 10355 11655 2657 24083 27 29, 0 0 0 1 0 0 0 0 0 0
1513888905.85 27012 6144 24379 22712 10529 11696 3537 25749 25 34, 0 0 0 1 0 0 0 0 0 0
1513888906.87 27360 6087 24361 22712 12724 13465 4485 26034 25 34, 0 0 0 1 0 0 0 0 0 0
1513888907.88 30476 8096 23495 21324 13858 17851 4509 27635 27 29, 0 0 0 1 0 0 0 0 0 0
1513888908.89 37958 14898 19168 11047 13868 19701 1322 23897 29 30, 0 0 0 1 0 0 0 0 0 0
1513888909.89 37730 17377 17535 13922 15561 21806 1997 18130 20 21, 0 0 0 1 0 0 0 0 0 0
1513888910.91 37730 17680 17828 13922 15743 22820 1997 18130 13 21, 0 0 0 1 0 0 0 0 0 0
1513888911.92 26867 13302 13203 13096 21752 21551 2337 13739 20 18, 0 0 0 1 0 0 0 0 0 0
1513888912.92 29034 15388 11843 10165 22183 21351 1980 12778 21 21, 0 0 0 1 0 0 0 0 0 0
1513888913.93 21383 14509 8918 11244 21407 20535 2349 6203 17 24, 0 0 0 1 0 0 0 0 0 0
1513888914.94 20273 13646 10016 9387 21568 22349 2959 7581 18 19, 0 0 0 1 0 0 0 0 0 0
1513888915.95 19052 10759 9047 10781 17858 20764 1530 6260 19 16, 0 0 0 1 0 0 0 0 0 0
1513888916.95 14236 6788 5806 6631 11674 16644 826 2641 21 21, 0 0 0 1 0 0 0 0 0 0
1513888917.96 11174 3733 4828 5922 9284 12989 658 3372 22 25, 0 0 0 1 0 0 0 0 0 0
1513888918.96 9752 2638 9811 15413 13995 11227 89 4875 27 28, 0 0 0 1 0 0 0 0 0 0
1513888919.97 7024 925 12569 16692 11726 7511 77 6879 24 31, 0 0 0 1 0 0 0 0 0 0
1513888920.98 6333 546 13191 16380 10228 7622 178 7048 24 49, 0 0 0 1 0 0 0 0 0 0
1513888921.98 5803 1028 13010 16747 8335 5914 1137 8863 30 32, 0 0 0 1 0 0 0 0 0 0
1513888922.99 5803 1028 13010 16747 8335 5914 1137 8863 30 32, 0 0 0 1 0 0 0 0 0 0
1513888924.01 7407 1514 15410 24634 17508 8373 1890 8592 22 29, 0 0 0 1 0 0 0 0 0 0
1513888925.01 10890 4090 17615 31231 18550 9268 950 10207 19 14, 0 0 0 1 0 0 0 0 0 0
1513888926.02 11747 4257 15385 25280 17917 9902 2297 12571 21 17, 0 0 0 1 0 0 0 0 0 0
1513888927.02 10339 4290 13732 21773 20259 9237 1672 9785 9 20, 0 0 0 1 0 0 0 0 0 0
1513888928.16 10339 4766 13324 21773 20568 9913 1672 9785 14 20, 0 0 0 1 0 0 0 0 0 0
1513888929.17 7500 4265 11412 17425 16274 9046 601 4107 11 12, 0 0 0 1 0 0 0 0 0 0
1513888930.17 13820 5690 18312 18096 16529 12536 1296 8878 16 15, 0 0 0 1 0 0 0 0 0 0
1513888931.17 19421 10286 24881 23640 17246 14702 2094 13141 13 13, 0 0 0 1 0 0 0 0 0 0
1513888932.17 20878 10092 25524 24739 19081 16349 3943 17468 30 21, 0 0 0 1 0 0 0 0 0 0
1513888933.18 23603 9303 20125 19646 21612 21995 4817 15711 25 26, 0 0 0 1 0 0 0 0 0 0
1513888934.18 26527 13032 15958 18590 22080 23011 3393 11211 9 18, 0 0 0 1 0 0 0 0 0 0
1513888935.18 20787 6974 7496 10242 14400 19736 1888 5643 24 29, 0 0 0 1 0 0 0 0 0 0
1513888936.18 15915 4301 5382 10121 14305 14826 1592 4051 30 25, 0 0 0 1 0 0 0 0 0 0
1513888937.18 18760 8207 6886 11054 15467 17730 3058 6697 35 35, 0 0 0 1 0 0 0 0 0 0
1513888938.18 8951 4112 3558 6869 9910 9178 134 2571 29 33, 0 0 0 1 0 0 0 0 0 0
1513888939.18 6516 2408 1676 3108 4737 5711 121 2316 24 27, 0 0 0 1 0 0 0 0 0 0
1513888940.18 4996 1525 1200 1665 2712 4495 94 1524 29 31, 0 0 0 1 0 0 0 0 0 0
1513888941.18 3889 831 2034 6476 6901 5414 221 600 19 25, 0 0 0 1 0 0 0 0 0 0
1513888942.18 2931 466 1092 6007 4860 4258 169 254 16 19, 0 0 0 1 0 0 0 0 0 0
1513888943.19 3211 1350 1478 5011 4260 3717 144 495 17 22, 0 0 0 1 0 0 0 0 0 0
1513888944.19 4785 1993 1721 3218 1382 2714 139 1759 27 36, 0 0 0 1 0 0 0 0 0 0
1513888945.2 4785 1994 1719 3218 1191 2228 139 1759 27 36, 0 0 0 1 0 0 0 0 0 0
1513888946.22 19403 4541 14929 7546 3373 7061 1980 19433 15 24, 0 0 0 1 0 0 0 0 0 0
1513888947.22 26306 5024 24546 12474 5741 8321 4821 23420 10 14, 0 0 0 1 0 0 0 0 0 0
1513888948.24 26306 5121 24996 12474 7457 10597 4821 23420 14 14, 0 0 0 1 0 0 0 0 0 0
1513888949.25 24293 6420 26077 12823 12594 20076 3344 17867 14 12, 0 0 0 1 0 0 0 0 0 0
1513888950.25 28298 5098 24481 12767 14217 18994 4219 19469 9 28, 0 0 0 1 0 0 0 0 0 0
1513888951.26 17330 3591 17353 11871 13558 16762 3747 10297 35 31, 0 0 0 1 0 0 0 0 0 0
1513888952.27 16819 4263 13112 16321 17524 19574 3274 7381 33 14, 0 0 0 1 0 0 0 0 0 0
1513888953.27 16090 6992 16539 20509 22676 20597 3560 6773 18 8, 0 0 0 1 0 0 0 0 0 0
1513888954.29 17202 8488 14546 18383 22861 21418 3299 8685 8 8, 0 0 0 1 0 0 0 0 0 0
1513888955.29 19659 10239 9472 14958 21090 21485 2980 7228 7 12, 0 0 0 1 0 0 0 0 0 0
1513888956.3 19890 10688 7652 12870 19186 20357 2466 6002 8 7, 0 0 0 1 0 0 0 0 0 0
1513888957.3 19821 9666 9769 11329 13862 17399 2758 8361 7 12, 0 0 0 1 0 0 0 0 0 0
1513888958.31 17936 7405 11656 12365 13199 15210 1523 11056 6 20, 0 0 0 1 0 0 0 0 0 0
1513888959.32 26971 7660 14258 10158 9708 14245 1188 19796 20 23, 0 0 0 1 0 0 0 0 0 0
1513888960.33 28756 6726 13679 18486 14003 14370 1826 20372 19 17, 0 0 0 1 0 0 0 0 0 0
1513888961.33 23976 5705 10313 15897 11395 12400 1253 15812 18 30, 0 0 0 1 0 0 0 0 0 0
1513888962.34 20245 6254 12899 12976 13660 11999 1085 15691 19 18, 0 0 0 1 0 0 0 0 0 0
1513888963.34 21010 6315 15521 15116 10590 12217 2325 15266 12 11, 0 0 0 1 0 0 0 0 0 0
1513888964.35 21484 4746 17370 16638 10864 12965 2630 16339 12 24, 0 0 0 1 0 0 0 0 0 0
1513888965.36 21484 5294 17215 16133 10744 11530 2708 14393 18 24, 0 0 0 1 0 0 0 0 0 0
1513888966.37 17417 2548 16509 16418 9888 12202 2812 13201 17 23, 0 0 0 1 0 0 0 0 0 0
1513888967.37 13232 1896 12174 9134 9337 11524 2707 9875 19 22, 0 0 0 1 0 0 0 0 0 0
1513888968.38 10939 1934 12401 10564 9828 12213 2145 8313 15 19, 0 0 0 1 0 0 0 0 0 0
1513888969.39 13655 2445 15041 11746 11398 12205 1555 8222 14 13, 0 0 0 1 0 0 0 0 0 0
1513888970.39 10448 2864 14474 14788 11901 9916 815 8421 14 14, 0 0 0 1 0 0 0 0 0 0
1513888971.4 13139 2884 11047 13992 13249 12697 96 7718 10 12, 0 0 0 1 0 0 0 0 0 0
1513888972.4 13817 2849 10943 14244 13356 13336 102 8809 9 10, 0 0 0 1 0 0 0 0 0 0
1513888973.41 13651 4308 12476 16842 13597 13362 95 10113 12 22, 0 0 0 1 0 0 0 0 0 0
1513888974.42 19109 6284 12555 16178 15058 15735 71 10289 17 18, 0 0 0 1 0 0 0 0 0 0
1513888975.43 17291 6020 9941 17392 17770 16426 72 7627 13 10, 0 0 0 1 0 0 0 0 0 0
1513888976.48 17029 6009 10954 14474 15873 16487 56 7809 12 15, 0 0 0 1 0 0 0 0 0 0
1513888977.48 17198 6460 8554 12617 15158 16292 62 5784 9 8, 0 0 0 1 0 0 0 0 0 0
1513888978.48 16769 7329 5133 10993 15522 15897 53 3093 12 11, 0 0 0 1 0 0 0 0 0 0
1513888979.48 15145 5061 8094 16786 18445 16792 102 5224 17 29, 0 0 0 1 0 0 0 0 0 0
1513888980.48 14437 3800 6870 18311 17778 17872 151 5335 26 29, 0 0 0 1 0 0 0 0 0 0
1513888981.48 15562 6056 8175 18890 15362 15853 128 6312 19 25, 0 0 0 1 0 0 0 0 0 0
1513888982.48 19206 10338 9360 14872 11694 14563 157 9166 19 20, 0 0 0 1 0 0 0 0 0 0
1513888983.49 23028 14075 8742 15796 9171 15653 478 12116 17 22, 0 0 0 1 0 0 0 0 0 0
1513888984.49 25968 13704 8350 13647 10952 13465 1469 14221 15 10, 0 0 0 1 0 0 0 0 0 0
1513888985.5 26543 16359 6684 10069 11603 15222 928 10782 12 9, 0 0 0 1 0 0 0 0 0 0
1513888986.51 27951 17615 6787 9310 11148 17587 1813 12243 13 17, 0 0 0 1 0 0 0 0 0 0
1513888987.52 32899 20059 7149 8479 12501 18905 3280 13257 15 18, 0 0 0 1 0 0 0 0 0 0
1513888988.53 34373 20088 10951 9489 13951 20026 342 14428 14 15, 0 0 0 1 0 0 0 0 0 0
1513888989.54 37014 20293 12489 6914 8781 15825 1325 18588 9 14, 0 0 0 1 0 0 0 0 0 0
1513888990.54 33477 18912 9647 4043 8223 15615 795 13550 9 8, 0 0 0 1 0 0 0 0 0 0
1513888991.54 34763 22426 11515 2853 5898 12791 1520 15955 9 4, 0 0 0 1 0 0 0 0 0 0
1513888992.55 33236 21335 10258 647 4205 13545 1335 15446 9 6, 0 0 0 1 0 0 0 0 0 0
1513888993.57 32858 20150 10614 991 5035 13269 480 15260 6 9, 0 0 0 1 0 0 0 0 0 0
1513888994.57 31513 21438 9748 1548 4399 10820 63 12400 11 14, 0 0 0 1 0 0 0 0 0 0
1513888995.58 32729 21762 12178 2245 4398 10921 54 15856 11 14, 0 0 0 1 0 0 0 0 0 0
1513888996.58 33172 20699 11979 1681 3937 10635 69 17236 9 9, 0 0 0 1 0 0 0 0 0 0
1513888997.58 29216 18453 11241 1941 3512 8675 72 17369 11 20, 0 0 0 1 0 0 0 0 0 0
1513888998.59 29216 18321 11113 1941 3182 8775 72 17369 7 20, 0 0 0 1 0 0 0 0 0 0
1513888999.68 31035 18385 11822 2078 4213 11505 81 17806 16 11, 0 0 0 1 0 0 0 0 0 0
1513889000.69 31855 17913 9419 1727 4047 12129 90 15609 27 23, 0 0 0 1 0 0 0 0 0 0
1513889001.7 25193 12955 9300 1642 3126 10594 83 13715 8 15, 0 0 0 1 0 0 0 0 0 0
1513889002.71 22401 9009 8820 2708 4504 11502 164 12275 11 12, 0 0 0 1 0 0 0 0 0 0
1513889003.72 17907 6085 4294 2128 7360 13569 1338 8886 15 18, 0 0 0 1 0 0 0 0 0 0
1513889004.74 16421 5238 2447 3044 9675 14730 560 5697 10 11, 0 0 0 1 0 0 0 0 0 0
1513889005.75 8406 2570 1726 3858 9223 10579 69 2418 8 15, 0 0 0 1 0 0 0 0 0 0
1513889006.76 6712 2494 960 3636 8619 8469 57 1671 17 16, 0 0 0 1 0 0 0 0 0 0
1513889007.77 5103 1750 252 2636 7782 7915 66 318 15 11, 0 0 0 1 0 0 0 0 0 0
1513889008.77 4825 2191 1172 1546 6334 6571 67 1166 20 23, 0 0 0 1 0 0 0 0 0 0
1513889009.79 7425 4495 3410 2529 5257 6230 126 3416 14 21, 0 0 0 1 0 0 0 0 0 0
1513889010.8 6886 5047 3314 2027 4028 4777 188 2561 20 29, 0 0 0 1 0 0 0 0 0 0
1513889011.81 8291 7899 5964 2231 1872 3146 207 3799 19 24, 0 0 0 1 0 0 0 0 0 0
1513889012.81 16511 14027 10354 7073 3012 5486 388 6486 18 23, 0 0 0 1 0 0 0 0 0 0
1513889013.83 16511 13671 10372 7073 3770 7038 693 6855 29 23, 0 0 0 1 0 0 0 0 0 0
1513889014.84 16018 10208 15520 10479 5137 7963 1401 7734 20 20, 0 0 0 1 0 0 0 0 0 0
1513889015.85 21294 11874 14308 10078 4768 7505 612 11548 11 13, 0 0 0 1 0 0 0 0 0 0
1513889016.86 23170 13959 16307 11339 7578 9706 125 12628 11 9, 0 0 0 1 0 0 0 0 0 0
1513889017.86 22489 10635 16987 10448 7494 10263 62 14143 10 13, 0 0 0 1 0 0 0 0 0 0
1513889018.87 26529 13277 20029 16622 9839 8891 126 18389 11 12, 0 0 0 1 0 0 0 0 0 0
1513889019.88 25207 9622 25487 19672 10812 9639 178 18804 13 19, 0 0 0 1 0 0 0 0 0 0
1513889020.88 20055 10535 24783 21211 10412 4511 74 19508 21 26, 0 0 0 1 0 0 0 0 0 0
1513889021.89 19776 8516 25577 26474 15827 6429 74 20239 27 26, 0 0 0 1 0 0 0 0 0 0
1513889022.91 19776 8516 25577 26474 15827 6429 74 20239 27 26, 0 0 0 1 0 0 0 0 0 0
1513889023.92 18088 8370 24422 26554 17254 8329 77 17603 12 15, 0 0 0 1 0 0 0 0 0 0
1513889024.93 8101 3995 16302 23979 15119 10018 168 9350 9 21, 0 0 0 1 0 0 0 0 0 0
1513889025.93 5639 1945 11552 26315 11922 6916 121 5516 17 18, 0 0 0 1 0 0 0 0 0 0
1513889026.94 5187 1292 13618 27086 12742 6638 80 5161 16 24, 0 0 0 1 0 0 0 0 0 0
1513889027.95 5953 2295 9836 25291 12500 6371 321 4741 9 10, 0 0 0 1 0 0 0 0 0 0
1513889028.99 5953 1426 9559 25291 12500 6371 321 4741 9 10, 0 0 0 1 0 0 0 0 0 0
1513889030.0 6773 1628 8218 24339 10692 5410 82 6130 8 8, 0 0 0 1 0 0 0 0 0 0
1513889031.0 6385 2335 12485 22660 9248 5617 532 5738 0 4, 0 0 0 1 0 0 0 0 0 0
1513889032.04 6385 2335 12485 22660 9248 5617 532 5738 0 4, 0 0 0 1 0 0 0 0 0 0
1513889033.07 6500 2528 11810 18254 9229 6008 607 5894 6 6, 0 0 0 1 0 0 0 0 0 0
1513889034.1 5599 1131 7133 11652 7096 5070 1115 4200 9 7, 0 0 0 1 0 0 0 0 0 0
1513889035.12 5241 1523 7319 11713 6243 3891 809 5496 7 12, 0 0 0 1 0 0 0 0 0 0
1513889036.14 9610 5131 12307 14029 10127 6256 1585 8373 4 13, 0 0 0 1 0 0 0 0 0 0
1513889037.16 14936 8290 14589 13754 10545 5991 2361 12556 9 14, 0 0 0 1 0 0 0 0 0 0
1513889038.19 14571 7291 12677 12896 10338 6353 1530 11504 8 7, 0 0 0 1 0 0 0 0 0 0
1513889039.21 9021 4768 7610 9000 6891 3857 57 6396 11 11, 0 0 0 1 0 0 0 0 0 0
1513889040.23 6791 3967 3415 2996 3797 3086 70 4040 10 13, 0 0 0 1 0 0 0 0 0 0
1513889041.24 5294 3423 3654 1457 1069 798 77 4341 16 29, 0 0 0 1 0 0 0 0 0 0
1513889042.24 5323 3006 3336 1490 833 570 70 4411 17 16, 0 0 0 1 0 0 0 0 0 0
1513889043.25 2961 1827 2144 1073 880 591 72 2594 27 35, 0 0 0 1 0 0 0 0 0 0
1513889044.26 2961 1835 2061 1054 929 669 69 2594 27 30, 0 0 0 1 0 0 0 0 0 0
1513889045.27 1409 981 1222 351 306 465 93 1235 17 21, 0 0 0 1 0 0 0 0 0 0
1513889046.28 1409 988 1223 351 238 388 106 1269 21 21, 0 0 0 1 0 0 0 0 0 0
1513889047.29 486 257 308 95 120 290 86 365 11 20, 0 0 0 1 0 0 0 0 0 0
1513889048.32 266 63 119 112 157 336 105 170 20 15, 0 0 0 1 0 0 0 0 0 0
1513889049.32 1940 277 693 69 114 1001 122 1348 13 8, 0 0 0 1 0 0 0 0 0 0
1513889050.35 1940 286 686 69 662 1591 140 1391 6 8, 0 0 0 1 0 0 0 0 0 0
1513889051.35 16230 5743 4981 3365 3408 6940 1251 9683 15 14, 0 0 0 1 0 0 0 0 0 0
1513889052.35 20656 10828 4883 7845 10955 10772 1736 9019 8 11, 0 0 0 1 0 0 0 0 0 0
1513889053.36 22095 10828 4883 7845 10955 11826 1736 9019 8 11, 0 0 0 1 0 0 0 0 0 0
1513889054.38 24897 12319 4429 7851 12539 13462 1445 6749 8 11, 0 0 0 1 0 0 0 0 0 0
1513889055.39 27631 12546 7218 10932 15421 17137 1699 11957 12 14, 0 0 0 1 0 0 0 0 0 0
1513889056.4 25685 9863 5258 6271 12235 15602 1050 9194 13 10, 0 0 0 1 0 0 0 0 0 0
1513889057.41 24992 8631 4782 4229 11605 15831 840 8999 12 14, 0 0 0 1 0 0 0 0 0 0
1513889058.42 27426 9292 4666 1433 10896 19591 1035 9986 16 20, 0 0 0 1 0 0 0 0 0 0
1513889059.42 24179 7736 6006 842 9884 18139 1061 13309 15 14, 0 0 0 1 0 0 0 0 0 0
1513889060.43 16527 5419 2685 529 8317 15994 49 5386 13 7, 0 0 0 1 0 0 0 0 0 0
1513889061.43 8750 3739 1038 116 4032 7991 60 1987 12 16, 0 0 0 1 0 0 0 0 0 0
1513889062.43 6724 2299 1875 2741 6482 6612 591 2880 15 12, 0 0 0 1 0 0 0 0 0 0
1513889063.45 6724 2299 1875 2741 6482 6612 591 2880 15 12, 0 0 0 1 0 0 0 0 0 0
1513889064.46 11775 3068 6109 12422 11875 8741 963 7316 10 6, 0 0 0 1 0 0 0 0 0 0
1513889065.46 16067 6536 16886 20550 17430 9509 1826 16820 4 4, 0 0 0 1 0 0 0 0 0 0
1513889066.46 16067 6536 16886 20550 17430 9509 1826 16820 4 4, 0 0 0 1 0 0 0 0 0 0
1513889067.47 16412 4962 15012 19414 17706 13820 1504 15915 7 10, 0 0 0 1 0 0 0 0 0 0
1513889068.49 23511 8609 21899 35086 28635 21535 1698 21576 13 12, 0 0 0 1 0 0 0 0 0 0
1513889069.5 21954 7337 19060 21880 17421 16239 3199 20531 16 17, 0 0 0 1 0 0 0 0 0 0
1513889070.52 16986 6079 13859 18050 13906 15366 4122 14544 12 10, 0 0 0 1 0 0 0 0 0 0
1513889071.53 15719 4781 13641 19063 17911 17266 2988 11662 15 13, 0 0 0 1 0 0 0 0 0 0
1513889072.54 7374 2699 6208 9422 10812 10984 2986 5376 14 22, 0 0 0 1 0 0 0 0 0 0
1513889073.54 9723 3164 6765 10231 12251 14632 4230 6867 16 14, 0 0 0 1 0 0 0 0 0 0
1513889074.55 5083 1620 2175 5616 8417 9634 2159 3112 10 13, 0 0 0 1 0 0 0 0 0 0
1513889075.55 12004 3857 10615 12779 12491 13252 3909 9645 19 15, 0 0 0 1 0 0 0 0 0 0
1513889076.56 14171 4195 17051 15906 13262 9646 1807 13333 17 12, 0 0 0 1 0 0 0 0 0 0
1513889077.57 15837 2496 16542 14513 17177 15190 1299 12412 15 15, 0 0 0 1 0 0 0 0 0 0
1513889078.57 19613 3101 14919 14022 11283 11548 1193 13350 15 12, 0 0 0 1 0 0 0 0 0 0
1513889079.58 13587 2104 14887 14457 6756 7457 1323 9418 12 15, 0 0 0 1 0 0 0 0 0 0
1513889080.59 16074 2141 15447 16233 8103 10820 1621 11833 2 4, 0 0 0 1 0 0 0 0 0 0
1513889081.6 21090 5964 16332 21742 18495 17999 1351 9803 5 14, 0 0 0 1 0 0 0 0 0 0
1513889082.61 20493 5193 10580 16152 12535 14665 2512 9872 7 9, 0 0 0 1 0 0 0 0 0 0
1513889083.62 18811 4023 7681 13643 9432 12696 2942 8852 7 9, 0 0 0 1 0 0 0 0 0 0
1513889084.64 23077 6437 7435 11080 10943 15844 2477 12296 12 13, 0 0 0 1 0 0 0 0 0 0
1513889085.65 21407 4562 6019 7389 9812 15910 3266 12621 9 14, 0 0 0 1 0 0 0 0 0 0
1513889086.67 18757 3923 7451 7115 8859 14135 2769 12528 11 13, 0 0 0 1 0 0 0 0 0 0
1513889087.68 19665 3379 6074 4283 6821 12501 1810 12925 11 11, 0 0 0 1 0 0 0 0 0 0
1513889088.68 17511 2535 7830 5968 7077 11839 1418 13185 14 16, 0 0 0 1 0 0 0 0 0 0
1513889089.7 18712 2710 11448 11238 12035 15734 1110 14147 14 14, 0 0 0 1 0 0 0 0 0 0
1513889090.71 21316 3156 9812 11672 11493 15228 953 13861 20 28, 0 0 0 1 0 0 0 0 0 0
1513889091.74 23678 3680 12029 12336 8743 13295 1003 17139 18 26, 0 0 0 1 0 0 0 0 0 0
1513889092.77 27133 5819 14149 12280 11562 15769 1502 21783 17 21, 0 0 0 1 0 0 0 0 0 0
1513889093.78 26319 3674 17332 11451 11247 17221 1680 26712 12 11, 0 0 0 1 0 0 0 0 0 0
1513889094.79 25116 5235 13521 13223 12526 16080 604 18690 9 18, 0 0 0 1 0 0 0 0 0 0
1513889095.82 28605 5378 12428 12030 10881 14970 895 20158 10 11, 0 0 0 1 0 0 0 0 0 0
1513889096.83 27449 6599 12886 13990 12084 15839 81 17558 10 13, 0 0 0 1 0 0 0 0 0 0
1513889097.84 26863 5302 11777 15090 11401 13201 53 17295 8 17, 0 0 0 1 0 0 0 0 0 0
1513889098.85 24836 5225 11611 15931 11638 12139 36 15947 10 17, 0 0 0 1 0 0 0 0 0 0
1513889099.85 21799 2272 6998 13364 8712 9886 56 10632 12 12, 0 0 0 1 0 0 0 0 0 0
1513889100.87 24513 3956 7620 11352 8705 12488 58 13014 14 22, 0 0 0 1 0 0 0 0 0 0
1513889101.88 21455 4414 5415 13312 8321 11856 61 8281 14 15, 0 0 0 1 0 0 0 0 0 0
1513889102.89 17861 2458 2948 11466 5732 7809 55 6978 17 26, 0 0 0 1 0 0 0 0 0 0
1513889103.9 23938 5449 6439 11730 7866 10440 95 11659 21 21, 0 0 0 1 0 0 0 0 0 0
1513889104.91 25006 7196 9369 13339 11455 12123 339 16454 14 18, 0 0 0 1 0 0 0 0 0 0
1513889105.91 28248 9203 11573 13481 12000 14127 489 17705 19 21, 0 0 0 1 0 0 0 0 0 0
1513889106.93 25055 5357 8419 16906 16152 15867 194 14434 22 23, 0 0 0 1 0 0 0 0 0 0
1513889107.94 25845 6068 9629 13722 13845 14729 60 15519 15 14, 0 0 0 1 0 0 0 0 0 0
1513889108.95 23738 3867 7951 14052 15372 15767 312 13604 9 13, 0 0 0 1 0 0 0 0 0 0
1513889109.96 25847 5781 14956 19502 16492 17662 280 14166 7 13, 0 0 0 1 0 0 0 0 0 0
1513889110.98 20596 4482 18876 17349 11672 14808 1674 14075 14 14, 0 0 0 1 0 0 0 0 0 0
1513889112.0 20724 5025 22367 20008 13159 18195 2724 15379 9 10, 0 0 0 1 0 0 0 0 0 0
1513889113.02 16649 4381 17457 14503 12130 14533 1841 13324 5 9, 0 0 0 1 0 0 0 0 0 0
1513889114.04 14706 3202 12549 12337 10668 10610 1977 11921 10 11, 0 0 0 1 0 0 0 0 0 0
1513889115.05 15357 2145 11827 10859 7489 8226 2917 15345 15 17, 0 0 0 1 0 0 0 0 0 0
1513889116.07 31430 4570 15245 12881 9425 11584 6392 32780 17 15, 0 0 0 1 0 0 0 0 0 0
1513889117.09 38452 10709 28439 20181 11456 18289 8101 37304 6 29, 0 0 0 1 0 0 0 0 0 0
1513889118.12 26399 7072 11114 13148 11277 12354 1943 20142 15 20, 0 0 0 1 0 0 0 0 0 0
1513889119.12 26104 8464 9441 11548 11469 12343 82 16238 10 14, 0 0 0 1 0 0 0 0 0 0
1513889120.13 22131 7987 9356 7926 10433 12060 116 13515 9 14, 0 0 0 1 0 0 0 0 0 0
1513889121.15 22131 7959 9360 7926 8899 11441 159 13547 7 14, 0 0 0 1 0 0 0 0 0 0
1513889122.15 20409 5402 9280 4711 4749 9236 59 15623 10 16, 0 0 0 1 0 0 0 0 0 0
1513889123.15 20409 5402 9664 5044 4749 9265 168 15710 10 28, 0 0 0 1 0 0 0 0 0 0
1513889124.15 19294 3668 6567 6073 5311 9355 168 12081 14 29, 0 0 0 1 0 0 0 0 0 0
1513889125.16 19356 2582 6910 10805 6837 7346 440 10760 14 23, 0 0 0 1 0 0 0 0 0 0
1513889126.17 21729 4159 10212 10508 7486 9192 785 13956 12 22, 0 0 0 1 0 0 0 0 0 0
1513889127.18 23822 5100 9209 11706 9504 12073 609 13091 12 16, 0 0 0 1 0 0 0 0 0 0
1513889128.19 26826 3110 6958 11305 7878 9378 800 13194 12 15, 0 0 0 1 0 0 0 0 0 0
1513889129.22 28254 5471 7514 13423 9969 11019 953 14063 8 18, 0 0 0 1 0 0 0 0 0 0
1513889130.22 21736 3135 4522 12476 8620 9479 1131 9825 17 17, 0 0 0 1 0 0 0 0 0 0
1513889131.23 21503 3101 3763 11450 10379 11544 293 8904 9 14, 0 0 0 1 0 0 0 0 0 0
1513889132.24 22908 3469 4593 11886 9378 12054 1282 9657 9 14, 0 0 0 1 0 0 0 0 0 0
1513889133.25 21889 5510 5614 10119 9189 14186 1696 9810 11 15, 0 0 0 1 0 0 0 0 0 0
1513889134.26 20775 6908 6876 9986 10224 15353 2779 8813 7 16, 0 0 0 1 0 0 0 0 0 0
1513889135.27 16553 5720 7934 8871 10760 15971 3366 9073 8 12, 0 0 0 1 0 0 0 0 0 0
1513889136.28 14673 4133 3700 7762 9208 13925 2398 5060 7 12, 0 0 0 1 0 0 0 0 0 0
1513889137.3 12405 4715 3159 5620 9531 13730 1664 3228 8 18, 0 0 0 1 0 0 0 0 0 0
1513889138.3 12932 3247 3565 11157 12449 13035 398 2152 7 8, 0 0 0 1 0 0 0 0 0 0
1513889139.31 13185 3600 6322 12551 12859 13787 58 1934 12 15, 0 0 0 1 0 0 0 0 0 0
1513889140.33 12093 3309 5375 11542 14402 13607 70 1971 14 16, 0 0 0 1 0 0 0 0 0 0
1513889141.34 9603 2248 6282 12901 12050 10998 61 3239 6 8, 0 0 0 1 0 0 0 0 0 0
1513889142.34 12137 1476 7939 18120 12837 11147 60 7464 7 13, 0 0 0 1 0 0 0 0 0 0
1513889143.35 20259 4673 9061 16831 15493 16280 48 11057 7 14, 0 0 0 1 0 0 0 0 0 0
1513889144.36 14340 2584 6273 15660 12264 12528 728 9431 7 6, 0 0 0 1 0 0 0 0 0 0
1513889145.36 13113 1876 4360 16139 9753 11588 1458 8613 9 8, 0 0 0 1 0 0 0 0 0 0
1513889146.38 16781 2738 8830 14489 11493 11487 2260 15590 16 17, 0 0 0 1 0 0 0 0 0 0
1513889147.41 13608 2640 8645 9678 9198 7942 1046 13925 8 14, 0 0 0 1 0 0 0 0 0 0
1513889148.41 8029 1396 6000 5477 3805 4305 133 7370 10 17, 0 0 0 1 0 0 0 0 0 0
1513889149.42 2810 853 1397 1728 1953 1857 100 1786 15 19, 0 0 0 1 0 0 0 0 0 0
1513889150.43 6828 1781 2457 3844 7448 9138 1023 3222 24 29, 0 0 0 1 0 0 0 0 0 0
1513889151.43 14223 3091 4425 3996 11016 13627 2804 10095 16 29, 0 0 0 1 0 0 0 0 0 0
1513889152.44 18884 2651 3789 4648 13162 14769 2316 11157 24 29, 0 0 0 1 0 0 0 0 0 0
1513889153.45 16528 2289 2136 2277 13194 13528 1723 8558 20 33, 0 0 0 1 0 0 0 0 0 0
1513889154.46 22216 3272 3554 2458 14754 20171 2969 11098 10 14, 0 0 0 1 0 0 0 0 0 0
1513889155.46 17353 2739 4536 1978 12632 18189 4636 11807 12 13, 0 0 0 1 0 0 0 0 0 0
1513889156.47 12619 2248 3349 1833 10085 15448 2861 7549 15 23, 0 0 0 1 0 0 0 0 0 0
1513889157.48 14665 2843 5972 2372 9047 13222 3958 12366 14 25, 0 0 0 1 0 0 0 0 0 0
1513889158.49 8348 2440 6123 3986 5695 6901 2337 7701 12 17, 0 0 0 1 0 0 0 0 0 0
1513889159.5 6203 1770 4495 2474 4136 4917 2079 6073 9 20, 0 0 0 1 0 0 0 0 0 0
1513889160.51 3652 1591 3211 2267 3206 3438 1196 3801 10 22, 0 0 0 1 0 0 0 0 0 0
1513889161.52 7350 2448 9851 2773 1065 782 473 12038 13 22, 0 0 0 1 0 0 0 0 0 0
1513889162.53 7245 1460 8891 2167 640 474 132 12063 13 20, 0 0 0 1 0 0 0 0 0 0
1513889163.53 6069 1217 9092 2053 550 581 164 10987 15 24, 0 0 0 1 0 0 0 0 0 0
1513889164.54 9173 2106 9187 1604 3975 6477 875 10556 16 14, 0 0 0 1 0 0 0 0 0 0
1513889165.55 10001 1905 9522 2439 5558 8845 737 9364 16 22, 0 0 0 1 0 0 0 0 0 0
1513889166.56 11793 2555 7113 1377 6434 9166 142 10242 9 13, 0 0 0 1 0 0 0 0 0 0
1513889167.57 11456 2935 3823 653 6373 10216 107 5584 19 22, 0 0 0 1 0 0 0 0 0 0
1513889168.59 13840 2631 8058 6537 9095 11424 487 7795 20 33, 0 0 0 1 0 0 0 0 0 0
1513889169.6 18707 5010 17657 17549 12464 13352 219 10680 13 22, 0 0 0 1 0 0 0 0 0 0
1513889170.61 12036 2220 7393 11282 13040 12780 1052 5581 21 31, 0 0 0 1 0 0 0 0 0 0
1513889171.62 15744 3477 6915 16376 19498 16468 1975 5642 14 19, 0 0 0 1 0 0 0 0 0 0
1513889172.64 10046 2729 7865 20378 18827 14487 1673 2403 12 15, 0 0 0 1 0 0 0 0 0 0
1513889173.65 11197 2834 9043 19048 18145 15286 3154 5462 13 17, 0 0 0 1 0 0 0 0 0 0
1513889174.66 22001 6028 16131 27407 29278 22936 3276 10981 18 131, 0 0 0 1 0 0 0 0 0 0
1513889175.68 13875 3021 9265 17458 19136 18351 2425 7091 16 64, 0 0 0 1 0 0 0 0 0 0
1513889176.7 14249 3778 10239 18657 21283 17565 2365 7481 13 17, 0 0 0 1 0 0 0 0 0 0
1513889177.71 9547 2387 7896 16279 20052 15450 1569 5510 22 29, 0 0 0 1 0 0 0 0 0 0
1513889178.73 6820 1997 4600 11973 15890 11476 557 2602 23 25, 0 0 0 1 0 0 0 0 0 0
1513889179.75 6693 2230 2969 8842 13972 10417 86 2616 15 19, 0 0 0 1 0 0 0 0 0 0
1513889180.77 11619 3115 2282 6613 13154 13630 170 4632 23 27, 0 0 0 1 0 0 0 0 0 0
1513889181.77 10379 2069 2250 5899 11209 10483 89 5480 28 34, 0 0 0 1 0 0 0 0 0 0
1513889182.79 8681 1705 2225 5429 10696 8484 94 5579 15 29, 0 0 0 1 0 0 0 0 0 0
1513889183.81 6308 1050 520 3174 8013 8973 235 1504 16 127, 0 0 0 1 0 0 0 0 0 0
1513889184.81 14362 4726 4314 8687 11729 13425 577 3818 15 17, 0 0 0 1 0 0 0 0 0 0
1513889185.89 14362 4163 3698 8687 14529 15752 577 3818 14 17, 0 0 0 1 0 0 0 0 0 0
1513889186.9 12399 2994 2285 9914 16915 18860 57 2126 13 26, 0 0 0 1 0 0 0 0 0 0
1513889187.91 12399 2849 2222 9914 17325 18850 57 2126 15 26, 0 0 0 1 0 0 0 0 0 0
1513889188.93 15555 3114 4529 11271 19700 18768 275 6196 16 20, 0 0 0 1 0 0 0 0 0 0
1513889189.94 22320 4327 6789 8466 16537 20150 96 11991 15 17, 0 0 0 1 0 0 0 0 0 0
1513889191.0 29120 6704 6136 6530 13522 20207 60 13012 14 25, 0 0 0 1 0 0 0 0 0 0
1513889192.02 26641 4944 3895 3845 14527 18930 70 11942 10 11, 0 0 0 1 0 0 0 0 0 0
1513889193.05 23039 4390 1107 2510 10981 16137 68 7177 13 14, 0 0 0 1 0 0 0 0 0 0
1513889194.06 25486 5285 2833 3709 12949 18638 52 8015 19 18, 0 0 0 1 0 0 0 0 0 0
1513889195.08 24588 3763 2837 4267 12809 14185 304 8534 21 24, 0 0 0 1 0 0 0 0 0 0
1513889196.11 19397 4298 3663 7568 14384 15046 867 7733 21 21, 0 0 0 1 0 0 0 0 0 0
1513889197.12 23233 4331 5121 6598 14647 19273 2255 9344 17 134, 0 0 0 1 0 0 0 0 0 0
1513889198.13 22755 4332 5380 7964 16130 18499 1781 9243 14 44, 0 0 0 1 0 0 0 0 0 0
1513889199.13 23716 5422 9328 13731 15211 16443 945 12152 13 22, 0 0 0 1 0 0 0 0 0 0
1513889200.17 23716 5422 9328 13731 15211 16443 945 12152 13 22, 0 0 0 1 0 0 0 0 0 0
1513889201.18 17427 2841 5595 10075 11540 11706 652 8017 13 20, 0 0 0 1 0 0 0 0 0 0
1513889202.2 20411 1689 5575 10451 8844 9679 1003 12451 14 21, 0 0 0 1 0 0 0 0 0 0
1513889203.24 8068 1168 3306 5845 3998 4740 575 3843 8 13, 0 0 0 1 0 0 0 0 0 0
1513889204.26 13940 2796 2577 5449 3540 7070 1007 5690 13 17, 0 0 0 1 0 0 0 0 0 0
1513889205.27 22235 7658 5503 6825 4537 11410 1116 7470 13 17, 0 0 0 1 0 0 0 0 0 0
1513889206.29 23010 10354 6153 9765 7629 14024 65 5495 9 13, 0 0 0 1 0 0 0 0 0 0
1513889207.31 21874 11677 5016 8904 9245 14679 191 3064 14 17, 0 0 0 1 0 0 0 0 0 0
1513889208.34 22017 10396 6162 8707 7883 15772 606 4780 7 13, 0 0 0 1 0 0 0 0 0 0
1513889209.35 29165 12368 8380 12048 9268 17271 1280 9476 20 20, 0 0 0 1 0 0 0 0 0 0
1513889210.37 30915 13485 14365 14193 11108 15561 1647 18406 13 14, 0 0 0 1 0 0 0 0 0 0
1513889211.39 29084 12585 13289 14771 10546 14013 1290 15558 16 24, 0 0 0 1 0 0 0 0 0 0
1513889212.39 30071 13265 14051 17674 13004 14332 1099 15616 24 24, 0 0 0 1 0 0 0 0 0 0
1513889213.4 25349 8722 9544 15788 12536 16188 460 10618 33 36, 0 0 0 1 0 0 0 0 0 0
1513889214.42 23072 9584 6572 14160 12831 16998 274 5642 19 23, 0 0 0 1 0 0 0 0 0 0
1513889215.43 25011 10196 12232 17283 18273 20715 456 8904 10 18, 0 0 0 1 0 0 0 0 0 0
1513889216.45 26205 8562 8264 14058 15584 23354 390 6330 14 27, 0 0 0 1 0 0 0 0 0 0
1513889217.52 27957 9989 10562 17249 17664 23960 58 8013 8 13, 0 0 0 1 0 0 0 0 0 0
1513889218.55 24617 9436 11179 17804 16992 21882 59 7497 13 19, 0 0 0 1 0 0 0 0 0 0
1513889219.6 24236 7250 9601 15032 13840 18823 89 9887 11 16, 0 0 0 1 0 0 0 0 0 0
1513889220.64 23587 4824 14098 15567 15697 19919 100 15863 15 18, 0 0 0 1 0 0 0 0 0 0
1513889221.68 13694 2044 4450 11626 7332 11664 111 6409 20 18, 0 0 0 1 0 0 0 0 0 0
1513889222.68 27535 5335 9416 15807 9178 14195 528 13600 13 21, 0 0 0 1 0 0 0 0 0 0
1513889223.69 26508 3703 7048 16302 8307 14905 778 10364 17 15, 0 0 0 1 0 0 0 0 0 0
1513889224.73 23589 3707 7051 16302 10024 14641 731 8433 19 15, 0 0 0 1 0 0 0 0 0 0
1513889225.74 23348 4375 9904 16634 12555 18353 1169 10550 9 19, 0 0 0 1 0 0 0 0 0 0
1513889226.75 22537 2815 7663 16581 10952 15926 2124 11377 7 7, 0 0 0 1 0 0 0 0 0 0
1513889227.76 22537 2815 8572 15779 10952 15886 1865 11377 7 11, 0 0 0 1 0 0 0 0 0 0
1513889228.78 32033 4364 13006 18299 15687 24343 1824 17821 12 12, 0 0 0 1 0 0 0 0 0 0
1513889229.8 19696 4660 8991 12815 11231 16449 1117 9643 10 17, 0 0 0 1 0 0 0 0 0 0
1513889230.81 18227 5278 5981 5372 9271 13958 66 9711 14 14, 0 0 0 1 0 0 0 0 0 0
1513889231.82 17880 5389 5315 3786 8349 13362 452 10286 15 13, 0 0 0 1 0 0 0 0 0 0
1513889232.86 22656 4513 4410 3359 7734 14631 1016 12200 20 25, 0 0 0 1 0 0 0 0 0 0
1513889233.87 26185 4784 4797 307 3539 10849 763 14367 9 12, 0 0 0 1 0 0 0 0 0 0
1513889234.9 29038 6102 3038 2890 2728 9648 1369 13234 10 16, 0 0 0 1 0 0 0 0 0 0
1513889235.93 34346 11544 5996 1851 6373 14083 1005 14869 14 13, 0 0 0 1 0 0 0 0 0 0
1513889236.97 33734 11214 6349 2906 3981 11030 498 13976 7 15, 0 0 0 1 0 0 0 0 0 0
1513889237.98 31958 11459 4949 1620 2599 10260 70 12100 6 15, 0 0 0 1 0 0 0 0 0 0
1513889239.01 28391 9797 4494 1055 2967 10892 70 10413 11 14, 0 0 0 1 0 0 0 0 0 0
1513889240.02 29305 13121 5160 2517 4483 13956 90 8877 6 11, 0 0 0 1 0 0 0 0 0 0
1513889241.03 20575 13360 5680 3305 1961 6354 81 7672 8 11, 0 0 0 1 0 0 0 0 0 0
1513889242.04 20575 13360 5680 3305 1961 6354 81 7672 8 11, 0 0 0 1 0 0 0 0 0 0
1513889243.05 22436 12290 7604 2793 2408 8884 188 9570 10 10, 0 0 0 1 0 0 0 0 0 0
1513889244.08 19702 10476 4937 2470 2193 7226 251 7585 8 8, 0 0 0 1 0 0 0 0 0 0
1513889245.1 23335 9048 4921 3013 4990 13035 85 8195 14 15, 0 0 0 1 0 0 0 0 0 0
1513889246.11 26732 12812 9695 8248 8178 15418 77 10524 13 13, 0 0 0 1 0 0 0 0 0 0
1513889247.13 30259 14462 13319 12188 10305 14877 73 14585 14 11, 0 0 0 1 0 0 0 0 0 0
1513889248.17 32883 15088 12322 8898 9549 17397 75 15393 11 10, 0 0 0 1 0 0 0 0 0 0
1513889249.19 32998 15952 11603 8667 7995 15305 77 14933 11 17, 0 0 0 1 0 0 0 0 0 0
1513889250.22 33722 17485 11175 8105 6692 12384 67 15825 14 12, 0 0 0 1 0 0 0 0 0 0
1513889251.23 33237 16312 13843 7163 6325 13453 51 16759 10 12, 0 0 0 1 0 0 0 0 0 0
1513889252.24 29678 13213 12874 8273 6377 13204 90 14525 13 10, 0 0 0 1 0 0 0 0 0 0
1513889253.26 28892 12538 15413 8858 7242 13403 185 17104 15 11, 0 0 0 1 0 0 0 0 0 0
1513889254.27 26639 10927 16128 10550 8104 12017 57 17777 7 9, 0 0 0 1 0 0 0 0 0 0
1513889255.28 17197 7763 8359 6784 7427 11307 67 8411 9 11, 0 0 0 1 0 0 0 0 0 0
1513889256.3 17501 7503 10442 6179 7623 14047 1043 9875 10 6, 0 0 0 1 0 0 0 0 0 0
1513889257.3 32523 17178 15052 5022 3447 13270 1251 16804 17 19, 0 0 0 1 0 0 0 0 0 0
1513889258.32 37236 18196 15170 5022 2473 12857 1248 19912 11 19, 0 0 0 1 0 0 0 0 0 0
1513889259.34 25174 16834 7157 1704 2457 7066 373 12065 19 30, 0 0 0 1 0 0 0 0 0 0
1513889260.34 26767 17733 7244 1545 1792 8380 663 14106 16 14, 0 0 0 1 0 0 0 0 0 0
1513889261.34 31761 19121 10180 2327 2408 9927 585 17751 18 24, 0 0 0 1 0 0 0 0 0 0
1513889262.35 31761 19121 10180 2327 2408 9927 585 17751 18 24, 0 0 0 1 0 0 0 0 0 0
1513889263.37 31727 16932 7325 968 1703 8684 580 18648 18 7, 0 0 0 1 0 0 0 0 0 0
1513889264.37 33915 18906 8733 1121 2711 10978 794 18051 9 13, 0 0 0 1 0 0 0 0 0 0
1513889265.37 30816 15120 4379 1007 4487 14469 1027 13586 9 12, 0 0 0 1 0 0 0 0 0 0
1513889266.37 29741 14969 7764 3236 5701 12696 1472 14022 11 7, 0 0 0 1 0 0 0 0 0 0
1513889267.38 29741 14969 7764 3236 5701 12696 1472 14022 11 7, 0 0 0 1 0 0 0 0 0 0
1513889268.39 25672 13369 7247 3467 4651 11239 867 10305 6 16, 0 0 0 1 0 0 0 0 0 0
1513889269.39 21999 11254 8425 4613 5476 9709 1110 11628 8 13, 0 0 0 1 0 0 0 0 0 0
1513889270.4 13908 6165 5098 3519 4741 7171 1101 8273 4 15, 0 0 0 1 0 0 0 0 0 0
1513889271.41 10101 4255 3071 2778 4606 6341 628 4935 14 12, 0 0 0 1 0 0 0 0 0 0
1513889272.43 9725 5252 2453 2454 4337 5464 39 3255 17 9, 0 0 0 1 0 0 0 0 0 0
1513889273.46 9966 3701 1188 876 3337 7086 89 1920 18 16, 0 0 0 1 0 0 0 0 0 0
1513889274.47 14568 4728 1637 1192 4125 7694 113 3588 21 17, 0 0 0 1 0 0 0 0 0 0
1513889275.49 15874 4584 1201 806 2594 8904 92 2526 16 12, 0 0 0 1 0 0 0 0 0 0
1513889276.5 13813 5085 1422 753 2360 8025 49 1586 5 4, 0 0 0 1 0 0 0 0 0 0
1513889277.51 11992 5960 327 4041 7410 8982 231 502 16 21, 0 0 0 1 0 0 0 0 0 0
1513889278.52 8941 3457 126 1308 4091 7594 95 162 11 16, 0 0 0 1 0 0 0 0 0 0
1513889279.52 4481 853 127 3027 6731 7015 68 116 14 11, 0 0 0 1 0 0 0 0 0 0
1513889280.53 2450 48 82 1046 2909 4403 88 133 13 18, 0 0 0 1 0 0 0 0 0 0
1513889281.54 2009 63 88 692 1869 3125 76 144 15 7, 0 0 0 1 0 0 0 0 0 0
1513889282.55 1316 102 445 2049 3033 2411 86 136 14 16, 0 0 0 1 0 0 0 0 0 0
1513889283.56 575 67 444 1441 2010 1286 239 322 11 12, 0 0 0 1 0 0 0 0 0 0
1513889284.57 1941 1334 840 230 142 444 76 1139 11 11, 0 0 0 1 0 0 0 0 0 0
1513889285.58 5979 5854 3115 935 768 1673 382 2574 12 11, 0 0 0 1 0 0 0 0 0 0
1513889286.6 9422 9739 10362 4553 1343 2988 1248 6462 8 7, 0 0 0 1 0 0 0 0 0 0
1513889287.62 4199 4308 6219 1696 681 2227 870 3094 18 13, 0 0 0 1 0 0 0 0 0 0
1513889288.65 4713 5417 3109 563 367 2378 812 3068 11 8, 0 0 0 1 0 0 0 0 0 0
1513889289.67 4888 5230 2835 726 216 958 150 2904 12 13, 0 0 0 1 0 0 0 0 0 0
1513889290.69 7266 5552 2799 917 1426 3127 507 4179 15 17, 0 0 0 1 0 0 0 0 0 0
1513889291.7 7493 6784 2752 1584 4546 7572 1823 3512 6 5, 0 0 0 1 0 0 0 0 0 0
1513889292.74 6525 3940 1989 319 2157 7244 1430 1752 8 7, 0 0 0 1 0 0 0 0 0 0
1513889293.75 4778 2759 3012 280 1072 5389 924 1399 6 12, 0 0 0 1 0 0 0 0 0 0
1513889294.77 9243 3641 3601 1987 4770 9638 1357 3288 9 6, 0 0 0 1 0 0 0 0 0 0
1513889295.8 10212 3337 2010 639 4540 11612 1212 2459 14 11, 0 0 0 1 0 0 0 0 0 0
1513889296.82 7351 4262 507 433 3576 7139 170 1031 5 5, 0 0 0 1 0 0 0 0 0 0
1513889297.84 9353 4940 653 773 5290 9801 64 1466 5 6, 0 0 0 1 0 0 0 0 0 0
1513889298.88 10327 4249 1303 685 7539 12609 187 2643 9 10, 0 0 0 1 0 0 0 0 0 0
1513889299.91 21988 4374 4415 1069 5297 15030 820 11687 6 10, 0 0 0 1 0 0 0 0 0 0
1513889300.93 15355 2239 3101 928 3493 9265 1089 7874 4 7, 0 0 0 1 0 0 0 0 0 0
1513889301.96 17059 3283 3139 547 2695 10016 43 7633 12 9, 0 0 0 1 0 0 0 0 0 0
1513889302.99 14467 2211 2635 793 2055 7894 53 7071 6 7, 0 0 0 1 0 0 0 0 0 0
1513889304.02 17148 2863 4192 2494 2549 6851 80 8976 7 7, 0 0 0 1 0 0 0 0 0 0
1513889305.05 14705 796 2664 2374 1533 5048 170 9028 10 8, 0 0 0 1 0 0 0 0 0 0
1513889306.1 13593 1034 2884 3950 3844 7127 1007 8904 10 10, 0 0 0 1 0 0 0 0 0 0
1513889307.16 13356 1496 2944 3264 5276 8856 1205 7725 9 12, 0 0 0 1 0 0 0 0 0 0
1513889308.21 11397 2608 5580 3797 5266 9741 2323 9553 7 8, 0 0 0 1 0 0 0 0 0 0
1513889309.25 12110 3504 4310 4628 5349 6663 1820 7813 12 10, 0 0 0 1 0 0 0 0 0 0
1513889310.28 13636 3737 3644 4353 5935 8272 701 7221 8 11, 0 0 0 1 0 0 0 0 0 0
1513889311.32 13236 3851 3422 3383 6335 9806 1398 7229 7 8, 0 0 0 1 0 0 0 0 0 0
1513889312.32 16576 4333 3952 3714 4892 9177 2040 8023 11 10, 0 0 0 1 0 0 0 0 0 0
1513889313.33 19785 4774 11792 8506 5805 9082 372 15358 13 21, 0 0 0 1 0 0 0 0 0 0
1513889314.34 19895 3965 11070 11085 9068 12761 634 13854 20 14, 0 0 0 1 0 0 0 0 0 0
1513889315.34 20712 2628 7370 10401 5949 11676 1374 13375 15 17, 0 0 0 1 0 0 0 0 0 0
1513889316.35 25404 2919 7617 9891 4012 10830 1380 15675 10 13, 0 0 0 1 0 0 0 0 0 0
1513889317.36 26273 2730 6045 9487 7224 13931 2129 15475 12 10, 0 0 0 1 0 0 0 0 0 0
1513889318.36 26383 2640 5904 10660 10381 17521 1991 14862 12 14, 0 0 0 1 0 0 0 0 0 0
1513889319.37 31380 7362 7348 10080 12036 19558 4065 16609 6 7, 0 0 0 1 0 0 0 0 0 0
1513889320.4 34983 9470 7470 6648 10556 21468 4334 18795 6 11, 0 0 0 1 0 0 0 0 0 0
1513889321.42 40624 12798 6439 5736 13141 29145 4850 18452 24 19, 0 0 0 1 0 0 0 0 0 0
1513889322.43 24294 8592 3465 2969 8498 16840 3025 9627 17 20, 0 0 0 1 0 0 0 0 0 0
1513889323.46 25277 6318 4246 1873 5654 16634 2837 12153 7 10, 0 0 0 1 0 0 0 0 0 0
1513889324.48 28024 6001 6812 2900 7408 16597 2160 17252 11 11, 0 0 0 1 0 0 0 0 0 0
1513889325.51 23374 5828 7164 4887 8366 15713 137 12577 9 16, 0 0 0 1 0 0 0 0 0 0
1513889326.53 21517 4500 6450 3560 7710 15897 108 12039 12 13, 0 0 0 1 0 0 0 0 0 0
1513889327.55 22166 4975 7564 2452 8466 17154 393 13969 11 14, 0 0 0 1 0 0 0 0 0 0
1513889328.58 23294 5075 6609 1448 6889 17304 3177 15926 18 24, 0 0 0 1 0 0 0 0 0 0
1513889329.6 29062 6970 7600 1159 4897 14245 3185 20655 28 32, 0 0 0 1 0 0 0 0 0 0
1513889330.62 31610 3171 4384 447 2774 10764 2476 18262 17 19, 0 0 0 1 0 0 0 0 0 0
1513889331.64 31769 5531 2769 488 2406 10100 1642 13751 14 18, 0 0 0 1 0 0 0 0 0 0
1513889332.67 30379 4716 2064 120 2516 9098 2263 12692 7 13, 0 0 0 1 0 0 0 0 0 0
1513889333.68 20295 4640 1414 71 2966 9531 3488 8132 10 15, 0 0 0 1 0 0 0 0 0 0
1513889334.68 8237 1638 490 159 3408 8067 1555 3052 18 20, 0 0 0 1 0 0 0 0 0 0
1513889335.69 8011 2463 5557 5100 3785 6219 179 5414 20 23, 0 0 0 1 0 0 0 0 0 0
1513889336.7 9225 3444 6471 5100 5021 7336 73 6446 11 23, 0 0 0 1 0 0 0 0 0 0
1513889337.71 9803 1708 12074 16332 10460 10156 77 9474 15 15, 0 0 0 1 0 0 0 0 0 0
1513889338.72 15140 6522 14797 18279 11827 10393 98 13507 11 14, 0 0 0 1 0 0 0 0 0 0
1513889339.74 20367 10615 17120 15457 10765 10467 99 17815 12 12, 0 0 0 1 0 0 0 0 0 0
1513889340.76 19881 9935 13708 13293 8528 9639 92 17415 14 15, 0 0 0 1 0 0 0 0 0 0
1513889341.78 14549 9350 13367 11492 4715 5582 1305 14890 12 11, 0 0 0 1 0 0 0 0 0 0
1513889342.78 15857 9295 15988 9606 3691 4686 2466 17961 12 11, 0 0 0 1 0 0 0 0 0 0
1513889343.78 14094 3661 17919 11096 3297 4988 2147 19727 16 14, 0 0 0 1 0 0 0 0 0 0
1513889344.79 14387 2896 21382 10496 2290 3684 2492 23370 17 14, 0 0 0 1 0 0 0 0 0 0
1513889345.8 7440 1662 17450 12516 5093 5638 4403 13599 16 17, 0 0 0 1 0 0 0 0 0 0
1513889346.81 5281 2108 10594 7979 4758 5112 4609 9618 11 18, 0 0 0 1 0 0 0 0 0 0
1513889347.81 5213 2033 10572 10361 6918 5646 4104 8629 11 28, 0 0 0 1 0 0 0 0 0 0
1513889348.82 9940 2909 14876 13873 8687 7210 2762 11578 11 19, 0 0 0 1 0 0 0 0 0 0
1513889349.83 10081 2978 9653 10749 8838 7193 395 7588 14 17, 0 0 0 1 0 0 0 0 0 0
1513889350.84 12120 3821 9735 11420 10960 8485 88 8948 11 13, 0 0 0 1 0 0 0 0 0 0
1513889351.85 11188 3482 7651 10975 11940 9500 70 6869 10 10, 0 0 0 1 0 0 0 0 0 0
1513889352.86 10380 3299 8058 11756 11846 8465 58 6581 15 19, 0 0 0 1 0 0 0 0 0 0
1513889353.88 9678 3535 7604 9784 10249 7782 76 6208 16 23, 0 0 0 1 0 0 0 0 0 0
1513889354.9 10508 3803 7598 12240 12721 7849 156 8268 23 27, 0 0 0 1 0 0 0 0 0 0
1513889355.92 7570 2851 5002 9767 11350 6796 305 5206 16 29, 0 0 0 1 0 0 0 0 0 0
1513889356.94 12069 6138 7280 14395 14546 7608 640 7518 13 15, 0 0 0 1 0 0 0 0 0 0
1513889357.98 7285 4258 5681 15716 15867 9563 890 4811 16 19, 0 0 0 1 0 0 0 0 0 0
1513889359.0 10353 6371 11318 24368 22870 14187 931 8211 23 28, 0 0 0 1 0 0 0 0 0 0
1513889360.02 7800 2825 5825 15551 11276 7914 485 4518 15 12, 0 0 0 1 0 0 0 0 0 0
1513889361.04 9965 4618 6058 14460 10518 6898 67 3394 11 16, 0 0 0 1 0 0 0 0 0 0
1513889362.06 14826 7209 7878 15562 12707 10464 611 7024 16 22, 0 0 0 1 0 0 0 0 0 0
1513889363.08 17671 7713 12390 16174 14853 13998 1494 11597 7 16, 0 0 0 1 0 0 0 0 0 0
1513889364.09 15710 6749 10960 10749 11290 12897 1405 11083 4 4, 0 0 0 1 0 0 0 0 0 0
1513889365.11 16299 6560 11123 12989 11782 11802 2203 12505 11 9, 0 0 0 1 0 0 0 0 0 0
1513889366.12 18339 6226 11348 13555 13190 13727 2949 12730 11 14, 0 0 0 1 0 0 0 0 0 0
1513889367.14 13148 3985 9775 10582 10880 11828 4410 11801 11 10, 0 0 0 1 0 0 0 0 0 0
1513889368.15 9009 3614 6534 7955 7093 5763 2551 8151 20 14, 0 0 0 1 0 0 0 0 0 0
1513889369.16 8246 3416 4197 7280 5068 2368 1470 5540 16 41, 0 0 0 1 0 0 0 0 0 0
1513889370.17 9694 3416 4202 7280 10021 10377 2117 4990 22 41, 0 0 0 1 0 0 0 0 0 0
1513889371.19 13466 4680 6749 11452 15059 14734 3639 7982 15 13, 0 0 0 1 0 0 0 0 0 0
1513889372.2 14205 6522 2902 5562 11638 14675 3093 4130 8 11, 0 0 0 1 0 0 0 0 0 0
1513889373.2 14205 6522 2902 5562 11638 14675 3093 4130 8 11, 0 0 0 1 0 0 0 0 0 0
1513889374.24 17452 7840 4202 5214 12853 17481 3742 7028 14 16, 0 0 0 1 0 0 0 0 0 0
1513889375.25 22837 9032 4104 3776 11061 18074 3131 8435 7 12, 0 0 0 1 0 0 0 0 0 0
1513889376.27 21536 6987 2163 2426 11181 18240 2781 5648 13 21, 0 0 0 1 0 0 0 0 0 0
1513889377.28 22866 9206 3901 4928 12591 17755 2357 7290 11 22, 0 0 0 1 0 0 0 0 0 0
1513889378.29 15607 6645 3815 5221 12023 17107 3803 6395 15 19, 0 0 0 1 0 0 0 0 0 0
1513889379.3 10002 3696 3272 4105 9461 12707 1897 4249 6 9, 0 0 0 1 0 0 0 0 0 0
1513889380.31 8626 2901 1542 3238 7146 8654 87 2538 15 24, 0 0 0 1 0 0 0 0 0 0
1513889381.32 7450 2122 1170 2739 6972 8429 52 2269 14 19, 0 0 0 1 0 0 0 0 0 0
1513889382.33 4457 1532 186 1816 4821 6024 74 215 28 35, 0 0 0 1 0 0 0 0 0 0
1513889383.34 1485 383 167 2236 1838 1364 55 144 24 25, 0 0 0 1 0 0 0 0 0 0
1513889384.35 978 383 165 2236 1838 1680 55 136 19 25, 0 0 0 1 0 0 0 0 0 0
1513889385.37 1119 231 1904 3821 2692 1924 60 1548 16 15, 0 0 0 1 0 0 0 0 0 0
1513889386.38 338 99 681 3210 1337 1185 68 491 17 32, 0 0 0 1 0 0 0 0 0 0
1513889387.4 653 437 739 872 141 402 73 180 12 15, 0 0 0 1 0 0 0 0 0 0
1513889388.41 2327 1735 894 855 222 836 77 1009 13 20, 0 0 0 1 0 0 0 0 0 0
1513889389.42 1697 2486 919 448 150 304 110 1104 18 27, 0 0 0 1 0 0 0 0 0 0
1513889390.42 2578 3545 1613 45 88 223 63 1764 13 17, 0 0 0 1 0 0 0 0 0 0
1513889391.43 1915 3166 643 63 97 219 77 1467 12 22, 0 0 0 1 0 0 0 0 0 0
1513889392.45 1622 2599 1009 740 1441 1695 485 788 11 15, 0 0 0 1 0 0 0 0 0 0
1513889393.45 3662 2064 1673 3070 6228 6834 1678 1780 3 5, 0 0 0 1 0 0 0 0 0 0
1513889394.46 5120 2183 1553 2758 5729 8035 1166 1195 13 16, 0 0 0 1 0 0 0 0 0 0
1513889395.47 2812 1351 1442 2359 5002 5735 1645 1696 14 18, 0 0 0 1 0 0 0 0 0 0
1513889396.48 3145 1479 1744 2533 4525 5348 2054 2116 17 19, 0 0 0 1 0 0 0 0 0 0
1513889397.48 6431 2466 2514 6804 11838 11943 2982 3043 26 24, 0 0 0 1 0 0 0 0 0 0
1513889398.49 8775 3970 3564 8135 13917 12708 1844 2664 19 21, 0 0 0 1 0 0 0 0 0 0
1513889399.5 11183 4662 3442 7809 15374 13687 154 3838 20 16, 0 0 0 1 0 0 0 0 0 0
1513889400.5 15833 5292 4788 10152 18630 14735 672 8620 21 20, 0 0 0 1 0 0 0 0 0 0
1513889401.52 14937 4028 2951 8339 18807 16381 2536 8177 12 13, 0 0 0 1 0 0 0 0 0 0
1513889402.53 27800 8625 3851 5636 21211 23932 2976 9418 14 15, 0 0 0 1 0 0 0 0 0 0
1513889403.53 16053 5082 1381 5682 18556 12927 3046 8608 8 6, 0 0 0 1 0 0 0 0 0 0
1513889404.54 23362 8250 3069 3385 11629 14071 1197 9172 9 10, 0 0 0 1 0 0 0 0 0 0
1513889405.55 24165 9368 4478 1202 9253 15514 47 11084 11 11, 0 0 0 1 0 0 0 0 0 0
1513889406.55 13989 5684 3505 1275 6301 9994 54 6835 12 14, 0 0 0 1 0 0 0 0 0 0
1513889407.56 13302 5805 4298 1658 5151 7702 53 7834 4 11, 0 0 0 1 0 0 0 0 0 0
1513889408.57 12418 5497 3377 685 4002 6915 75 6799 12 17, 0 0 0 1 0 0 0 0 0 0
1513889409.59 10558 5774 8319 8240 6390 4432 66 7190 20 21, 0 0 0 1 0 0 0 0 0 0
1513889410.61 19556 11026 11396 16872 11340 8983 70 10778 22 29, 0 0 0 1 0 0 0 0 0 0
1513889411.64 20529 10603 15013 18983 12623 9462 63 14346 18 27, 0 0 0 1 0 0 0 0 0 0
1513889412.67 12289 8171 10060 18576 13350 9904 75 6830 14 9, 0 0 0 1 0 0 0 0 0 0
1513889413.7 13763 11126 10100 21382 14093 10530 60 6345 17 23, 0 0 0 1 0 0 0 0 0 0
1513889414.73 8999 9200 5155 18444 13279 10497 541 3032 8 8, 0 0 0 1 0 0 0 0 0 0
1513889415.74 8219 7549 11045 20689 17183 11858 823 2706 11 12, 0 0 0 1 0 0 0 0 0 0
1513889416.76 9263 5035 10547 14457 13228 9507 93 4774 12 10, 0 0 0 1 0 0 0 0 0 0
1513889417.79 16490 9044 10002 11667 10948 11088 60 6300 13 13, 0 0 0 1 0 0 0 0 0 0
1513889418.8 19485 11458 10773 12469 10144 10604 466 8174 6 7, 0 0 0 1 0 0 0 0 0 0
1513889419.82 20777 13015 11126 13911 14331 13818 1964 11683 3 4, 0 0 0 1 0 0 0 0 0 0
1513889420.84 20236 12143 11487 14437 16155 14849 2133 11849 4 10, 0 0 0 1 0 0 0 0 0 0
1513889421.85 13661 7612 6050 7675 11865 14071 1832 6877 12 101, 0 0 0 1 0 0 0 0 0 0
1513889422.88 18021 8247 5265 9070 17513 20386 3668 8344 13 19, 0 0 0 1 0 0 0 0 0 0
1513889423.89 13753 6019 4649 10969 20183 20301 3760 7139 10 10, 0 0 0 1 0 0 0 0 0 0
1513889424.91 12060 5197 4139 10032 19562 19892 4758 6718 11 15, 0 0 0 1 0 0 0 0 0 0
1513889425.92 14214 5665 2312 7143 16649 21940 4654 5720 10 15, 0 0 0 1 0 0 0 0 0 0
1513889426.93 10461 3263 1808 8378 16647 18836 4021 4406 7 7, 0 0 0 1 0 0 0 0 0 0
1513889427.94 12213 4564 460 6835 13320 15849 1140 1179 4 8, 0 0 0 1 0 0 0 0 0 0
1513889428.96 16525 7065 592 5626 11818 17239 1043 1106 18 18, 0 0 0 1 0 0 0 0 0 0
1513889429.97 8820 3432 2549 8302 15939 15066 1518 1576 10 10, 0 0 0 1 0 0 0 0 0 0
1513889430.99 9583 3489 3140 9271 17437 16868 2573 2635 12 11, 0 0 0 1 0 0 0 0 0 0
1513889432.0 9615 3265 2122 7780 16881 16802 2023 2063 10 9, 0 0 0 1 0 0 0 0 0 0
1513889433.01 5825 2171 3286 10086 12292 10155 2118 2159 26 22, 0 0 0 1 0 0 0 0 0 0
1513889434.01 1364 34 3436 7498 6998 4406 354 394 10 13, 0 0 0 1 0 0 0 0 0 0
1513889435.02 1260 129 3689 7590 6998 4140 203 522 11 15, 0 0 0 1 0 0 0 0 0 0
1513889436.02 1511 132 3940 8011 5957 3129 117 754 15 22, 0 0 0 1 0 0 0 0 0 0
1513889437.03 2000 101 5132 8011 6215 2957 152 2733 20 25, 0 0 0 1 0 0 0 0 0 0
1513889438.03 2580 61 5143 4027 3883 3317 66 4554 11 19, 0 0 0 1 0 0 0 0 0 0
1513889439.03 5671 1757 5980 4512 3100 3370 27 6653 17 17, 0 0 0 1 0 0 0 0 0 0
1513889440.05 13780 8484 8890 4307 2152 4412 37 9583 20 22, 0 0 0 1 0 0 0 0 0 0
1513889441.06 11294 6904 7476 3292 912 3226 47 7922 16 12, 0 0 0 1 0 0 0 0 0 0
1513889442.08 9175 6856 5920 3004 780 2530 62 6552 21 26, 0 0 0 1 0 0 0 0 0 0
1513889443.09 9810 6085 5310 2299 1063 3128 83 6164 15 18, 0 0 0 1 0 0 0 0 0 0
1513889444.11 13464 8621 6915 3000 1487 4491 90 7598 24 40, 0 0 0 1 0 0 0 0 0 0
1513889445.14 4449 3671 1481 953 700 2545 66 1150 17 24, 0 0 0 1 0 0 0 0 0 0
1513889446.15 3629 4177 1680 1068 1136 2329 56 1149 12 15, 0 0 0 1 0 0 0 0 0 0
1513889447.17 5483 7326 1933 87 690 2608 66 648 7 7, 0 0 0 1 0 0 0 0 0 0
1513889448.19 9368 7815 2273 812 4343 7201 1597 2929 9 8, 0 0 0 1 0 0 0 0 0 0
1513889449.21 9799 10459 4207 3322 6658 8375 2779 3953 6 10, 0 0 0 1 0 0 0 0 0 0
1513889450.21 13349 10736 13197 10695 9946 10121 4383 11366 12 9, 0 0 0 1 0 0 0 0 0 0
1513889451.22 10549 5436 14542 7624 8859 11929 7352 16462 8 10, 0 0 0 1 0 0 0 0 0 0
1513889452.24 7298 5067 13981 5527 7383 9797 6704 13491 7 11, 0 0 0 1 0 0 0 0 0 0
1513889453.25 9935 4373 17333 7603 7618 9327 6253 17113 12 13, 0 0 0 1 0 0 0 0 0 0
1513889454.27 10181 3442 17260 5464 4907 6670 3904 14555 8 6, 0 0 0 1 0 0 0 0 0 0
1513889455.31 16825 6435 17829 5987 3234 3484 1673 19690 8 10, 0 0 0 1 0 0 0 0 0 0
1513889456.33 14796 8605 15909 5582 3684 3514 1675 15389 7 8, 0 0 0 1 0 0 0 0 0 0
1513889457.36 19249 9913 20586 10262 7211 6675 1713 19668 4 6, 0 0 0 1 0 0 0 0 0 0
1513889458.38 20471 9302 21809 13799 7834 6618 1663 20956 12 9, 0 0 0 1 0 0 0 0 0 0
1513889459.39 18369 6313 20612 10416 6338 7146 2297 21910 12 15, 0 0 0 1 0 0 0 0 0 0
1513889460.4 17752 5760 17228 6673 4996 7690 1599 20788 10 18, 0 0 0 1 0 0 0 0 0 0
1513889461.42 16824 8617 15287 5695 2781 3712 57 16408 14 20, 0 0 0 1 0 0 0 0 0 0
1513889462.42 13482 6294 12473 3932 1590 2190 76 15228 13 18, 0 0 0 1 0 0 0 0 0 0
1513889463.46 10988 6074 9516 3329 1044 2269 54 9781 13 18, 0 0 0 1 0 0 0 0 0 0
1513889464.46 8173 4209 7405 3907 1683 1986 251 7351 16 17, 0 0 0 1 0 0 0 0 0 0
1513889465.47 7081 4273 6234 2493 457 245 69 6795 18 19, 0 0 0 1 0 0 0 0 0 0
1513889466.48 4778 2505 4245 1754 132 245 76 4676 17 15, 0 0 0 1 0 0 0 0 0 0
1513889467.49 3270 1740 4645 3337 1166 1256 1035 3712 14 19, 0 0 0 1 0 0 0 0 0 0
1513889468.52 5926 2331 12282 8392 2479 3057 2610 9088 16 24, 0 0 0 1 0 0 0 0 0 0
1513889469.52 10958 3387 17554 9495 2905 4695 3769 16359 14 20, 0 0 0 1 0 0 0 0 0 0
1513889470.56 10048 1798 16038 7465 2040 4504 3656 13522 15 22, 0 0 0 1 0 0 0 0 0 0
1513889471.56 7716 898 10179 5367 1662 2134 1008 9328 14 12, 0 0 0 1 0 0 0 0 0 0
1513889472.56 7716 898 12986 3780 2200 4018 1008 12896 14 8, 0 0 0 1 0 0 0 0 0 0
1513889473.59 18914 4354 12973 3781 2200 7298 2257 16348 8 10, 0 0 0 1 0 0 0 0 0 0
1513889474.59 20605 6485 11254 2539 1825 7474 2204 14804 8 14, 0 0 0 1 0 0 0 0 0 0
1513889475.6 13918 4194 5488 1734 738 4509 269 6613 8 11, 0 0 0 1 0 0 0 0 0 0
1513889476.6 12526 3743 4705 631 1314 4938 48 7756 13 15, 0 0 0 1 0 0 0 0 0 0
1513889477.62 5759 2289 2086 914 1218 3566 50 2291 13 16, 0 0 0 1 0 0 0 0 0 0
1513889478.63 4804 1556 1422 522 1111 3485 43 1900 14 12, 0 0 0 1 0 0 0 0 0 0
1513889479.65 16613 5096 5673 142 1589 5916 1346 13800 22 22, 0 0 0 1 0 0 0 0 0 0
1513889480.67 19536 4613 7715 65 1237 5736 2669 19667 9 7, 0 0 0 1 0 0 0 0 0 0
1513889481.69 23005 5033 6323 125 1935 8820 3990 20746 16 18, 0 0 0 1 0 0 0 0 0 0
1513889482.71 29473 9702 8554 770 1912 8276 4206 21914 6 7, 0 0 0 1 0 0 0 0 0 0
1513889483.72 27616 9267 7848 448 2000 9454 3723 18534 6 9, 0 0 0 1 0 0 0 0 0 0
1513889484.74 27032 9795 10169 1761 2738 10061 3191 20307 16 14, 0 0 0 1 0 0 0 0 0 0
1513889485.77 27945 8875 7451 1217 2964 11092 2945 17008 11 14, 0 0 0 1 0 0 0 0 0 0
1513889486.78 24973 6634 6807 1089 3224 10305 3452 16779 7 4, 0 0 0 1 0 0 0 0 0 0
1513889487.8 24591 6322 6900 726 3070 11134 1872 16228 4 8, 0 0 0 1 0 0 0 0 0 0
1513889488.82 20161 5192 8420 1627 6416 14714 4168 17293 9 6, 0 0 0 1 0 0 0 0 0 0
1513889489.84 18177 4443 6499 281 7054 16626 5128 14882 11 12, 0 0 0 1 0 0 0 0 0 0
1513889490.84 15325 5479 4954 122 6816 15557 2992 9003 5 8, 0 0 0 1 0 0 0 0 0 0
1513889491.86 13696 4677 4384 3675 8747 13499 2913 7198 11 9, 0 0 0 1 0 0 0 0 0 0
1513889492.87 11039 3835 2373 3615 11148 14416 4105 4973 13 16, 0 0 0 1 0 0 0 0 0 0
1513889493.88 9860 2000 2363 3649 11884 16831 4874 4925 20 17, 0 0 0 1 0 0 0 0 0 0
1513889494.89 7145 1805 2591 2329 9912 15221 5068 5118 12 12, 0 0 0 1 0 0 0 0 0 0
1513889495.9 5654 1544 2480 2362 9581 13613 4739 4898 14 13, 0 0 0 1 0 0 0 0 0 0
1513889496.91 10526 5124 9463 4423 8112 9512 3116 10531 14 13, 0 0 0 1 0 0 0 0 0 0
1513889497.92 9438 3364 8233 3210 6897 7077 1695 8649 11 13, 0 0 0 1 0 0 0 0 0 0
1513889498.92 11222 4979 7016 1325 4755 5973 2406 10987 11 13, 0 0 0 1 0 0 0 0 0 0
1513889499.93 8942 4004 9781 5520 4389 4913 2572 11199 13 22, 0 0 0 1 0 0 0 0 0 0
1513889500.94 9584 3372 16954 9940 5309 4029 2439 13967 19 28, 0 0 0 1 0 0 0 0 0 0
1513889501.95 9727 3900 16648 9239 4121 2772 2063 14269 11 19, 0 0 0 1 0 0 0 0 0 0
1513889502.98 9112 2309 18295 10109 7895 6190 2002 12115 13 13, 0 0 0 1 0 0 0 0 0 0
1513889504.0 11750 4129 21991 11718 11914 7635 3086 14248 14 13, 0 0 0 1 0 0 0 0 0 0
1513889505.01 9013 2663 20090 14048 13937 9018 3695 14083 7 8, 0 0 0 1 0 0 0 0 0 0
1513889506.02 9127 1978 14139 14987 13972 7989 1679 11039 8 6, 0 0 0 1 0 0 0 0 0 0
1513889507.03 11454 2630 12420 13303 13837 9977 1538 9548 15 19, 0 0 0 1 0 0 0 0 0 0
1513889508.04 12177 2276 8661 9681 11253 11391 1834 10035 16 18, 0 0 0 1 0 0 0 0 0 0
1513889509.05 7481 589 3393 5380 7083 8349 58 3045 21 18, 0 0 0 1 0 0 0 0 0 0
1513889510.06 4363 46 2286 3554 4322 4940 50 2430 16 15, 0 0 0 1 0 0 0 0 0 0
1513889511.06 3462 54 1916 3376 3887 4026 40 1889 18 11, 0 0 0 1 0 0 0 0 0 0
1513889512.07 3552 132 2048 3199 3227 3707 42 1872 13 12, 0 0 0 1 0 0 0 0 0 0
1513889513.08 3305 72 1903 3374 3587 3558 49 1801 13 22, 0 0 0 1 0 0 0 0 0 0
1513889514.09 1533 62 449 817 1393 1285 40 849 13 15, 0 0 0 1 0 0 0 0 0 0
1513889515.09 177 67 201 769 900 156 43 114 16 15, 0 0 0 1 0 0 0 0 0 0
1513889516.1 219 72 136 104 118 230 72 158 14 24, 0 0 0 1 0 0 0 0 0 0
1513889517.11 455 236 166 110 192 389 67 230 18 19, 0 0 0 1 0 0 0 0 0 0
1513889518.12 1047 714 490 97 192 405 72 663 18 18, 0 0 0 1 0 0 0 0 0 0
1513889519.12 266 111 101 95 191 312 68 125 13 21, 0 0 0 1 0 0 0 0 0 0
1513889520.13 243 63 107 78 107 245 55 139 14 16, 0 0 0 1 0 0 0 0 0 0
1513889521.14 178 83 83 77 91 186 45 86 11 18, 0 0 0 1 0 0 0 0 0 0
1513889522.16 3937 2059 5253 3736 1440 1613 1157 3754 14 16, 0 0 0 1 0 0 0 0 0 0
1513889523.16 16668 5727 10617 4825 3579 7782 2276 12496 14 13, 0 0 0 1 0 0 0 0 0 0
1513889524.19 25193 6388 12484 6152 5287 12433 1353 16207 14 20, 0 0 0 1 0 0 0 0 0 0
1513889525.21 39063 6760 15881 8055 5187 16842 2384 19946 28 29, 0 0 0 1 0 0 0 0 0 0
1513889526.22 30325 5116 11639 4442 4704 13331 1548 18097 12 12, 0 0 0 1 0 0 0 0 0 0
1513889527.23 30255 4205 10157 7074 3911 11959 1370 16592 11 14, 0 0 0 1 0 0 0 0 0 0
1513889528.26 25945 4740 12544 6945 9531 19553 1616 18678 13 15, 0 0 0 1 0 0 0 0 0 0
1513889529.27 22889 6030 8254 2930 4901 11884 75 15657 8 22, 0 0 0 1 0 0 0 0 0 0
1513889530.29 16158 3720 6314 2378 5347 11608 46 10861 10 14, 0 0 0 1 0 0 0 0 0 0
1513889531.3 14393 2112 7732 4479 9108 15214 2421 11616 15 16, 0 0 0 1 0 0 0 0 0 0
1513889532.31 21022 5540 15293 7150 8483 12823 2255 20136 14 15, 0 0 0 1 0 0 0 0 0 0
1513889533.32 16714 4846 15311 9539 9951 10684 1669 17083 9 10, 0 0 0 1 0 0 0 0 0 0
1513889534.33 13109 4561 9556 6162 6525 6824 42 11369 5 6, 0 0 0 1 0 0 0 0 0 0
1513889535.34 9302 3777 6963 4461 5070 4540 37 8220 12 15, 0 0 0 1 0 0 0 0 0 0
1513889536.35 12433 4883 5901 4753 7267 7662 1239 9447 10 8, 0 0 0 1 0 0 0 0 0 0
1513889537.36 14397 4578 9858 8727 8712 10171 1926 10022 12 16, 0 0 0 1 0 0 0 0 0 0
1513889538.37 11836 3766 5893 4610 4856 7085 1663 8657 19 18, 0 0 0 1 0 0 0 0 0 0
1513889539.39 21988 9199 6581 4175 6287 12880 3172 11874 17 18, 0 0 0 1 0 0 0 0 0 0
1513889540.4 30653 8234 12701 3871 4283 10695 2660 22782 14 23, 0 0 0 1 0 0 0 0 0 0
1513889541.42 32750 7816 12036 5181 4862 12119 4182 20621 13 19, 0 0 0 1 0 0 0 0 0 0
1513889542.43 24390 3097 6485 5416 4666 9282 4505 12109 21 18, 0 0 0 1 0 0 0 0 0 0
1513889543.44 28755 5559 11786 10268 11008 15696 4955 17672 8 12, 0 0 0 1 0 0 0 0 0 0
1513889544.46 24237 3669 13336 11268 10821 15035 2335 15057 9 10, 0 0 0 1 0 0 0 0 0 0
1513889545.47 22603 3112 8672 8887 10853 15413 2650 12087 8 11, 0 0 0 1 0 0 0 0 0 0
1513889546.48 20092 2469 6034 4679 9998 15194 720 10605 9 13, 0 0 0 1 0 0 0 0 0 0
1513889547.49 19948 2292 4494 5078 11147 16091 997 8779 13 17, 0 0 0 1 0 0 0 0 0 0
1513889548.5 17513 2984 4788 2993 11075 16265 1194 9087 14 17, 0 0 0 1 0 0 0 0 0 0
1513889549.5 11998 5190 3704 3117 10006 12153 94 5316 10 7, 0 0 0 1 0 0 0 0 0 0
1513889550.5 9671 5187 1453 3115 7204 9285 47 818 17 16, 0 0 0 1 0 0 0 0 0 0
