1513896037.23 31775 25445 25449 22639 29097 34730 764 4142 766 1531, 0 0 0 0 0 0 1 0 0 0
1513896038.23 27719 19854 20915 20230 25817 31090 1177 6076 1179 2355, 0 0 0 0 0 0 1 0 0 0
1513896039.23 32351 25383 21673 19714 26344 33390 716 5251 715 1433, 0 0 0 0 0 0 1 0 0 0
1513896040.23 29563 20677 20542 21239 28385 32933 622 5076 626 1245, 0 0 0 0 0 0 1 0 0 0
1513896041.23 23432 18352 18560 20995 27809 29941 369 2734 371 738, 0 0 0 0 0 0 1 0 0 0
1513896042.23 21370 15530 18791 22316 24919 27231 748 4642 749 1497, 0 0 0 0 0 0 1 0 0 0
1513896043.23 25173 19173 23712 25036 28043 32698 768 3878 771 1535, 0 0 0 0 0 0 1 0 0 0
1513896044.24 23945 22833 27765 28676 30878 31937 30 219 32 59, 0 0 0 0 0 0 1 0 0 0
1513896045.24 27115 25296 27731 28056 26655 29433 299 596 295 590, 0 0 0 0 0 0 1 0 0 0
1513896046.24 19287 22554 34637 32233 25968 24879 464 1695 744 927, 0 0 0 0 0 0 1 0 0 0
1513896047.24 37242 26611 25597 32595 31804 35469 1188 1659 914 2371, 0 0 0 0 0 0 1 0 0 0
1513896048.24 27351 22066 26041 28010 27166 31721 445 898 445 884, 0 0 0 0 0 0 1 0 0 0
1513896049.25 24557 22042 24825 24248 24858 29034 476 1206 480 949, 0 0 0 0 0 0 1 0 0 0
1513896050.25 27494 23051 24719 23541 25952 31759 69 703 72 136, 0 0 0 0 0 0 1 0 0 0
1513896051.25 20438 16756 21411 20096 22940 25268 13 583 12 24, 0 0 0 0 0 0 1 0 0 0
1513896052.25 23664 21380 24907 24958 28353 30583 10 316 9 15, 0 0 0 0 0 0 1 0 0 0
1513896053.25 21515 20429 22653 23218 27832 30670 127 721 128 252, 0 0 0 0 0 0 1 0 0 0
1513896054.25 22608 23996 27672 23640 30220 33277 433 1426 433 862, 0 0 0 0 0 0 1 0 0 0
1513896055.25 26261 22252 23067 21635 33969 40201 343 970 343 681, 0 0 0 0 0 0 1 0 0 0
1513896056.26 26522 21823 19787 22298 29472 33239 597 1198 598 1194, 0 0 0 0 0 0 1 0 0 0
1513896057.26 29796 24017 19327 18567 27744 34430 363 729 367 725, 0 0 0 0 0 0 1 0 0 0
1513896058.26 34172 29129 21852 18048 28729 37233 388 774 386 775, 0 0 0 0 0 0 1 0 0 0
1513896059.26 32926 27186 23069 21479 29329 37184 414 836 415 827, 0 0 0 0 0 0 1 0 0 0
1513896060.26 28039 23352 23512 21649 29318 35094 923 1847 927 1850, 0 0 0 0 0 0 1 0 0 0
1513896061.26 23956 17483 19681 19477 28201 31349 759 1524 762 1520, 0 0 0 0 0 0 1 0 0 0
1513896062.26 21433 17017 19016 19676 27379 29888 23 44 23 43, 0 0 0 0 0 0 1 0 0 0
1513896063.26 22163 15316 15570 19994 28645 29429 45 314 49 92, 0 0 0 0 0 0 1 0 0 0
1513896064.26 11632 7573 13634 12793 15506 14380 42 2351 40 77, 0 0 0 0 0 0 1 0 0 0
1513896065.27 15432 9733 15641 14002 19064 19946 70 1093 74 120, 0 0 0 0 0 0 1 0 0 0
1513896066.27 22750 17035 23972 20655 22894 28680 73 1266 82 127, 0 0 0 0 0 0 1 0 0 0
1513896067.27 20638 12627 19721 20651 25021 27738 40 499 49 78, 0 0 0 0 0 0 1 0 0 0
1513896068.27 18603 9517 14617 18332 21488 22863 62 474 67 108, 0 0 0 0 0 0 1 0 0 0
1513896069.27 17979 12430 15540 19588 21827 22347 26 232 33 55, 0 0 0 0 0 0 1 0 0 0
1513896070.27 21011 15944 19382 20993 24273 25597 36 591 34 68, 0 0 0 0 0 0 1 0 0 0
1513896071.27 24074 15769 19432 21890 26114 27001 109 1119 116 218, 0 0 0 0 0 0 1 0 0 0
1513896072.28 33295 20187 24973 28184 33135 36784 200 1029 208 383, 0 0 0 0 0 0 1 0 0 0
1513896073.28 19567 10932 14709 16168 19282 21155 216 804 220 431, 0 0 0 0 0 0 1 0 0 0
1513896074.28 26924 16788 19186 20387 23873 27997 260 1132 261 520, 0 0 0 0 0 0 1 0 0 0
1513896075.28 31118 18876 18558 18337 20990 27094 30 1063 34 61, 0 0 0 0 0 0 1 0 0 0
1513896076.28 12615 7252 6479 6090 8155 11269 11 520 10 20, 0 0 0 0 0 0 1 0 0 0
1513896077.29 28952 17790 19678 17921 19062 27206 29 2046 33 60, 0 0 0 0 0 0 1 0 0 0
1513896078.29 27823 15527 18793 16956 20341 28334 27 2412 30 53, 0 0 0 0 0 0 1 0 0 0
1513896079.29 29824 11655 16481 17659 29667 39854 36 3617 49 79, 0 0 0 0 0 0 1 0 0 0
1513896080.29 34241 13652 18663 23717 23436 29777 67 2987 66 113, 0 0 0 0 0 0 1 0 0 0
1513896081.3 19367 4901 12945 15190 19732 22824 42 1430 42 80, 0 0 0 0 0 0 1 0 0 0
1513896082.32 19367 4901 12945 15190 19732 22824 42 1430 42 80, 0 0 0 0 0 0 1 0 0 0
1513896083.34 21072 5422 14387 17790 22199 24251 42 1994 41 77, 0 0 0 0 0 0 1 0 0 0
1513896084.37 17937 3831 12704 16837 20616 22701 480 2512 484 965, 0 0 0 0 0 0 1 0 0 0
1513896085.39 18197 4919 14319 16452 22668 23125 166 1707 167 332, 0 0 0 0 0 0 1 0 0 0
1513896086.4 16557 10012 19508 20317 22450 22625 688 3602 684 1373, 0 0 0 0 0 0 1 0 0 0
1513896087.42 22075 14717 20871 20214 24215 25033 102 1987 104 202, 0 0 0 0 0 0 1 0 0 0
1513896088.44 21717 13998 19516 18608 24367 25053 37 979 35 68, 0 0 0 0 0 0 1 0 0 0
1513896089.46 27462 20140 20723 18624 25957 28828 37 1374 39 75, 0 0 0 0 0 0 1 0 0 0
1513896090.48 25476 19846 16901 15951 22048 24382 19 472 22 36, 0 0 0 0 0 0 1 0 0 0
1513896091.5 28187 23940 21772 20733 24988 28681 24 138 26 49, 0 0 0 0 0 0 1 0 0 0
1513896092.51 23468 20202 19150 21323 24236 26354 19 45 24 40, 0 0 0 0 0 0 1 0 0 0
1513896093.53 25257 23373 23436 20696 24159 31066 1189 2387 1190 2378, 0 0 0 0 0 0 1 0 0 0
1513896094.56 27087 27273 27567 24029 25590 30034 73 149 75 142, 0 0 0 0 0 0 1 0 0 0
1513896095.59 22943 21004 22617 21802 24393 29015 26 58 26 45, 0 0 0 0 0 0 1 0 0 0
1513896096.62 22193 20511 17801 16293 18672 22682 138 291 139 241, 0 0 0 0 0 0 1 0 0 0
1513896097.65 25875 23118 22621 19907 23072 28630 565 1178 576 1128, 0 0 0 0 0 0 1 0 0 0
1513896098.66 20770 21338 22899 17481 22152 28708 594 1258 597 1187, 0 0 0 0 0 0 1 0 0 0
1513896099.7 25746 24113 21127 15916 20755 28187 532 1062 530 1054, 0 0 0 0 0 0 1 0 0 0
1513896100.73 28721 30063 29828 20157 29165 34755 1489 3372 1495 2848, 0 0 0 0 0 0 1 0 0 0
1513896101.77 24428 17975 18300 12654 17990 29532 514 1311 520 1147, 0 0 0 0 0 0 1 0 0 0
1513896102.81 28504 22150 20007 13393 22215 31476 608 4053 608 1207, 0 0 0 0 0 0 1 0 0 0
1513896103.82 28728 21406 16565 10732 20740 29172 58 4455 60 109, 0 0 0 0 0 0 1 0 0 0
1513896104.85 30992 26649 18212 14594 23963 31045 35 3321 45 76, 0 0 0 0 0 0 1 0 0 0
1513896105.88 25851 21715 15843 15142 22810 25855 49 3265 50 91, 0 0 0 0 0 0 1 0 0 0
1513896106.89 20671 16906 14177 15360 21776 22695 44 2542 48 90, 0 0 0 0 0 0 1 0 0 0
1513896107.91 27048 21911 16969 16930 21049 23999 43 4127 39 73, 0 0 0 0 0 0 1 0 0 0
1513896108.93 25876 21804 19496 15607 17932 21419 31 5116 40 63, 0 0 0 0 0 0 1 0 0 0
1513896109.96 20574 21084 23215 19063 16492 16776 45 4643 42 82, 0 0 0 0 0 0 1 0 0 0
1513896110.98 13827 18013 23100 19618 12445 12006 40 1062 43 77, 0 0 0 0 0 0 1 0 0 0
1513896112.01 14383 19049 25333 20065 9318 8997 49 1851 51 94, 0 0 0 0 0 0 1 0 0 0
1513896113.1 17883 22922 27990 22387 8667 8788 42 347 46 85, 0 0 0 0 0 0 1 0 0 0
1513896114.15 22422 26489 27044 20204 8508 9660 50 1074 53 92, 0 0 0 0 0 0 1 0 0 0
1513896115.25 15643 14527 14058 15014 4556 4963 32 185 34 63, 0 0 0 0 0 0 1 0 0 0
1513896116.35 19771 14704 25540 26832 7987 7261 65 1465 64 119, 0 0 0 0 0 0 1 0 0 0
1513896117.37 13993 12198 14699 14264 3696 3025 34 761 36 66, 0 0 0 0 0 0 1 0 0 0
1513896118.39 14767 13367 17003 17172 3038 1789 35 847 31 62, 0 0 0 0 0 0 1 0 0 0
1513896119.41 13853 19029 19373 13538 4069 3472 36 417 37 67, 0 0 0 0 0 0 1 0 0 0
1513896120.44 17292 18322 17944 12697 10471 13177 329 675 332 652, 0 0 0 0 0 0 1 0 0 0
1513896121.49 21275 14874 15755 8630 7988 12118 63 158 72 126, 0 0 0 0 0 0 1 0 0 0
1513896122.54 20503 14695 21840 11376 9769 13828 40 105 49 74, 0 0 0 0 0 0 1 0 0 0
1513896123.65 17498 9475 19102 8549 7665 11920 52 133 63 109, 0 0 0 0 0 0 1 0 0 0
1513896124.7 16538 11581 17488 9494 7013 11208 63 139 74 119, 0 0 0 0 0 0 1 0 0 0
1513896125.74 11944 6954 18139 7755 6539 11072 37 102 51 74, 0 0 0 0 0 0 1 0 0 0
1513896126.78 12947 10606 20568 12961 9434 11349 34 81 36 66, 0 0 0 0 0 0 1 0 0 0
1513896127.85 21823 13668 36038 25264 15504 18667 88 658 97 162, 0 0 0 0 0 0 1 0 0 0
1513896128.89 8931 7609 24052 17145 8555 8677 78 685 89 136, 0 0 0 0 0 0 1 0 0 0
1513896129.91 5130 5681 21462 17553 8451 6119 56 1018 70 115, 0 0 0 0 0 0 1 0 0 0
1513896130.94 5582 6787 27639 22972 9505 6186 38 1395 42 80, 0 0 0 0 0 0 1 0 0 0
1513896131.98 5806 9313 27323 23196 8993 5947 46 1758 50 85, 0 0 0 0 0 0 1 0 0 0
1513896133.0 2924 7390 25788 20013 8189 3521 26 1240 28 49, 0 0 0 0 0 0 1 0 0 0
1513896134.02 4690 11551 28971 20281 8519 3912 25 2003 30 54, 0 0 0 0 0 0 1 0 0 0
1513896135.05 6035 10567 17455 15584 9195 5163 40 1437 45 76, 0 0 0 0 0 0 1 0 0 0
1513896136.11 9545 10660 12791 13899 10215 8138 42 101 54 93, 0 0 0 0 0 0 1 0 0 0
1513896137.13 10572 17323 16070 13856 9298 8307 45 95 47 80, 0 0 0 0 0 0 1 0 0 0
1513896138.15 11868 16629 10074 10101 8668 8479 37 79 38 70, 0 0 0 0 0 0 1 0 0 0
1513896139.18 12588 15041 6428 6839 7326 9284 27 62 32 59, 0 0 0 0 0 0 1 0 0 0
1513896140.23 9498 12588 4241 2210 3895 8030 35 79 41 67, 0 0 0 0 0 0 1 0 0 0
1513896141.25 7346 12102 5235 933 1699 6273 37 76 36 69, 0 0 0 0 0 0 1 0 0 0
1513896142.29 12882 10874 3252 3059 5964 11114 30 73 35 61, 0 0 0 0 0 0 1 0 0 0
1513896143.32 22760 17485 6107 16818 24366 21694 38 113 40 75, 0 0 0 0 0 0 1 0 0 0
1513896144.35 16600 6946 6385 15568 19475 17245 28 1622 24 46, 0 0 0 0 0 0 1 0 0 0
1513896145.36 15855 4892 7605 16909 17737 14968 33 1914 31 57, 0 0 0 0 0 0 1 0 0 0
1513896146.39 20496 7402 8505 17330 19112 19284 128 1704 129 259, 0 0 0 0 0 0 1 0 0 0
1513896147.41 26858 12764 10351 16452 25664 29688 24 2341 26 46, 0 0 0 0 0 0 1 0 0 0
1513896148.43 25583 15352 12936 14476 18759 28664 24 1819 20 38, 0 0 0 0 0 0 1 0 0 0
1513896149.44 22518 16141 10108 9894 13805 23077 9 1770 7 13, 0 0 0 0 0 0 1 0 0 0
1513896150.47 29784 22305 10558 7048 15495 25820 16 1659 12 23, 0 0 0 0 0 0 1 0 0 0
1513896151.48 25957 23555 7623 6396 11460 21897 18 1152 19 30, 0 0 0 0 0 0 1 0 0 0
1513896152.51 30100 33103 16634 10604 12377 22340 24 1084 33 44, 0 0 0 0 0 0 1 0 0 0
1513896153.52 24912 30913 19436 13231 13505 20473 14 906 21 29, 0 0 0 0 0 0 1 0 0 0
1513896154.54 26732 27907 18903 13410 14370 24732 11 213 14 26, 0 0 0 0 0 0 1 0 0 0
1513896155.56 21763 26191 16286 13810 13321 17742 21 149 22 35, 0 0 0 0 0 0 1 0 0 0
1513896156.57 13994 18028 9151 11412 13291 16221 18 44 16 30, 0 0 0 0 0 0 1 0 0 0
1513896157.6 14060 14843 10583 13143 12504 13556 10 25 10 18, 0 0 0 0 0 0 1 0 0 0
1513896158.62 16495 15168 12222 11885 11940 14703 14 39 17 30, 0 0 0 0 0 0 1 0 0 0
1513896159.64 15119 14500 12423 10551 10786 13693 32 78 36 54, 0 0 0 0 0 0 1 0 0 0
1513896160.66 12016 10115 9851 11146 12191 13064 25 74 34 47, 0 0 0 0 0 0 1 0 0 0
1513896161.67 3650 5720 8481 8704 8584 6227 41 100 47 70, 0 0 0 0 0 0 1 0 0 0
1513896162.7 2540 4973 12294 13357 7968 4811 35 95 41 58, 0 0 0 0 0 0 1 0 0 0
1513896163.71 2252 2631 12683 16775 10470 6016 28 75 38 53, 0 0 0 0 0 0 1 0 0 0
1513896164.73 3340 2670 13897 18696 13859 9095 30 71 35 46, 0 0 0 0 0 0 1 0 0 0
1513896165.74 2780 2126 13454 19859 13439 8538 21 52 26 36, 0 0 0 0 0 0 1 0 0 0
1513896166.76 5193 3758 11692 19704 11950 8587 14 47 24 27, 0 0 0 0 0 0 1 0 0 0
1513896167.78 3974 5390 12630 19820 10013 6630 15 53 21 29, 0 0 0 0 0 0 1 0 0 0
1513896168.81 4106 6489 9409 19002 10310 7378 26 60 29 40, 0 0 0 0 0 0 1 0 0 0
1513896169.84 8377 9104 12516 18602 13286 10723 13 701 12 25, 0 0 0 0 0 0 1 0 0 0
1513896170.87 20870 20331 15371 24932 23149 18188 22 2786 26 36, 0 0 0 0 0 0 1 0 0 0
1513896171.91 16685 19084 10610 16034 15311 11261 18 1824 18 27, 0 0 0 0 0 0 1 0 0 0
1513896172.92 12043 16492 11262 14994 14441 7238 10 1236 10 18, 0 0 0 0 0 0 1 0 0 0
1513896173.94 5842 12861 9935 10994 8482 3817 14 1439 21 28, 0 0 0 0 0 0 1 0 0 0
1513896174.97 11249 15424 18512 20446 13960 7789 19 1840 25 37, 0 0 0 0 0 0 1 0 0 0
1513896175.99 7468 9385 15975 17664 12837 7736 21 1531 24 34, 0 0 0 0 0 0 1 0 0 0
1513896177.0 3989 8857 16624 16857 11435 6513 23 62 26 34, 0 0 0 0 0 0 1 0 0 0
1513896178.02 2828 9508 18935 17188 9189 4662 14 160 21 33, 0 0 0 0 0 0 1 0 0 0
1513896179.04 2365 7064 18257 18490 7067 2886 15 630 21 29, 0 0 0 0 0 0 1 0 0 0
1513896180.05 2564 7616 15953 17644 7860 4079 12 22 9 19, 0 0 0 0 0 0 1 0 0 0
1513896181.07 3623 10567 18004 15886 9469 5480 11 32 12 22, 0 0 0 0 0 0 1 0 0 0
1513896182.09 4234 7891 13093 13422 10427 6802 7 21 14 19, 0 0 0 0 0 0 1 0 0 0
1513896183.11 5351 9365 12487 12178 10328 6771 18 43 19 32, 0 0 0 0 0 0 1 0 0 0
1513896184.11 4932 9434 14897 13289 8772 6149 14 44 22 23, 0 0 0 0 0 0 1 0 0 0
1513896185.12 5453 7381 15190 14120 8825 7111 14 35 19 23, 0 0 0 0 0 0 1 0 0 0
1513896186.14 6158 5823 8171 7832 7552 8538 28 74 39 50, 0 0 0 0 0 0 1 0 0 0
1513896187.16 5022 5086 6639 6257 5388 5971 31 72 34 48, 0 0 0 0 0 0 1 0 0 0
1513896188.17 3841 5353 6485 4892 2722 3187 28 76 42 54, 0 0 0 0 0 0 1 0 0 0
1513896189.19 4990 4564 5434 5066 5088 5965 25 64 32 41, 0 0 0 0 0 0 1 0 0 0
1513896190.21 5779 2913 4318 8448 10845 8914 32 82 42 55, 0 0 0 0 0 0 1 0 0 0
1513896191.22 5282 1751 4228 13325 19822 12188 19 58 30 38, 0 0 0 0 0 0 1 0 0 0
1513896192.23 5115 1641 5593 16081 23092 14410 19 53 29 35, 0 0 0 0 0 0 1 0 0 0
1513896193.25 4519 1814 6814 17581 24499 13355 38 92 44 62, 0 0 0 0 0 0 1 0 0 0
1513896194.26 5791 4662 10828 20002 24360 12878 21 67 25 41, 0 0 0 0 0 0 1 0 0 0
1513896195.28 3598 6031 16322 20033 20276 7971 18 55 26 39, 0 0 0 0 0 0 1 0 0 0
1513896196.3 3138 3528 14247 14493 16673 6179 12 34 17 25, 0 0 0 0 0 0 1 0 0 0
1513896197.31 3793 6728 17121 16317 19992 9773 13 35 17 27, 0 0 0 0 0 0 1 0 0 0
1513896198.33 5280 6970 14152 13008 13159 6460 14 512 14 31, 0 0 0 0 0 0 1 0 0 0
1513896199.35 8081 6945 11634 6712 6816 5187 13 1029 14 25, 0 0 0 0 0 0 1 0 0 0
1513896200.37 12192 10214 15271 3972 1622 4594 17 527 25 24, 0 0 0 0 0 0 1 0 0 0
1513896201.39 11578 7160 6656 2452 2121 5283 26 100 30 47, 0 0 0 0 0 0 1 0 0 0
1513896202.41 10918 9465 7472 3153 1930 4387 21 70 32 44, 0 0 0 0 0 0 1 0 0 0
1513896203.42 9343 8349 7421 5526 1926 3603 20 66 30 44, 0 0 0 0 0 0 1 0 0 0
1513896204.44 19649 16155 10603 10463 6261 10420 17 47 20 26, 0 0 0 0 0 0 1 0 0 0
1513896205.49 21580 15220 9793 14012 11348 14213 9 47 17 23, 0 0 0 0 0 0 1 0 0 0
1513896206.53 10954 9039 7502 14770 9557 8170 10 27 12 21, 0 0 0 0 0 0 1 0 0 0
1513896207.56 7909 4901 3798 12199 7301 5670 7 68 14 21, 0 0 0 0 0 0 1 0 0 0
1513896208.6 8827 5089 5806 13387 9459 9322 9 192 10 14, 0 0 0 0 0 0 1 0 0 0
1513896209.62 10029 3322 2622 11507 6723 8954 8 30 10 21, 0 0 0 0 0 0 1 0 0 0
1513896210.64 9657 4187 2674 11593 8067 11161 2 11 3 4, 0 0 0 0 0 0 1 0 0 0
1513896211.67 17272 3033 5498 12988 17862 26157 8 17 6 13, 0 0 0 0 0 0 1 0 0 0
1513896212.7 16468 1691 4976 11985 16856 24213 8 19 8 14, 0 0 0 0 0 0 1 0 0 0
1513896213.71 19920 5745 6230 11327 17294 25414 10 30 16 25, 0 0 0 0 0 0 1 0 0 0
1513896214.72 25305 10614 7538 11801 15985 25085 9 24 12 26, 0 0 0 0 0 0 1 0 0 0
1513896215.74 24530 16331 15489 14759 16347 23523 13 40 20 27, 0 0 0 0 0 0 1 0 0 0
1513896216.77 19611 16913 17775 15534 12944 16752 19 55 20 29, 0 0 0 0 0 0 1 0 0 0
1513896217.78 15363 15599 18766 15413 11533 13435 23 77 29 41, 0 0 0 0 0 0 1 0 0 0
1513896218.8 15163 15114 15990 10555 7640 8204 21 59 30 44, 0 0 0 0 0 0 1 0 0 0
1513896219.81 16597 21339 20652 13705 9688 9264 20 64 27 38, 0 0 0 0 0 0 1 0 0 0
1513896220.83 10651 16143 18630 14753 10729 5484 15 35 20 29, 0 0 0 0 0 0 1 0 0 0
1513896221.84 16518 22575 22325 14227 8545 5022 9 36 13 20, 0 0 0 0 0 0 1 0 0 0
1513896222.87 14065 19145 21523 14134 9467 4855 18 47 24 31, 0 0 0 0 0 0 1 0 0 0
1513896223.88 17354 20965 32669 19148 9355 6640 21 76 26 38, 0 0 0 0 0 0 1 0 0 0
1513896224.9 25906 17349 20920 16931 9932 7716 32 63 34 53, 0 0 0 0 0 0 1 0 0 0
1513896225.91 16508 13122 18137 12651 5823 5248 9 28 12 17, 0 0 0 0 0 0 1 0 0 0
1513896226.93 21627 14922 15788 11518 6936 6622 10 25 13 18, 0 0 0 0 0 0 1 0 0 0
1513896227.95 19349 14550 12051 8306 9334 11613 18 42 18 30, 0 0 0 0 0 0 1 0 0 0
1513896228.97 12195 6805 4380 7841 14914 18207 1926 3315 1681 3841, 0 0 0 0 0 0 1 0 0 0
1513896229.98 12303 6420 3480 8162 14914 18207 1926 3855 1924 3841, 0 0 0 0 0 0 1 0 0 0
1513896231.0 9375 10197 8615 8479 11267 11117 1041 2102 1050 2080, 0 0 0 0 0 0 1 0 0 0
1513896232.02 20258 14587 13000 8985 10892 21016 950 1915 958 1902, 0 0 0 0 0 0 1 0 0 0
1513896233.03 20258 14587 13000 8985 10892 21016 950 1915 958 1902, 0 0 0 0 0 0 1 0 0 0
1513896234.07 16976 12607 13721 11658 12499 20385 494 997 495 983, 0 0 0 0 0 0 1 0 0 0
1513896235.07 12477 11079 11520 10217 11478 14346 9 24 11 20, 0 0 0 0 0 0 1 0 0 0
1513896236.09 12477 11079 11520 10217 11478 14346 9 24 11 20, 0 0 0 0 0 0 1 0 0 0
1513896237.09 11225 8601 5756 6173 9274 12949 229 258 320 732, 0 0 0 0 0 0 1 0 0 0
1513896238.1 11621 7053 5087 5291 12831 19193 520 1049 517 1023, 0 0 0 0 0 0 1 0 0 0
1513896239.11 7837 4605 3682 4184 10239 14084 43 99 50 89, 0 0 0 0 0 0 1 0 0 0
1513896240.13 8152 4028 2286 3221 7672 12287 15 37 20 26, 0 0 0 0 0 0 1 0 0 0
1513896241.15 4146 1842 982 1700 4930 6725 18 49 21 28, 0 0 0 0 0 0 1 0 0 0
1513896242.16 2930 241 147 1293 4087 5809 20 61 30 38, 0 0 0 0 0 0 1 0 0 0
1513896243.18 2164 473 905 2530 4084 4595 39 112 54 77, 0 0 0 0 0 0 1 0 0 0
1513896244.2 1397 665 1288 3167 5199 6039 25 65 31 43, 0 0 0 0 0 0 1 0 0 0
1513896245.22 1771 2138 2708 3837 3827 6106 13 57 33 39, 0 0 0 0 0 0 1 0 0 0
1513896246.23 1568 2470 2539 3363 3134 4531 26 68 36 48, 0 0 0 0 0 0 1 0 0 0
1513896247.24 2321 5357 4991 4496 2431 3020 19 50 23 36, 0 0 0 0 0 0 1 0 0 0
1513896248.26 5692 11259 7501 6031 5493 4264 14 37 18 30, 0 0 0 0 0 0 1 0 0 0
1513896249.28 11925 15521 8635 7556 7712 8963 32 182 43 54, 0 0 0 0 0 0 1 0 0 0
1513896250.3 16213 23274 14028 10768 12322 13048 26 154 36 46, 0 0 0 0 0 0 1 0 0 0
1513896251.32 15615 23471 16412 13296 14395 13650 20 435 22 35, 0 0 0 0 0 0 1 0 0 0
1513896252.34 8390 17865 13243 10862 12909 9483 18 147 22 35, 0 0 0 0 0 0 1 0 0 0
1513896253.37 11714 20593 20982 21915 18179 12780 24 210 23 44, 0 0 0 0 0 0 1 0 0 0
1513896254.38 14752 20798 23489 24347 20189 15761 152 688 155 303, 0 0 0 0 0 0 1 0 0 0
1513896255.4 18314 22319 23371 24586 20852 19035 344 1064 342 680, 0 0 0 0 0 0 1 0 0 0
1513896256.44 16754 20101 24981 23020 20281 18658 82 520 80 160, 0 0 0 0 0 0 1 0 0 0
1513896257.46 23160 27492 32389 22780 18847 21869 98 1036 113 196, 0 0 0 0 0 0 1 0 0 0
1513896258.49 19035 24660 27562 22433 15990 15615 31 72 28 56, 0 0 0 0 0 0 1 0 0 0
1513896259.51 20101 25094 28882 21643 15053 15165 30 70 33 61, 0 0 0 0 0 0 1 0 0 0
1513896260.54 18911 24137 27872 21283 15465 14710 28 61 29 62, 0 0 0 0 0 0 1 0 0 0
1513896261.56 19270 22881 24933 19596 14180 15968 22 55 27 45, 0 0 0 0 0 0 1 0 0 0
1513896262.58 12758 15107 21544 12675 8021 10576 35 87 34 64, 0 0 0 0 0 0 1 0 0 0
1513896263.61 18729 24452 22233 11991 7629 11986 28 71 30 50, 0 0 0 0 0 0 1 0 0 0
1513896264.63 19385 19653 14947 9824 8907 15225 29 69 32 52, 0 0 0 0 0 0 1 0 0 0
1513896265.66 19619 20529 15013 8535 8920 15830 31 75 30 51, 0 0 0 0 0 0 1 0 0 0
1513896266.7 17363 18368 11852 4537 7984 14771 33 75 32 61, 0 0 0 0 0 0 1 0 0 0
1513896267.72 14878 13964 5580 1153 6275 12512 41 93 42 73, 0 0 0 0 0 0 1 0 0 0
1513896268.76 12182 12575 4670 2872 5463 9762 34 86 37 66, 0 0 0 0 0 0 1 0 0 0
1513896269.79 10338 13294 7052 8761 7585 9170 34 83 33 60, 0 0 0 0 0 0 1 0 0 0
1513896270.82 10157 14576 7047 13409 10505 11069 30 77 35 57, 0 0 0 0 0 0 1 0 0 0
1513896271.84 11800 12079 8297 15841 11122 11694 28 60 25 48, 0 0 0 0 0 0 1 0 0 0
1513896272.87 6813 9765 8831 16820 10927 7985 36 212 37 67, 0 0 0 0 0 0 1 0 0 0
1513896273.9 4895 4969 7660 16810 12418 7088 38 120 45 69, 0 0 0 0 0 0 1 0 0 0
1513896274.92 4048 3814 8962 16808 9381 4889 40 84 39 75, 0 0 0 0 0 0 1 0 0 0
1513896275.94 4363 4027 11473 14221 8952 5562 39 93 46 87, 0 0 0 0 0 0 1 0 0 0
1513896276.97 5264 10397 24003 21758 12680 9194 43 165 72 91, 0 0 0 0 0 0 1 0 0 0
1513896277.98 4942 6690 19980 23691 12302 4752 69 121 55 138, 0 0 0 0 0 0 1 0 0 0
1513896279.0 3581 6507 19429 18802 8316 3467 46 106 52 85, 0 0 0 0 0 0 1 0 0 0
1513896280.01 4101 11676 25069 20266 8754 3633 48 109 52 91, 0 0 0 0 0 0 1 0 0 0
1513896281.03 4486 10589 22046 18956 9710 4637 47 110 47 81, 0 0 0 0 0 0 1 0 0 0
1513896282.06 3955 9278 19255 17840 8955 4236 45 289 44 78, 0 0 0 0 0 0 1 0 0 0
1513896283.09 5393 8017 15372 15280 9695 7484 42 98 50 81, 0 0 0 0 0 0 1 0 0 0
1513896284.11 4840 7168 11791 13172 11193 10679 35 85 35 64, 0 0 0 0 0 0 1 0 0 0
1513896285.13 4129 6064 10064 11124 9625 10384 33 89 38 68, 0 0 0 0 0 0 1 0 0 0
1513896286.15 5638 8879 11346 10051 10490 11064 44 90 37 74, 0 0 0 0 0 0 1 0 0 0
1513896287.17 4754 8024 6158 4810 9086 7898 34 80 38 67, 0 0 0 0 0 0 1 0 0 0
1513896288.21 4305 10252 10778 7094 7794 5377 42 520 39 71, 0 0 0 0 0 0 1 0 0 0
1513896289.26 5007 16627 23597 12379 8145 4558 36 2105 34 67, 0 0 0 0 0 0 1 0 0 0
1513896290.3 3422 11115 21839 10578 9841 7403 26 1547 30 54, 0 0 0 0 0 0 1 0 0 0
1513896291.33 2082 11491 28769 15711 8240 4006 43 1453 46 79, 0 0 0 0 0 0 1 0 0 0
1513896292.42 2423 12949 30341 20125 9592 2814 27 84 31 50, 0 0 0 0 0 0 1 0 0 0
1513896293.51 1929 12891 30505 18521 9837 2063 29 75 30 56, 0 0 0 0 0 0 1 0 0 0
1513896294.56 1931 14030 42169 23206 11234 1582 38 116 54 75, 0 0 0 0 0 0 1 0 0 0
1513896295.61 1333 7582 25577 16686 6574 919 27 54 22 40, 0 0 0 0 0 0 1 0 0 0
1513896296.66 1054 5098 21243 11538 5085 998 18 41 17 31, 0 0 0 0 0 0 1 0 0 0
1513896297.77 1189 4493 20287 16516 7403 1738 14 37 14 23, 0 0 0 0 0 0 1 0 0 0
1513896298.82 152 1206 15269 14436 5224 509 10 32 15 21, 0 0 0 0 0 0 1 0 0 0
1513896299.96 616 2361 14772 9600 1863 247 11 154 10 15, 0 0 0 0 0 0 1 0 0 0
1513896301.0 2977 4325 19509 11525 2325 1936 19 121 26 36, 0 0 0 0 0 0 1 0 0 0
1513896302.02 4376 5159 11828 6194 1056 2538 19 41 18 33, 0 0 0 0 0 0 1 0 0 0
1513896303.04 11063 9423 8878 8722 9917 11445 31 62 26 50, 0 0 0 0 0 0 1 0 0 0
1513896304.07 15020 9579 5677 7842 18147 22558 27 65 27 49, 0 0 0 0 0 0 1 0 0 0
1513896305.09 17618 8702 3199 7428 21388 27699 35 85 44 62, 0 0 0 0 0 0 1 0 0 0
1513896306.11 11506 6202 3803 7329 19828 25003 26 72 31 49, 0 0 0 0 0 0 1 0 0 0
1513896307.13 14537 8530 3513 5574 17271 21528 23 1581 26 43, 0 0 0 0 0 0 1 0 0 0
1513896308.14 16600 11174 4012 4135 14931 20897 22 1882 27 46, 0 0 0 0 0 0 1 0 0 0
1513896309.16 18633 16212 6790 6299 16292 17249 19 1855 24 39, 0 0 0 0 0 0 1 0 0 0
1513896310.2 17245 11634 4735 7114 15540 18554 686 3137 687 1367, 0 0 0 0 0 0 1 0 0 0
1513896311.22 18958 12365 6455 10537 18924 23366 1266 3017 1264 2519, 0 0 0 0 0 0 1 0 0 0
1513896312.23 16141 9733 5841 10236 20130 23643 1613 3236 1611 3218, 0 0 0 0 0 0 1 0 0 0
1513896313.25 13519 6549 2906 7285 14008 19141 918 1838 914 1829, 0 0 0 0 0 0 1 0 0 0
1513896314.27 11284 6181 3768 6875 11534 14746 880 1768 883 1754, 0 0 0 0 0 0 1 0 0 0
1513896315.28 9787 6067 3459 5125 6744 9478 767 1540 762 1527, 0 0 0 0 0 0 1 0 0 0
1513896316.3 8772 12248 14389 10163 6017 6334 724 1468 727 1445, 0 0 0 0 0 0 1 0 0 0
1513896317.32 8567 15580 18796 13643 6673 5374 772 1553 771 1540, 0 0 0 0 0 0 1 0 0 0
1513896318.33 4397 10025 22084 18708 10912 5984 281 573 283 563, 0 0 0 0 0 0 1 0 0 0
1513896319.35 7015 10956 25839 17372 10670 10209 721 1435 717 1436, 0 0 0 0 0 0 1 0 0 0
1513896320.38 8422 12876 22471 18360 12720 14080 1360 2723 1358 2717, 0 0 0 0 0 0 1 0 0 0
1513896321.39 5612 6932 15539 16120 11147 11483 608 1222 610 1214, 0 0 0 0 0 0 1 0 0 0
1513896322.41 3290 5232 16250 16403 9666 9749 521 1059 521 1034, 0 0 0 0 0 0 1 0 0 0
1513896323.42 2354 6097 19593 17070 10537 8762 63 135 60 116, 0 0 0 0 0 0 1 0 0 0
1513896324.44 3946 6384 16268 18370 10883 6757 29 74 30 48, 0 0 0 0 0 0 1 0 0 0
1513896325.46 4835 9551 20279 19862 11324 8311 22 52 22 39, 0 0 0 0 0 0 1 0 0 0
1513896326.48 7550 13350 17511 17202 12546 8371 24 53 23 41, 0 0 0 0 0 0 1 0 0 0
1513896327.49 6363 11376 15503 15759 12668 8385 18 44 20 36, 0 0 0 0 0 0 1 0 0 0
1513896328.53 5333 9419 16745 18585 11860 7591 33 64 32 52, 0 0 0 0 0 0 1 0 0 0
1513896329.54 4260 12501 21696 21043 9715 4507 47 103 45 86, 0 0 0 0 0 0 1 0 0 0
1513896330.55 1633 7530 13648 11427 3990 1302 106 226 109 199, 0 0 0 0 0 0 1 0 0 0
1513896331.56 981 5478 9850 7916 3065 556 28 58 31 54, 0 0 0 0 0 0 1 0 0 0
1513896332.58 200 2243 6761 7836 3259 707 32 68 31 62, 0 0 0 0 0 0 1 0 0 0
1513896333.59 274 1194 4443 4618 1373 389 21 51 28 51, 0 0 0 0 0 0 1 0 0 0
1513896334.61 5251 1564 3406 6663 8510 8485 39 78 37 73, 0 0 0 0 0 0 1 0 0 0
1513896335.62 8595 2472 4027 8563 13406 13190 35 74 35 61, 0 0 0 0 0 0 1 0 0 0
1513896336.64 14419 4545 3991 8735 17925 20260 22 49 27 44, 0 0 0 0 0 0 1 0 0 0
1513896337.65 14131 3712 4541 11284 19930 19928 19 42 21 42, 0 0 0 0 0 0 1 0 0 0
1513896338.67 12107 2392 3131 8575 20706 19407 23 54 29 40, 0 0 0 0 0 0 1 0 0 0
1513896339.69 13547 3514 4109 10591 20540 19188 21 57 32 51, 0 0 0 0 0 0 1 0 0 0
1513896340.7 10301 1848 3400 9170 21267 17438 32 77 36 63, 0 0 0 0 0 0 1 0 0 0
1513896341.72 9921 3045 5341 11995 17401 15453 24 62 29 50, 0 0 0 0 0 0 1 0 0 0
1513896342.74 10458 3372 3794 9623 15928 14600 24 54 23 42, 0 0 0 0 0 0 1 0 0 0
1513896343.76 8001 2226 2584 8145 15633 12193 32 69 34 55, 0 0 0 0 0 0 1 0 0 0
1513896344.79 8721 2248 2391 7376 11730 12005 31 74 37 55, 0 0 0 0 0 0 1 0 0 0
1513896345.82 9818 2377 1877 5574 10315 15182 35 78 35 63, 0 0 0 0 0 0 1 0 0 0
1513896346.89 8520 1635 558 3017 11476 15413 40 90 42 61, 0 0 0 0 0 0 1 0 0 0
1513896347.95 6510 931 767 4061 10884 13595 23 55 24 43, 0 0 0 0 0 0 1 0 0 0
1513896349.01 5977 1056 939 3450 8774 12478 19 41 20 36, 0 0 0 0 0 0 1 0 0 0
1513896350.04 4861 1721 2844 5886 9758 9060 23 51 27 50, 0 0 0 0 0 0 1 0 0 0
1513896351.09 5590 4453 4796 6546 10306 10179 29 98 31 54, 0 0 0 0 0 0 1 0 0 0
1513896352.12 7935 6900 18321 20779 15939 15446 48 83 47 81, 0 0 0 0 0 0 1 0 0 0
1513896353.15 7214 6239 15127 16138 14889 13580 23 51 25 44, 0 0 0 0 0 0 1 0 0 0
1513896354.17 6405 5892 14930 16019 14867 12574 22 49 24 37, 0 0 0 0 0 0 1 0 0 0
1513896355.18 10795 7447 12955 15490 17327 17045 16 35 17 33, 0 0 0 0 0 0 1 0 0 0
1513896356.21 10134 6143 8171 11766 17309 17385 26 53 23 40, 0 0 0 0 0 0 1 0 0 0
1513896357.24 6624 3236 6362 10469 17981 16304 22 54 24 37, 0 0 0 0 0 0 1 0 0 0
1513896358.26 6181 1872 4984 8170 16251 17399 20 47 19 32, 0 0 0 0 0 0 1 0 0 0
1513896359.28 10458 3511 6337 10743 20739 22952 22 60 26 38, 0 0 0 0 0 0 1 0 0 0
1513896360.29 10480 3197 2930 8463 18226 20970 24 55 26 49, 0 0 0 0 0 0 1 0 0 0
1513896361.31 15498 4884 1761 7288 18204 24094 30 62 30 60, 0 0 0 0 0 0 1 0 0 0
1513896362.33 15241 4926 807 6358 17449 23957 34 75 34 56, 0 0 0 0 0 0 1 0 0 0
1513896363.35 12614 4772 1272 6022 15908 20762 38 83 40 63, 0 0 0 0 0 0 1 0 0 0
1513896364.36 9583 5373 1591 6012 14251 14724 33 78 33 57, 0 0 0 0 0 0 1 0 0 0
1513896365.38 5871 3227 95 6142 15923 12920 29 72 33 55, 0 0 0 0 0 0 1 0 0 0
1513896366.39 4771 2774 92 6074 15662 13509 29 75 36 49, 0 0 0 0 0 0 1 0 0 0
1513896367.41 7741 6500 1329 5682 13859 14368 28 68 30 49, 0 0 0 0 0 0 1 0 0 0
1513896368.45 9298 10465 5991 6714 11646 14995 27 66 32 50, 0 0 0 0 0 0 1 0 0 0
1513896369.48 7688 9801 4929 4244 9166 13616 21 55 25 36, 0 0 0 0 0 0 1 0 0 0
1513896370.49 13303 13118 6397 6142 11229 17767 25 55 26 50, 0 0 0 0 0 0 1 0 0 0
1513896371.53 13798 10497 6088 5992 9913 17615 40 76 37 69, 0 0 0 0 0 0 1 0 0 0
1513896372.59 19047 9526 3388 5942 13249 24015 25 61 31 48, 0 0 0 0 0 0 1 0 0 0
1513896373.62 21628 12037 9171 9947 17225 37660 34 277 38 68, 0 0 0 0 0 0 1 0 0 0
1513896374.64 13489 9914 7053 4095 6848 17692 29 108 34 61, 0 0 0 0 0 0 1 0 0 0
1513896375.66 17589 13212 10183 9065 10117 17717 35 78 35 67, 0 0 0 0 0 0 1 0 0 0
1513896376.71 22571 20904 15373 10615 12292 20421 24 57 26 41, 0 0 0 0 0 0 1 0 0 0
1513896377.74 21378 19078 13573 7317 9393 22597 26 60 27 49, 0 0 0 0 0 0 1 0 0 0
1513896378.77 14237 16035 12411 5011 8823 22599 35 71 36 64, 0 0 0 0 0 0 1 0 0 0
1513896379.78 12679 15557 10620 3986 8030 17050 30 71 30 60, 0 0 0 0 0 0 1 0 0 0
1513896380.79 18415 19798 13989 8849 12195 21082 22 59 26 43, 0 0 0 0 0 0 1 0 0 0
1513896381.81 19567 21547 15632 12476 17423 24212 28 64 28 55, 0 0 0 0 0 0 1 0 0 0
1513896382.83 15561 17635 14506 10651 16086 20395 21 54 21 39, 0 0 0 0 0 0 1 0 0 0
1513896383.86 16918 18570 16281 11465 16135 21050 29 75 32 53, 0 0 0 0 0 0 1 0 0 0
1513896384.89 12935 13972 13505 10338 16423 18579 18 41 19 35, 0 0 0 0 0 0 1 0 0 0
1513896385.9 8404 8660 8365 5463 13196 19262 32 72 36 68, 0 0 0 0 0 0 1 0 0 0
1513896386.94 15556 10854 9391 7023 19281 29690 51 112 50 88, 0 0 0 0 0 0 1 0 0 0
1513896387.96 20491 11100 10567 9610 20496 32291 61 134 64 122, 0 0 0 0 0 0 1 0 0 0
1513896389.01 18964 12635 9483 8638 19370 27519 579 1167 575 1148, 0 0 0 0 0 0 1 0 0 0
1513896390.02 18361 15761 9594 7244 16421 27535 1033 2090 1041 2072, 0 0 0 0 0 0 1 0 0 0
1513896391.05 10742 10580 4754 3756 12946 25362 114 236 116 222, 0 0 0 0 0 0 1 0 0 0
1513896392.1 13925 10319 4672 4679 16553 28651 350 708 352 693, 0 0 0 0 0 0 1 0 0 0
1513896393.13 12110 10433 4808 4798 16499 23741 640 1287 638 1273, 0 0 0 0 0 0 1 0 0 0
1513896394.16 24994 13295 4333 7734 27350 40932 68 155 73 130, 0 0 0 0 0 0 1 0 0 0
1513896395.22 16235 6525 1773 5169 19308 27600 39 84 39 72, 0 0 0 0 0 0 1 0 0 0
1513896396.24 13354 5701 4394 5620 16714 25697 36 79 41 66, 0 0 0 0 0 0 1 0 0 0
1513896397.27 15262 10119 10817 9352 19930 28217 46 97 50 93, 0 0 0 0 0 0 1 0 0 0
1513896398.3 11474 5417 8598 8622 17401 23301 43 91 45 81, 0 0 0 0 0 0 1 0 0 0
1513896399.32 16669 6563 7146 8031 20045 28450 35 74 34 62, 0 0 0 0 0 0 1 0 0 0
1513896400.35 15869 5146 4105 7868 20631 26834 33 74 36 66, 0 0 0 0 0 0 1 0 0 0
1513896401.36 10784 2612 2842 6469 17180 22446 54 107 52 104, 0 0 0 0 0 0 1 0 0 0
1513896402.38 7922 852 2211 5650 16065 24585 49 97 48 96, 0 0 0 0 0 0 1 0 0 0
1513896403.39 7918 500 2289 6781 16700 21623 77 160 77 155, 0 0 0 0 0 0 1 0 0 0
1513896404.4 8262 1432 2276 5965 15084 17980 1066 2136 1066 2126, 0 0 0 0 0 0 1 0 0 0
1513896405.42 8457 2260 1820 4999 14718 18907 773 1552 776 1546, 0 0 0 0 0 0 1 0 0 0
1513896406.43 8503 2951 955 4617 14553 21125 297 596 294 587, 0 0 0 0 0 0 1 0 0 0
1513896407.45 7090 2801 1378 4351 12622 23053 670 1357 676 1342, 0 0 0 0 0 0 1 0 0 0
1513896408.46 10339 4902 1668 5307 14208 23827 389 801 394 776, 0 0 0 0 0 0 1 0 0 0
1513896409.48 10761 7898 4462 7927 14262 18151 45 101 47 91, 0 0 0 0 0 0 1 0 0 0
1513896410.5 11488 10753 8301 10151 14670 19869 51 106 50 99, 0 0 0 0 0 0 1 0 0 0
1513896411.51 18575 16968 11884 12460 19446 27877 51 107 51 99, 0 0 0 0 0 0 1 0 0 0
1513896412.53 16377 14945 13293 12873 19737 24922 44 199 44 84, 0 0 0 0 0 0 1 0 0 0
1513896413.54 15978 14582 11533 11306 16686 25044 54 120 56 112, 0 0 0 0 0 0 1 0 0 0
1513896414.56 18071 14509 12901 14674 16248 24133 59 120 59 116, 0 0 0 0 0 0 1 0 0 0
1513896415.57 19828 15842 16657 18664 14583 18170 36 80 39 73, 0 0 0 0 0 0 1 0 0 0
1513896416.6 12052 10785 14718 18413 12637 11369 42 94 42 80, 0 0 0 0 0 0 1 0 0 0
1513896417.61 9219 9185 13098 16816 11242 8565 43 96 46 82, 0 0 0 0 0 0 1 0 0 0
1513896418.62 8909 7820 11759 15860 11957 9091 40 98 43 84, 0 0 0 0 0 0 1 0 0 0
1513896419.63 7165 6540 11973 12752 8755 7340 60 133 63 113, 0 0 0 0 0 0 1 0 0 0
1513896420.65 1943 5018 11357 9289 2999 1841 69 157 75 132, 0 0 0 0 0 0 1 0 0 0
1513896421.66 1644 2584 9809 10518 4962 3138 80 176 88 150, 0 0 0 0 0 0 1 0 0 0
1513896422.69 5275 8552 17043 13836 8077 6150 136 325 136 224, 0 0 0 0 0 0 1 0 0 0
1513896423.8 8072 14318 16586 9894 5870 5893 71 166 75 125, 0 0 0 0 0 0 1 0 0 0
1513896424.81 3345 4757 4358 2616 2712 3176 49 70 51 90, 0 0 0 0 0 0 1 0 0 0
1513896425.81 10536 12749 10927 8656 7251 7728 63 135 66 122, 0 0 0 0 0 0 1 0 0 0
1513896426.81 10589 13613 14967 10311 8274 9790 61 142 66 108, 0 0 0 0 0 0 1 0 0 0
1513896427.81 8501 14337 15822 9137 6110 8885 66 145 67 117, 0 0 0 0 0 0 1 0 0 0
1513896428.82 8501 14337 15822 9001 5109 7224 61 147 67 117, 0 0 0 0 0 0 1 0 0 0
1513896429.84 6037 12617 17041 9893 5109 6280 61 317 59 111, 0 0 0 0 0 0 1 0 0 0
1513896430.85 7572 14290 20460 12963 8817 9193 52 571 49 99, 0 0 0 0 0 0 1 0 0 0
1513896431.88 9681 11688 18130 12896 12420 14249 74 200 77 145, 0 0 0 0 0 0 1 0 0 0
1513896432.91 12416 8657 12052 10416 12965 19402 62 130 63 127, 0 0 0 0 0 0 1 0 0 0
1513896433.93 14995 10149 13011 8432 9974 18546 69 151 74 144, 0 0 0 0 0 0 1 0 0 0
1513896434.95 11377 5209 10928 7561 7639 14054 70 163 76 144, 0 0 0 0 0 0 1 0 0 0
1513896435.98 19032 11532 14521 13409 12526 18676 73 152 76 134, 0 0 0 0 0 0 1 0 0 0
1513896437.0 22830 12994 13966 9754 10447 16379 68 141 64 117, 0 0 0 0 0 0 1 0 0 0
1513896438.02 28225 15667 15458 13655 15510 22881 47 117 49 96, 0 0 0 0 0 0 1 0 0 0
1513896439.03 28281 15232 13758 12606 15868 22976 34 84 37 74, 0 0 0 0 0 0 1 0 0 0
1513896440.05 27842 14619 10691 11084 12636 21210 27 58 28 55, 0 0 0 0 0 0 1 0 0 0
1513896441.07 28625 16777 10258 10510 11472 21209 21 50 25 44, 0 0 0 0 0 0 1 0 0 0
1513896442.08 28719 16830 7585 10001 13114 22696 23 56 25 47, 0 0 0 0 0 0 1 0 0 0
1513896443.1 25734 17137 7483 9987 13981 20444 18 45 19 38, 0 0 0 0 0 0 1 0 0 0
1513896444.12 24652 16279 7028 10129 13246 19419 26 53 25 51, 0 0 0 0 0 0 1 0 0 0
1513896445.14 22006 13614 5207 9004 14004 19336 27 70 30 54, 0 0 0 0 0 0 1 0 0 0
1513896446.16 15392 8986 3350 9584 13031 14683 29 73 33 60, 0 0 0 0 0 0 1 0 0 0
1513896447.18 12752 5750 2095 6239 8777 12351 38 82 39 73, 0 0 0 0 0 0 1 0 0 0
1513896448.2 3096 1141 2842 4625 4486 5780 49 168 73 86, 0 0 0 0 0 0 1 0 0 0
1513896449.21 5014 2146 1588 1708 1013 4889 85 131 64 145, 0 0 0 0 0 0 1 0 0 0
1513896450.22 4886 7309 13844 13560 6402 4824 65 145 74 128, 0 0 0 0 0 0 1 0 0 0
1513896451.24 2988 5392 13861 11169 5959 4784 68 145 71 133, 0 0 0 0 0 0 1 0 0 0
1513896452.25 2061 5728 13234 11913 5789 2482 60 123 64 108, 0 0 0 0 0 0 1 0 0 0
1513896453.27 3992 10666 27707 24016 8900 3995 69 151 67 117, 0 0 0 0 0 0 1 0 0 0
1513896454.29 2251 7811 21842 20065 7681 2963 58 119 54 103, 0 0 0 0 0 0 1 0 0 0
1513896455.32 1369 4220 16177 19113 7675 2854 52 108 51 94, 0 0 0 0 0 0 1 0 0 0
1513896456.33 1659 6152 16929 18225 7142 2465 51 108 57 106, 0 0 0 0 0 0 1 0 0 0
1513896457.34 652 3242 11249 15628 6026 2167 34 77 35 69, 0 0 0 0 0 0 1 0 0 0
1513896458.36 1675 5520 16710 16252 8109 3294 43 89 42 82, 0 0 0 0 0 0 1 0 0 0
1513896459.37 1391 4997 12668 12355 6681 2407 45 328 44 86, 0 0 0 0 0 0 1 0 0 0
1513896460.4 3280 6554 11980 11956 6562 3484 52 109 51 103, 0 0 0 0 0 0 1 0 0 0
1513896461.42 10532 16543 16857 12970 6912 5987 37 84 39 75, 0 0 0 0 0 0 1 0 0 0
1513896462.44 8444 12756 13408 12360 5581 5769 34 72 35 61, 0 0 0 0 0 0 1 0 0 0
1513896463.45 13613 18607 15813 12324 8089 8810 33 69 34 58, 0 0 0 0 0 0 1 0 0 0
1513896464.47 16569 17755 12188 10025 12649 15329 30 64 32 51, 0 0 0 0 0 0 1 0 0 0
1513896465.49 21490 21622 14689 15084 19982 21730 20 45 21 38, 0 0 0 0 0 0 1 0 0 0
1513896466.53 21714 21521 15401 15290 20924 22119 12 46 19 23, 0 0 0 0 0 0 1 0 0 0
1513896467.54 16657 18158 12457 12877 20226 18558 24 49 20 39, 0 0 0 0 0 0 1 0 0 0
1513896468.56 13871 16604 11038 12520 17617 15338 10 39 17 24, 0 0 0 0 0 0 1 0 0 0
1513896469.59 17623 15942 10214 12344 16979 19928 22 52 23 39, 0 0 0 0 0 0 1 0 0 0
1513896470.61 16310 12578 9099 12779 15768 17893 25 56 25 47, 0 0 0 0 0 0 1 0 0 0
1513896471.63 14587 9712 8004 13502 16904 16425 25 56 27 46, 0 0 0 0 0 0 1 0 0 0
1513896472.65 17361 11030 8719 13271 16182 16207 26 67 25 41, 0 0 0 0 0 0 1 0 0 0
1513896473.67 11790 9838 9072 11388 11659 10346 24 51 24 41, 0 0 0 0 0 0 1 0 0 0
1513896474.69 8044 10103 13666 13861 10056 7309 20 48 23 35, 0 0 0 0 0 0 1 0 0 0
1513896475.72 7101 9314 12343 10750 5523 4788 40 89 41 73, 0 0 0 0 0 0 1 0 0 0
1513896476.76 13319 20083 18572 15216 7464 6492 50 135 49 73, 0 0 0 0 0 0 1 0 0 0
1513896477.81 9744 12850 12585 10903 4638 4517 26 60 31 53, 0 0 0 0 0 0 1 0 0 0
1513896478.84 5698 7742 8199 7872 3827 3034 38 77 39 55, 0 0 0 0 0 0 1 0 0 0
1513896479.86 8488 11229 14464 12148 4749 4941 33 83 34 53, 0 0 0 0 0 0 1 0 0 0
1513896480.87 9112 8864 11578 13636 6231 4794 26 64 34 51, 0 0 0 0 0 0 1 0 0 0
1513896481.89 7623 5825 7683 9854 5473 4778 25 62 33 46, 0 0 0 0 0 0 1 0 0 0
1513896482.91 7991 6619 6550 8877 5832 4970 44 107 48 75, 0 0 0 0 0 0 1 0 0 0
1513896483.93 8809 7958 4462 6673 5226 5023 35 84 37 51, 0 0 0 0 0 0 1 0 0 0
1513896484.95 8422 7589 3939 6059 6770 6891 44 102 43 69, 0 0 0 0 0 0 1 0 0 0
1513896485.97 6433 6431 1828 2985 4533 4858 31 76 26 45, 0 0 0 0 0 0 1 0 0 0
1513896486.98 9708 9670 3107 3941 5792 6329 21 49 14 27, 0 0 0 0 0 0 1 0 0 0
1513896488.02 12497 13387 4766 6222 7170 7783 16 48 20 31, 0 0 0 0 0 0 1 0 0 0
1513896489.05 11433 15081 6924 10213 10599 8708 20 59 24 47, 0 0 0 0 0 0 1 0 0 0
1513896490.08 8701 10638 3585 11467 11283 7767 17 40 19 39, 0 0 0 0 0 0 1 0 0 0
1513896491.09 10491 12485 4944 12572 15563 11631 13 31 14 27, 0 0 0 0 0 0 1 0 0 0
1513896492.1 12888 12554 7584 15320 19211 16308 20 46 23 46, 0 0 0 0 0 0 1 0 0 0
1513896493.12 14261 11855 6524 15990 22951 21923 27 54 25 53, 0 0 0 0 0 0 1 0 0 0
1513896494.14 13993 10967 6984 14907 25018 26348 18 44 19 46, 0 0 0 0 0 0 1 0 0 0
1513896495.16 12903 13937 12817 17420 25373 27781 20 54 23 45, 0 0 0 0 0 0 1 0 0 0
1513896496.2 7251 9317 6299 11935 18318 20980 10 23 12 19, 0 0 0 0 0 0 1 0 0 0
1513896497.22 8763 10305 8519 12495 22927 23565 16 36 20 31, 0 0 0 0 0 0 1 0 0 0
1513896498.23 3280 4075 3981 9850 14209 14662 20 52 25 43, 0 0 0 0 0 0 1 0 0 0
1513896499.25 5104 4083 2764 7774 14632 17379 23 44 20 41, 0 0 0 0 0 0 1 0 0 0
1513896500.27 6598 2980 4399 8143 14973 17117 41 90 47 86, 0 0 0 0 0 0 1 0 0 0
1513896501.28 8106 3947 6982 8429 12264 16197 195 408 201 385, 0 0 0 0 0 0 1 0 0 0
1513896502.3 11292 4063 4411 7004 14400 20095 1057 2121 1059 2113, 0 0 0 0 0 0 1 0 0 0
1513896503.32 9898 3725 4020 8189 17838 20259 1010 2032 1017 2024, 0 0 0 0 0 0 1 0 0 0
1513896504.33 7836 2931 4924 11827 19802 18991 498 1012 507 996, 0 0 0 0 0 0 1 0 0 0
1513896505.38 5911 1475 2667 10660 19710 17921 499 1009 502 997, 0 0 0 0 0 0 1 0 0 0
1513896506.39 7371 1752 3631 11435 20652 21453 614 1241 616 1228, 0 0 0 0 0 0 1 0 0 0
1513896507.41 6378 2410 5553 10498 15904 17463 531 1077 541 1065, 0 0 0 0 0 0 1 0 0 0
1513896508.43 3903 3362 7453 11700 14503 10784 27 67 20 37, 0 0 0 0 0 0 1 0 0 0
1513896509.45 4359 2939 8034 11684 11906 10347 21 45 22 38, 0 0 0 0 0 0 1 0 0 0
1513896510.47 3546 3994 8337 10968 9256 6667 30 91 38 59, 0 0 0 0 0 0 1 0 0 0
1513896511.48 2407 2006 7821 11331 8007 5163 32 69 33 42, 0 0 0 0 0 0 1 0 0 0
1513896512.49 1950 1250 6064 9202 5175 3299 32 78 43 61, 0 0 0 0 0 0 1 0 0 0
1513896513.51 709 1155 5367 7657 5549 3036 32 89 42 62, 0 0 0 0 0 0 1 0 0 0
1513896514.52 1406 1496 7332 9523 6355 4347 46 177 48 83, 0 0 0 0 0 0 1 0 0 0
1513896515.54 4201 1252 5234 10162 10510 10392 568 1157 570 1128, 0 0 0 0 0 0 1 0 0 0
1513896516.56 2339 357 3092 8743 9048 6898 711 1444 717 1421, 0 0 0 0 0 0 1 0 0 0
1513896517.58 1518 1148 3380 8183 6196 5957 744 1492 749 1494, 0 0 0 0 0 0 1 0 0 0
1513896518.59 1771 1393 4404 8461 6880 7405 1022 2055 1022 2045, 0 0 0 0 0 0 1 0 0 0
1513896519.61 3453 1569 4138 8029 11050 10550 788 1584 792 1581, 0 0 0 0 0 0 1 0 0 0
1513896520.62 5062 2229 4044 9392 15104 12360 546 1094 541 1086, 0 0 0 0 0 0 1 0 0 0
1513896521.65 9088 2745 5044 11768 18648 17976 685 1375 685 1371, 0 0 0 0 0 0 1 0 0 0
1513896522.66 10471 2902 3687 8909 17868 16671 433 1071 435 863, 0 0 0 0 0 0 1 0 0 0
1513896523.68 7392 1537 2123 7607 15825 13340 607 1219 605 1207, 0 0 0 0 0 0 1 0 0 0
1513896524.69 14327 4223 1768 5939 18634 22789 415 840 419 833, 0 0 0 0 0 0 1 0 0 0
1513896525.7 27758 9534 2569 5392 23091 33800 54 116 57 107, 0 0 0 0 0 0 1 0 0 0
1513896526.72 29906 10415 2675 4639 22902 35653 17 42 20 32, 0 0 0 0 0 0 1 0 0 0
1513896527.74 22141 6352 1842 3284 17626 25149 25 64 25 54, 0 0 0 0 0 0 1 0 0 0
1513896528.76 18015 4898 972 1053 15443 16929 30 68 31 53, 0 0 0 0 0 0 1 0 0 0
1513896529.78 21062 8946 1784 1614 10430 16543 20 40 22 45, 0 0 0 0 0 0 1 0 0 0
1513896530.8 18043 9886 1990 1100 6549 15046 14 40 18 30, 0 0 0 0 0 0 1 0 0 0
1513896531.81 12361 8419 1876 409 4796 9940 30 101 44 72, 0 0 0 0 0 0 1 0 0 0
1513896532.84 8737 2672 700 86 1838 7196 36 61 31 63, 0 0 0 0 0 0 1 0 0 0
1513896533.85 2175 964 895 984 410 922 33 68 29 64, 0 0 0 0 0 0 1 0 0 0
1513896534.87 2183 1788 1866 984 410 922 33 98 35 64, 0 0 0 0 0 0 1 0 0 0
1513896535.88 2316 9741 19872 11892 3182 199 29 80 29 53, 0 0 0 0 0 0 1 0 0 0
1513896536.89 2316 9741 19872 11892 3182 199 29 80 29 53, 0 0 0 0 0 0 1 0 0 0
1513896537.9 1854 7136 20403 12558 3232 632 28 66 36 58, 0 0 0 0 0 0 1 0 0 0
1513896538.91 3346 9123 20939 12956 3768 1187 30 70 32 54, 0 0 0 0 0 0 1 0 0 0
1513896539.92 3968 10942 16902 11115 3854 1128 34 75 36 62, 0 0 0 0 0 0 1 0 0 0
1513896540.94 4199 11724 17345 12322 4867 1347 32 65 26 51, 0 0 0 0 0 0 1 0 0 0
1513896541.95 3346 10651 18254 11682 4896 1654 22 58 23 43, 0 0 0 0 0 0 1 0 0 0
1513896542.97 2612 9816 15255 11072 4287 1737 27 66 26 50, 0 0 0 0 0 0 1 0 0 0
1513896543.99 3029 9320 12186 8960 4877 2347 32 75 37 55, 0 0 0 0 0 0 1 0 0 0
1513896545.0 5576 10401 11334 11523 8431 5399 30 69 36 61, 0 0 0 0 0 0 1 0 0 0
1513896546.02 6276 9694 10757 12019 9899 7465 27 57 26 49, 0 0 0 0 0 0 1 0 0 0
1513896547.03 9625 10236 6603 10130 11134 10089 29 706 34 57, 0 0 0 0 0 0 1 0 0 0
1513896548.05 12736 16024 10020 10530 10683 10460 24 351 24 45, 0 0 0 0 0 0 1 0 0 0
1513896549.06 13618 18221 15108 12631 17486 15732 21 43 21 40, 0 0 0 0 0 0 1 0 0 0
1513896550.11 12268 16237 20668 19004 18135 12686 31 67 26 49, 0 0 0 0 0 0 1 0 0 0
1513896551.13 11339 14212 18102 16464 15445 8593 23 56 24 42, 0 0 0 0 0 0 1 0 0 0
1513896552.15 10804 16717 24869 21270 19995 9758 16 41 21 33, 0 0 0 0 0 0 1 0 0 0
1513896553.17 12967 20903 25927 21221 20225 15093 14 36 16 26, 0 0 0 0 0 0 1 0 0 0
1513896554.19 9687 15353 20027 17874 18900 16570 11 30 10 17, 0 0 0 0 0 0 1 0 0 0
1513896555.21 6124 7353 14387 14905 16057 14483 15 39 17 28, 0 0 0 0 0 0 1 0 0 0
1513896556.22 5186 5355 10766 11891 14568 13409 21 43 17 33, 0 0 0 0 0 0 1 0 0 0
1513896557.24 1975 3100 11097 13258 13608 9756 21 45 20 33, 0 0 0 0 0 0 1 0 0 0
1513896558.25 3907 2896 9269 11301 10171 9495 29 67 33 59, 0 0 0 0 0 0 1 0 0 0
1513896559.27 3940 3508 6530 6009 6594 7366 37 100 48 73, 0 0 0 0 0 0 1 0 0 0
1513896560.28 6028 3453 3788 3897 7889 9089 43 78 37 58, 0 0 0 0 0 0 1 0 0 0
1513896561.29 5871 2255 626 2291 5216 6992 43 137 45 75, 0 0 0 0 0 0 1 0 0 0
1513896562.31 4666 1039 567 2216 5290 7400 32 93 43 64, 0 0 0 0 0 0 1 0 0 0
1513896563.32 6350 1857 1405 2605 4948 7431 35 102 40 65, 0 0 0 0 0 0 1 0 0 0
1513896564.34 5043 7755 16817 10315 4411 3896 35 138 58 61, 0 0 0 0 0 0 1 0 0 0
1513896565.36 3566 8731 17866 12244 4819 2983 48 68 39 87, 0 0 0 0 0 0 1 0 0 0
1513896566.38 2982 7921 21126 6948 1895 2130 23 53 23 39, 0 0 0 0 0 0 1 0 0 0
1513896567.39 1474 5539 15123 4829 389 837 13 35 19 24, 0 0 0 0 0 0 1 0 0 0
1513896568.4 2579 7312 18934 9252 1406 651 22 62 23 43, 0 0 0 0 0 0 1 0 0 0
1513896569.41 3138 8231 14737 9040 2402 708 26 67 32 54, 0 0 0 0 0 0 1 0 0 0
1513896570.42 4174 4457 9338 8233 3841 2317 21 254 21 36, 0 0 0 0 0 0 1 0 0 0
1513896571.44 4187 4262 8519 8786 6086 4013 21 50 19 34, 0 0 0 0 0 0 1 0 0 0
1513896572.46 3893 4274 10009 9449 5895 3695 24 50 23 39, 0 0 0 0 0 0 1 0 0 0
1513896573.49 6094 3719 8266 10629 9772 8174 20 46 25 45, 0 0 0 0 0 0 1 0 0 0
1513896574.52 11384 4682 9248 15674 16646 14583 19 46 22 38, 0 0 0 0 0 0 1 0 0 0
1513896575.56 7019 2373 2891 11297 10560 8041 21 51 28 49, 0 0 0 0 0 0 1 0 0 0
1513896576.61 5464 620 2389 11842 10775 6665 18 46 24 42, 0 0 0 0 0 0 1 0 0 0
1513896577.64 5707 1442 2960 9875 12793 8530 20 41 22 40, 0 0 0 0 0 0 1 0 0 0
1513896578.66 5474 4010 4274 9531 11475 8991 16 35 19 38, 0 0 0 0 0 0 1 0 0 0
1513896579.68 9648 5084 3912 11028 15434 11663 18 34 17 35, 0 0 0 0 0 0 1 0 0 0
1513896580.71 18743 8983 8779 15708 20951 22443 61 124 59 126, 0 0 0 0 0 0 1 0 0 0
1513896581.73 16609 7216 6446 16555 19675 17985 10 30 13 26, 0 0 0 0 0 0 1 0 0 0
1513896582.74 12659 5972 3938 15188 17975 14432 12 42 12 24, 0 0 0 0 0 0 1 0 0 0
1513896583.76 10448 4592 3319 9613 12923 12866 19 42 18 37, 0 0 0 0 0 0 1 0 0 0
1513896584.78 6172 2492 4180 7221 6090 6987 31 75 30 58, 0 0 0 0 0 0 1 0 0 0
1513896585.79 8771 3951 3612 5161 5816 8500 26 662 29 50, 0 0 0 0 0 0 1 0 0 0
1513896586.8 15107 6864 5862 4480 7623 14685 20 2617 27 40, 0 0 0 0 0 0 1 0 0 0
1513896587.84 12495 6954 6051 3694 6889 12787 45 2211 59 87, 0 0 0 0 0 0 1 0 0 0
1513896588.86 9383 8648 7804 2841 3258 7375 27 1717 34 55, 0 0 0 0 0 0 1 0 0 0
1513896589.87 16741 16530 8511 5137 9962 17366 40 107 54 82, 0 0 0 0 0 0 1 0 0 0
1513896590.89 8634 9564 4782 1885 5000 11930 25 55 27 44, 0 0 0 0 0 0 1 0 0 0
1513896591.91 9418 8855 4580 2760 8376 13723 30 70 32 52, 0 0 0 0 0 0 1 0 0 0
1513896592.92 7866 7731 3848 2795 7913 13016 17 39 21 34, 0 0 0 0 0 0 1 0 0 0
1513896593.95 7209 7039 2029 5838 11808 15515 26 63 34 47, 0 0 0 0 0 0 1 0 0 0
1513896594.96 7204 4336 2294 9540 15242 17879 33 74 41 65, 0 0 0 0 0 0 1 0 0 0
1513896595.98 3211 3365 1264 9437 12192 16490 39 87 43 75, 0 0 0 0 0 0 1 0 0 0
1513896596.99 6542 4374 2289 11120 17610 16838 36 74 35 65, 0 0 0 0 0 0 1 0 0 0
1513896598.01 6316 2509 2020 12603 19978 18267 36 81 41 71, 0 0 0 0 0 0 1 0 0 0
1513896599.02 6006 2753 2872 15418 20979 18620 38 78 39 74, 0 0 0 0 0 0 1 0 0 0
1513896600.04 9954 6110 5974 19054 25519 22458 34 81 41 77, 0 0 0 0 0 0 1 0 0 0
1513896601.07 10536 6327 6474 17986 22749 20918 31 68 32 70, 0 0 0 0 0 0 1 0 0 0
1513896602.09 12677 8227 6656 15642 23399 24792 35 79 45 74, 0 0 0 0 0 0 1 0 0 0
1513896603.11 11554 6868 5601 15620 24823 22805 35 82 39 68, 0 0 0 0 0 0 1 0 0 0
1513896604.12 16844 8970 6222 13355 20989 22145 33 68 29 55, 0 0 0 0 0 0 1 0 0 0
1513896605.15 14696 11192 7266 10352 15071 16087 20 51 21 40, 0 0 0 0 0 0 1 0 0 0
1513896606.17 17464 13121 7511 9917 14073 16661 21 46 21 38, 0 0 0 0 0 0 1 0 0 0
1513896607.19 13741 6594 528 5674 11202 13967 25 63 30 48, 0 0 0 0 0 0 1 0 0 0
1513896608.21 20890 11088 2355 7100 14293 22167 1044 2099 1051 2088, 0 0 0 0 0 0 1 0 0 0
1513896609.24 21751 12327 2616 6206 14323 26894 888 1784 891 1775, 0 0 0 0 0 0 1 0 0 0
1513896610.36 21828 14384 5030 8099 17178 28060 540 1184 543 1079, 0 0 0 0 0 0 1 0 0 0
1513896611.42 12999 8679 7091 8790 13770 24363 734 1518 740 1472, 0 0 0 0 0 0 1 0 0 0
1513896612.49 10546 6874 6890 8777 12456 18969 214 439 215 428, 0 0 0 0 0 0 1 0 0 0
1513896613.53 10422 5924 5238 7747 10503 13692 297 596 299 593, 0 0 0 0 0 0 1 0 0 0
1513896614.55 6094 3555 6520 6331 8273 10585 40 87 43 79, 0 0 0 0 0 0 1 0 0 0
1513896615.58 14013 7742 8216 12455 15978 18498 49 101 50 92, 0 0 0 0 0 0 1 0 0 0
1513896616.61 13489 5620 8473 16462 21294 20971 35 84 42 74, 0 0 0 0 0 0 1 0 0 0
1513896617.63 15018 6799 8402 15613 23604 23714 40 86 44 77, 0 0 0 0 0 0 1 0 0 0
1513896618.65 10955 2903 4130 9412 18625 17735 38 90 46 79, 0 0 0 0 0 0 1 0 0 0
1513896619.67 16502 5685 5152 9511 18756 25525 31 71 35 66, 0 0 0 0 0 0 1 0 0 0
1513896620.69 16912 5780 4726 8355 17337 24868 34 89 43 75, 0 0 0 0 0 0 1 0 0 0
1513896621.71 24232 13123 7932 9324 21126 31064 53 114 55 101, 0 0 0 0 0 0 1 0 0 0
1513896622.73 18512 9478 5628 9472 23684 31753 795 1601 802 1583, 0 0 0 0 0 0 1 0 0 0
1513896623.76 16270 8192 4270 8417 22050 27987 511 1037 518 1025, 0 0 0 0 0 0 1 0 0 0
1513896624.79 9938 5045 3295 8678 19790 23412 270 549 271 537, 0 0 0 0 0 0 1 0 0 0
1513896625.8 12693 5434 1523 7875 25085 28667 87 190 96 172, 0 0 0 0 0 0 1 0 0 0
1513896626.82 14132 5312 2693 9371 23325 27219 51 109 56 106, 0 0 0 0 0 0 1 0 0 0
1513896627.84 12953 4906 2384 10110 21492 25577 52 117 56 110, 0 0 0 0 0 0 1 0 0 0
1513896628.86 13379 5557 2931 9280 18996 23156 45 94 44 87, 0 0 0 0 0 0 1 0 0 0
1513896629.9 7182 3404 1653 7533 12233 16979 54 116 58 116, 0 0 0 0 0 0 1 0 0 0
1513896630.92 9904 3875 7439 15561 22555 24739 44 144 68 90, 0 0 0 0 0 0 1 0 0 0
1513896631.94 11515 1647 1312 8060 15513 19847 56 122 39 116, 0 0 0 0 0 0 1 0 0 0
1513896632.96 7981 2039 2789 5887 8553 11208 38 87 38 78, 0 0 0 0 0 0 1 0 0 0
1513896633.99 9988 2093 2897 7152 12063 15796 43 92 46 89, 0 0 0 0 0 0 1 0 0 0
1513896635.03 7206 1009 2477 11224 13813 12938 44 102 48 90, 0 0 0 0 0 0 1 0 0 0
1513896636.06 9399 1648 3191 11681 16788 16181 45 92 46 91, 0 0 0 0 0 0 1 0 0 0
1513896637.09 7472 1216 3537 14277 18404 12827 41 87 43 83, 0 0 0 0 0 0 1 0 0 0
1513896638.16 6982 1690 2116 9149 14362 10933 44 97 47 93, 0 0 0 0 0 0 1 0 0 0
1513896639.21 3547 934 1012 7585 11650 5781 51 118 56 101, 0 0 0 0 0 0 1 0 0 0
1513896640.25 3927 848 509 4919 7044 4713 48 369 49 98, 0 0 0 0 0 0 1 0 0 0
1513896641.3 2783 642 287 4504 6422 5307 45 112 51 81, 0 0 0 0 0 0 1 0 0 0
1513896642.32 3788 1029 1254 5345 6911 8678 32 566 38 67, 0 0 0 0 0 0 1 0 0 0
1513896643.34 4786 1032 553 3453 4920 8517 34 1619 35 70, 0 0 0 0 0 0 1 0 0 0
1513896644.35 7356 2255 2897 3288 8403 10456 29 4571 32 60, 0 0 0 0 0 0 1 0 0 0
1513896645.39 7071 3215 1937 1106 4041 6165 40 2986 43 79, 0 0 0 0 0 0 1 0 0 0
1513896646.41 9727 3770 1360 2673 9481 11121 33 1575 35 62, 0 0 0 0 0 0 1 0 0 0
1513896647.44 9508 2353 940 3208 10510 9970 38 1747 43 77, 0 0 0 0 0 0 1 0 0 0
1513896648.47 10599 7636 12012 11684 13165 11555 57 1926 57 95, 0 0 0 0 0 0 1 0 0 0
1513896649.5 4014 3470 9617 10798 7890 5599 22 55 29 43, 0 0 0 0 0 0 1 0 0 0
1513896650.53 2651 2469 8177 9438 5914 2560 32 75 37 60, 0 0 0 0 0 0 1 0 0 0
1513896651.55 1012 1201 7582 8902 5137 1501 28 73 38 57, 0 0 0 0 0 0 1 0 0 0
1513896652.57 1021 435 5208 6423 2211 475 26 63 25 43, 0 0 0 0 0 0 1 0 0 0
1513896653.59 2645 644 4464 6668 6274 6894 40 90 43 78, 0 0 0 0 0 0 1 0 0 0
1513896654.62 2010 274 5089 8408 5858 7362 42 86 39 76, 0 0 0 0 0 0 1 0 0 0
1513896655.64 2490 528 5859 8539 7852 9128 41 94 45 78, 0 0 0 0 0 0 1 0 0 0
1513896656.66 2430 336 4591 7227 5684 6410 43 96 46 85, 0 0 0 0 0 0 1 0 0 0
1513896657.67 1373 335 7000 7018 1662 3603 43 105 49 80, 0 0 0 0 0 0 1 0 0 0
1513896658.68 1626 1141 2683 3206 1386 3902 38 95 34 63, 0 0 0 0 0 0 1 0 0 0
1513896659.7 1510 1440 1315 1374 454 1464 36 83 39 69, 0 0 0 0 0 0 1 0 0 0
1513896660.73 2611 1397 1895 2171 3528 4461 41 91 42 71, 0 0 0 0 0 0 1 0 0 0
1513896661.75 2474 87 3456 6301 9280 8337 23 61 25 46, 0 0 0 0 0 0 1 0 0 0
1513896662.77 1151 198 3966 10461 14440 6948 38 78 39 74, 0 0 0 0 0 0 1 0 0 0
1513896663.8 851 275 5237 11320 14887 5594 20 50 25 39, 0 0 0 0 0 0 1 0 0 0
1513896664.85 877 800 5024 14372 19280 6619 26 55 26 39, 0 0 0 0 0 0 1 0 0 0
1513896665.88 401 562 8490 18633 18482 6686 26 60 23 44, 0 0 0 0 0 0 1 0 0 0
1513896666.89 225 661 6638 17489 17545 3782 26 57 24 43, 0 0 0 0 0 0 1 0 0 0
1513896667.93 1038 354 7251 18892 19056 6158 18 44 22 35, 0 0 0 0 0 0 1 0 0 0
1513896668.96 2418 3166 9884 16168 14632 6383 24 54 28 48, 0 0 0 0 0 0 1 0 0 0
1513896669.97 5408 10112 15754 22350 12432 5043 19 74 30 38, 0 0 0 0 0 0 1 0 0 0
1513896670.99 12354 15311 14925 21417 21318 14948 23 41 20 39, 0 0 0 0 0 0 1 0 0 0
1513896672.02 9737 13526 18726 18825 18568 14209 13 105 12 22, 0 0 0 0 0 0 1 0 0 0
1513896673.05 15381 17974 17142 14638 19824 17598 11 327 13 16, 0 0 0 0 0 0 1 0 0 0
1513896674.07 9843 11726 16603 13323 17338 15355 12 39 12 19, 0 0 0 0 0 0 1 0 0 0
1513896675.09 9483 11026 16084 15313 14781 13031 23 54 26 43, 0 0 0 0 0 0 1 0 0 0
1513896676.11 16827 16965 17263 12491 15267 19975 19 58 23 38, 0 0 0 0 0 0 1 0 0 0
1513896677.13 13052 11915 12578 11072 14342 17105 16 44 21 33, 0 0 0 0 0 0 1 0 0 0
1513896678.17 8144 7355 11495 11637 14471 16586 388 776 386 773, 0 0 0 0 0 0 1 0 0 0
1513896679.19 5332 4964 13896 13172 10436 12932 884 1781 884 1763, 0 0 0 0 0 0 1 0 0 0
1513896680.21 2812 3345 11045 13986 9827 10585 622 1252 627 1249, 0 0 0 0 0 0 1 0 0 0
1513896681.23 7207 5273 13536 16228 17461 18311 551 1110 551 1101, 0 0 0 0 0 0 1 0 0 0
1513896682.3 7060 3664 10493 15750 18785 17628 30 65 31 55, 0 0 0 0 0 0 1 0 0 0
1513896683.33 9190 3902 8128 15122 19535 18704 29 75 33 55, 0 0 0 0 0 0 1 0 0 0
1513896684.36 7611 4129 8241 14548 16951 16154 28 58 30 50, 0 0 0 0 0 0 1 0 0 0
1513896685.39 7875 5057 7311 12690 15750 13146 29 61 29 48, 0 0 0 0 0 0 1 0 0 0
1513896686.42 8031 4602 8413 14739 16024 12369 25 60 29 47, 0 0 0 0 0 0 1 0 0 0
1513896687.46 8476 3722 8376 16915 18701 13655 21 46 21 40, 0 0 0 0 0 0 1 0 0 0
1513896688.51 11132 3544 6205 14827 19005 16220 21 43 20 39, 0 0 0 0 0 0 1 0 0 0
1513896689.54 13946 2423 5924 19779 31252 21630 38 86 41 68, 0 0 0 0 0 0 1 0 0 0
1513896690.57 10588 2497 7047 14444 20944 15460 31 69 34 59, 0 0 0 0 0 0 1 0 0 0
1513896691.59 9741 5500 9768 13861 16545 13006 29 74 32 54, 0 0 0 0 0 0 1 0 0 0
1513896692.62 16073 8529 12917 13550 22071 21810 24 50 26 46, 0 0 0 0 0 0 1 0 0 0
1513896693.66 13197 9172 15852 17477 20758 18513 13 41 14 23, 0 0 0 0 0 0 1 0 0 0
1513896694.69 16365 12217 13470 14435 16736 16816 19 52 22 33, 0 0 0 0 0 0 1 0 0 0
1513896695.71 11293 8728 11180 11640 16855 13152 19 40 17 33, 0 0 0 0 0 0 1 0 0 0
1513896696.73 9318 7494 12304 11930 13863 10304 28 65 30 46, 0 0 0 0 0 0 1 0 0 0
1513896697.74 7923 8705 13205 10663 8211 8670 24 51 23 43, 0 0 0 0 0 0 1 0 0 0
1513896698.77 7339 6191 6617 5752 4420 6593 21 47 19 39, 0 0 0 0 0 0 1 0 0 0
1513896699.79 5346 5621 9393 9032 5119 5485 21 49 22 41, 0 0 0 0 0 0 1 0 0 0
1513896700.83 5670 5471 14172 15914 7963 6591 20 50 19 33, 0 0 0 0 0 0 1 0 0 0
1513896701.85 2853 5014 13096 14954 7994 4335 23 59 29 49, 0 0 0 0 0 0 1 0 0 0
1513896702.89 3324 5056 14423 14692 12008 8373 33 78 33 59, 0 0 0 0 0 0 1 0 0 0
1513896703.91 4057 5233 10840 12960 13594 12613 29 72 31 56, 0 0 0 0 0 0 1 0 0 0
1513896704.96 3235 4336 9646 12226 10570 11716 30 74 31 61, 0 0 0 0 0 0 1 0 0 0
1513896705.99 2078 3989 8019 11840 12913 9483 21 57 29 46, 0 0 0 0 0 0 1 0 0 0
1513896707.01 2125 2283 7024 13512 12453 8387 38 84 39 71, 0 0 0 0 0 0 1 0 0 0
1513896708.03 1842 1013 4852 12354 11165 7534 38 81 36 65, 0 0 0 0 0 0 1 0 0 0
1513896709.06 3844 2762 5694 15665 17732 11352 29 110 51 75, 0 0 0 0 0 0 1 0 0 0
1513896710.07 8573 2742 3030 9537 16002 17873 58 90 40 91, 0 0 0 0 0 0 1 0 0 0
1513896711.1 5060 981 835 9860 17856 19092 42 89 44 78, 0 0 0 0 0 0 1 0 0 0
1513896712.14 4969 1159 1427 7683 14763 17757 43 89 41 77, 0 0 0 0 0 0 1 0 0 0
1513896713.15 3695 1532 1293 3891 7426 12565 50 110 51 90, 0 0 0 0 0 0 1 0 0 0
1513896714.17 4433 1591 1222 3358 6014 9541 63 135 60 112, 0 0 0 0 0 0 1 0 0 0
1513896715.18 889 250 781 1567 2619 3127 50 112 46 90, 0 0 0 0 0 0 1 0 0 0
1513896716.2 583 121 91 826 2515 3051 47 105 52 90, 0 0 0 0 0 0 1 0 0 0
1513896717.22 1008 252 637 1974 3752 3860 51 114 57 100, 0 0 0 0 0 0 1 0 0 0
1513896718.23 1438 158 1599 4465 7279 5863 36 83 36 67, 0 0 0 0 0 0 1 0 0 0
1513896719.25 679 110 976 3748 5995 3739 44 99 47 82, 0 0 0 0 0 0 1 0 0 0
1513896720.26 866 131 408 818 3161 3561 41 101 44 77, 0 0 0 0 0 0 1 0 0 0
1513896721.28 773 122 110 91 1306 1945 44 106 48 75, 0 0 0 0 0 0 1 0 0 0
1513896722.3 235 112 89 108 869 635 43 89 39 68, 0 0 0 0 0 0 1 0 0 0
1513896723.31 562 278 121 141 1421 805 57 124 58 98, 0 0 0 0 0 0 1 0 0 0
1513896724.32 1634 2197 1518 651 1132 1038 49 116 49 86, 0 0 0 0 0 0 1 0 0 0
1513896725.35 4945 6899 4692 2705 2407 2827 37 90 37 73, 0 0 0 0 0 0 1 0 0 0
1513896726.36 6347 10299 5057 1971 1376 3238 39 76 34 67, 0 0 0 0 0 0 1 0 0 0
1513896727.38 7046 12876 7389 4228 2201 3054 27 65 30 53, 0 0 0 0 0 0 1 0 0 0
1513896728.41 6619 10888 6398 4163 3033 3629 35 76 33 60, 0 0 0 0 0 0 1 0 0 0
1513896729.42 3655 7741 5780 3479 2078 1791 44 107 44 83, 0 0 0 0 0 0 1 0 0 0
1513896730.46 3751 7842 5936 4114 2877 2285 49 97 45 86, 0 0 0 0 0 0 1 0 0 0
1513896731.49 1479 4141 4174 2451 883 578 35 84 36 69, 0 0 0 0 0 0 1 0 0 0
1513896732.53 1920 4018 4653 2631 2484 3608 38 89 42 78, 0 0 0 0 0 0 1 0 0 0
1513896733.58 2043 3485 5632 5163 6080 7648 38 81 36 71, 0 0 0 0 0 0 1 0 0 0
1513896734.6 3796 5164 10350 7917 9899 12492 46 105 53 94, 0 0 0 0 0 0 1 0 0 0
1513896735.63 2768 5249 13748 13065 12335 12162 31 66 31 61, 0 0 0 0 0 0 1 0 0 0
1513896736.65 4674 11388 18853 16960 14015 12661 27 74 29 53, 0 0 0 0 0 0 1 0 0 0
1513896737.69 7965 16876 23693 19221 14589 12531 24 66 28 44, 0 0 0 0 0 0 1 0 0 0
1513896738.71 9129 19008 22649 16283 12963 12148 25 199 26 47, 0 0 0 0 0 0 1 0 0 0
1513896739.74 9359 21119 21891 12719 12498 11814 20 170 22 35, 0 0 0 0 0 0 1 0 0 0
1513896740.76 11170 20130 19899 12982 12184 10970 23 2967 26 46, 0 0 0 0 0 0 1 0 0 0
1513896741.78 7512 16862 17039 8878 5776 5502 18 2933 17 36, 0 0 0 0 0 0 1 0 0 0
1513896742.8 7996 15061 16008 10552 5867 4019 24 1131 28 45, 0 0 0 0 0 0 1 0 0 0
1513896743.82 8576 14000 14632 9996 6563 4978 18 1807 20 37, 0 0 0 0 0 0 1 0 0 0
1513896744.84 8620 11299 12001 10991 7686 5775 15 1754 20 31, 0 0 0 0 0 0 1 0 0 0
1513896745.85 6568 9441 11924 10303 6611 4647 27 1365 27 46, 0 0 0 0 0 0 1 0 0 0
1513896746.88 5408 8398 14077 11643 6842 4070 13 1388 19 27, 0 0 0 0 0 0 1 0 0 0
1513896747.91 11182 8746 12209 15900 16850 13503 18 44 20 31, 0 0 0 0 0 0 1 0 0 0
1513896748.94 8442 3917 7837 13981 13637 10906 24 60 27 45, 0 0 0 0 0 0 1 0 0 0
1513896749.98 6533 5018 6913 9453 10740 8537 24 49 21 41, 0 0 0 0 0 0 1 0 0 0
1513896751.01 8506 7953 6685 4881 9456 8357 16 41 21 30, 0 0 0 0 0 0 1 0 0 0
1513896752.03 11179 9374 3705 3080 9768 9139 22 46 21 40, 0 0 0 0 0 0 1 0 0 0
1513896753.04 11184 9083 5280 1987 8376 9048 20 114 24 34, 0 0 0 0 0 0 1 0 0 0
1513896754.06 14494 10615 8279 2095 6267 10378 15 35 16 27, 0 0 0 0 0 0 1 0 0 0
1513896755.08 9091 5258 4513 4203 6529 7000 15 41 16 25, 0 0 0 0 0 0 1 0 0 0
1513896756.1 11461 11317 10752 9110 8470 9403 18 65 19 30, 0 0 0 0 0 0 1 0 0 0
1513896757.12 8858 7769 9727 8145 4857 5997 21 40 20 40, 0 0 0 0 0 0 1 0 0 0
1513896758.15 10401 7333 7666 6662 4566 4848 12 1591 12 19, 0 0 0 0 0 0 1 0 0 0
1513896759.17 16706 13475 13531 10661 7197 7293 12 1804 14 24, 0 0 0 0 0 0 1 0 0 0
1513896760.19 19290 18334 17316 12136 7811 8703 14 2398 12 22, 0 0 0 0 0 0 1 0 0 0
1513896761.21 19367 24559 22610 13883 7862 6355 12 2404 15 24, 0 0 0 0 0 0 1 0 0 0
1513896762.22 16485 20592 23389 14963 8106 6997 20 939 23 38, 0 0 0 0 0 0 1 0 0 0
1513896763.24 15023 21530 26864 12936 7170 7465 20 664 18 30, 0 0 0 0 0 0 1 0 0 0
1513896764.26 13144 20583 28544 15793 7469 6468 18 1057 17 30, 0 0 0 0 0 0 1 0 0 0
1513896765.27 13299 23519 26232 17451 8071 5565 103 626 103 207, 0 0 0 0 0 0 1 0 0 0
1513896766.28 10988 21392 29277 18802 10960 9258 12 1006 14 27, 0 0 0 0 0 0 1 0 0 0
1513896767.31 14618 19392 25102 19358 12467 13633 10 667 11 20, 0 0 0 0 0 0 1 0 0 0
1513896768.33 14363 15340 19465 18798 14389 14989 11 200 14 26, 0 0 0 0 0 0 1 0 0 0
1513896769.34 7932 9125 20546 21286 13165 9686 5 15 8 12, 0 0 0 0 0 0 1 0 0 0
1513896770.37 15267 10101 13675 16153 13739 15883 613 1239 613 1218, 0 0 0 0 0 0 1 0 0 0
1513896771.39 15712 10562 10713 12354 14472 18810 920 1856 927 1837, 0 0 0 0 0 0 1 0 0 0
1513896772.4 12366 9791 14519 15817 12954 16517 676 1360 681 1351, 0 0 0 0 0 0 1 0 0 0
1513896773.43 9760 8443 15629 15163 12107 14260 126 264 127 246, 0 0 0 0 0 0 1 0 0 0
1513896774.45 8803 12435 20814 15862 11122 10643 13 49 18 28, 0 0 0 0 0 0 1 0 0 0
1513896775.46 10585 12727 22177 15901 11743 13316 14 27 13 25, 0 0 0 0 0 0 1 0 0 0
1513896776.48 6200 9235 15106 14152 9413 7548 22 47 17 29, 0 0 0 0 0 0 1 0 0 0
1513896777.49 3566 4900 12622 9727 8961 8433 25 78 32 48, 0 0 0 0 0 0 1 0 0 0
1513896778.51 2408 5821 18344 10761 9227 6472 32 84 31 49, 0 0 0 0 0 0 1 0 0 0
1513896779.53 4183 7208 20364 13588 6732 5600 43 113 41 66, 0 0 0 0 0 0 1 0 0 0
1513896780.55 1931 5056 17334 10305 3849 3692 37 96 41 59, 0 0 0 0 0 0 1 0 0 0
1513896781.56 2226 4712 17782 8455 3197 1494 27 62 22 48, 0 0 0 0 0 0 1 0 0 0
1513896782.58 1827 5194 16119 12336 4996 1788 26 69 28 39, 0 0 0 0 0 0 1 0 0 0
1513896783.6 2808 4614 18317 15919 7399 3206 16 46 21 31, 0 0 0 0 0 0 1 0 0 0
1513896784.62 6117 5256 16356 16686 13245 8177 20 54 22 33, 0 0 0 0 0 0 1 0 0 0
1513896785.63 5967 3915 13122 9747 12486 8082 30 59 28 48, 0 0 0 0 0 0 1 0 0 0
1513896786.65 9709 6331 16161 17688 20593 13014 34 79 39 52, 0 0 0 0 0 0 1 0 0 0
1513896787.67 6365 3655 8072 7920 13440 9550 14 35 12 20, 0 0 0 0 0 0 1 0 0 0
1513896788.69 9161 6559 7060 7457 15673 10499 16 38 17 31, 0 0 0 0 0 0 1 0 0 0
1513896789.72 14112 13440 10453 7394 17262 17568 13 30 13 26, 0 0 0 0 0 0 1 0 0 0
1513896790.75 10970 12398 9973 6036 14399 14903 16 40 12 27, 0 0 0 0 0 0 1 0 0 0
1513896791.76 12478 11202 9247 7852 14688 16304 14 35 17 27, 0 0 0 0 0 0 1 0 0 0
1513896792.79 8420 6849 6593 8015 8839 9245 12 37 19 28, 0 0 0 0 0 0 1 0 0 0
1513896793.8 5521 4883 4250 6087 5102 3917 39 85 40 70, 0 0 0 0 0 0 1 0 0 0
1513896794.84 2359 3675 4853 7625 5846 1717 32 166 29 52, 0 0 0 0 0 0 1 0 0 0
1513896795.86 1757 5836 9441 10920 7429 2349 22 61 25 37, 0 0 0 0 0 0 1 0 0 0
1513896796.88 1566 5534 9160 10786 7046 2832 22 51 21 39, 0 0 0 0 0 0 1 0 0 0
1513896797.91 1913 5149 7889 8751 5041 1784 24 63 28 48, 0 0 0 0 0 0 1 0 0 0
1513896798.93 3869 1995 5947 9910 10854 9455 17 38 16 29, 0 0 0 0 0 0 1 0 0 0
1513896799.96 3790 2099 5498 11790 17912 12711 6 26 15 17, 0 0 0 0 0 0 1 0 0 0
1513896800.99 4859 4249 12903 16898 16629 12190 25 60 22 44, 0 0 0 0 0 0 1 0 0 0
1513896802.03 4789 7911 19597 17417 14546 8544 18 44 19 28, 0 0 0 0 0 0 1 0 0 0
1513896803.07 3314 8772 21934 21215 12813 6594 13 38 14 17, 0 0 0 0 0 0 1 0 0 0
1513896804.09 2036 6349 19613 15280 11294 5605 6 29 8 15, 0 0 0 0 0 0 1 0 0 0
1513896805.13 2116 5403 19124 14212 11276 5842 8 20 8 17, 0 0 0 0 0 0 1 0 0 0
1513896806.16 3378 4695 17633 20185 14626 8268 5 26 9 14, 0 0 0 0 0 0 1 0 0 0
1513896807.19 4337 6227 23559 20115 23786 14282 18 46 21 40, 0 0 0 0 0 0 1 0 0 0
1513896808.21 5905 5779 15437 17441 16422 11295 26 53 22 40, 0 0 0 0 0 0 1 0 0 0
1513896809.23 9813 9535 14591 13461 14559 13176 36 74 37 66, 0 0 0 0 0 0 1 0 0 0
1513896810.25 5139 5689 11848 11051 9991 7571 37 82 39 55, 0 0 0 0 0 0 1 0 0 0
1513896811.27 4408 4241 8595 7456 8361 6596 17 37 15 31, 0 0 0 0 0 0 1 0 0 0
1513896812.28 3077 2584 5314 5692 5376 4127 19 42 16 34, 0 0 0 0 0 0 1 0 0 0
1513896813.3 1341 370 1575 1887 3109 3018 14 32 16 25, 0 0 0 0 0 0 1 0 0 0
1513896814.33 718 97 869 1239 1807 2039 27 62 30 50, 0 0 0 0 0 0 1 0 0 0
1513896815.36 243 113 853 1166 1354 1152 16 46 20 28, 0 0 0 0 0 0 1 0 0 0
1513896816.39 3397 4062 1961 1183 910 1765 10 36 13 18, 0 0 0 0 0 0 1 0 0 0
1513896817.43 3853 6235 3828 2336 839 1294 17 48 18 28, 0 0 0 0 0 0 1 0 0 0
1513896818.44 3586 5225 2746 560 1120 1738 5 91 8 8, 0 0 0 0 0 0 1 0 0 0
1513896819.48 5631 8755 4906 1750 1111 1860 6 126 6 8, 0 0 0 0 0 0 1 0 0 0
1513896820.49 8785 13462 8625 3801 2276 3215 13 29 13 17, 0 0 0 0 0 0 1 0 0 0
1513896821.52 8149 12302 9181 4903 4658 5060 17 46 18 28, 0 0 0 0 0 0 1 0 0 0
1513896822.54 8774 9476 7747 7140 10321 9394 11 31 13 20, 0 0 0 0 0 0 1 0 0 0
1513896823.56 6942 6090 5314 5782 12954 10906 21 44 20 33, 0 0 0 0 0 0 1 0 0 0
1513896824.61 7955 6132 6403 6847 13895 11910 18 37 17 28, 0 0 0 0 0 0 1 0 0 0
1513896825.63 6944 5161 5539 8700 16645 13802 20 55 20 36, 0 0 0 0 0 0 1 0 0 0
1513896826.65 5811 3501 5375 9999 19066 15840 19 41 18 29, 0 0 0 0 0 0 1 0 0 0
1513896827.66 6361 3262 6137 10177 16475 14470 12 28 12 20, 0 0 0 0 0 0 1 0 0 0
1513896828.69 6237 1667 5327 11508 15394 12463 14 42 14 20, 0 0 0 0 0 0 1 0 0 0
1513896829.7 12509 3362 3561 9539 24860 27113 39 97 46 69, 0 0 0 0 0 0 1 0 0 0
1513896830.73 6210 3129 3634 6892 15148 16160 16 33 13 19, 0 0 0 0 0 0 1 0 0 0
1513896831.76 8333 4227 3857 5861 16297 22210 20 43 19 27, 0 0 0 0 0 0 1 0 0 0
1513896832.81 12434 4572 2884 4693 19920 31553 18 38 18 29, 0 0 0 0 0 0 1 0 0 0
1513896833.87 13802 3623 2427 4783 24345 34983 13 40 17 21, 0 0 0 0 0 0 1 0 0 0
1513896834.9 9836 3789 2115 3464 18997 26459 16 38 15 22, 0 0 0 0 0 0 1 0 0 0
1513896835.92 12665 3567 1451 4095 19241 28168 19 45 23 27, 0 0 0 0 0 0 1 0 0 0
1513896836.93 16444 6637 3048 8447 23702 32985 16 31 12 23, 0 0 0 0 0 0 1 0 0 0
1513896837.96 17342 7801 8804 14120 22586 28939 17 224 22 35, 0 0 0 0 0 0 1 0 0 0
1513896838.99 12506 5341 11146 18313 22623 25865 21 539 17 30, 0 0 0 0 0 0 1 0 0 0
1513896840.01 11705 6252 10603 17436 22058 21235 21 455 23 37, 0 0 0 0 0 0 1 0 0 0
1513896841.04 9156 4995 9923 15221 17702 16609 31 520 30 44, 0 0 0 0 0 0 1 0 0 0
1513896842.08 10540 5289 9743 12651 16116 20194 42 91 44 71, 0 0 0 0 0 0 1 0 0 0
1513896843.15 14008 7086 9467 13183 21661 25979 30 68 27 49, 0 0 0 0 0 0 1 0 0 0
1513896844.18 4351 1913 6582 9461 12921 15389 24 58 30 47, 0 0 0 0 0 0 1 0 0 0
1513896845.22 4464 1187 3590 5934 8782 13694 27 54 25 40, 0 0 0 0 0 0 1 0 0 0
1513896846.24 9047 2127 6328 11981 20872 24086 37 83 36 56, 0 0 0 0 0 0 1 0 0 0
1513896847.26 7215 2091 4253 7833 14135 17289 17 38 21 50, 0 0 0 0 0 0 1 0 0 0
1513896848.3 14310 5138 3130 8500 15494 19506 17 35 15 25, 0 0 0 0 0 0 1 0 0 0
1513896849.31 14077 3955 3096 8360 16191 20498 18 47 21 33, 0 0 0 0 0 0 1 0 0 0
1513896850.36 9592 2128 2778 8520 16791 16849 27 58 33 56, 0 0 0 0 0 0 1 0 0 0
1513896851.38 16955 4786 3811 10021 21054 26113 29 60 35 57, 0 0 0 0 0 0 1 0 0 0
1513896852.41 5929 1696 3009 8648 14941 11852 28 63 28 49, 0 0 0 0 0 0 1 0 0 0
1513896853.44 11340 3004 3432 9058 19179 19874 23 56 31 51, 0 0 0 0 0 0 1 0 0 0
1513896854.46 14505 3511 3397 8835 20487 22996 23 50 27 47, 0 0 0 0 0 0 1 0 0 0
1513896855.48 11299 2727 3323 9300 20124 19356 35 78 35 66, 0 0 0 0 0 0 1 0 0 0
1513896856.52 12488 2789 2528 8341 19643 19687 45 100 50 90, 0 0 0 0 0 0 1 0 0 0
1513896857.55 10479 2040 2179 8562 18771 21820 45 95 52 93, 0 0 0 0 0 0 1 0 0 0
1513896858.58 9836 1784 1893 7454 19018 20030 45 87 44 81, 0 0 0 0 0 0 1 0 0 0
1513896859.6 11995 2713 1831 7658 18931 22742 39 82 37 69, 0 0 0 0 0 0 1 0 0 0
1513896860.64 10123 2221 1303 6804 19153 22207 39 85 40 75, 0 0 0 0 0 0 1 0 0 0
1513896861.67 8434 1489 1108 6412 18456 20767 34 70 34 67, 0 0 0 0 0 0 1 0 0 0
1513896862.7 11326 3126 1458 6668 21350 22998 33 72 35 67, 0 0 0 0 0 0 1 0 0 0
1513896863.72 8389 3509 1858 5196 18230 20084 27 57 26 53, 0 0 0 0 0 0 1 0 0 0
1513896864.74 9501 4894 1751 4610 15408 18271 39 77 39 71, 0 0 0 0 0 0 1 0 0 0
1513896865.76 12969 8238 6767 8346 16024 20579 31 107 54 67, 0 0 0 0 0 0 1 0 0 0
1513896866.78 13565 4055 7821 13925 16216 20420 45 73 37 89, 0 0 0 0 0 0 1 0 0 0
1513896867.81 5038 711 4012 10213 14549 12406 244 497 251 489, 0 0 0 0 0 0 1 0 0 0
1513896868.83 3874 1142 1522 8609 14296 12949 364 820 368 729, 0 0 0 0 0 0 1 0 0 0
1513896869.85 11716 7193 4884 11602 17553 19501 321 1344 325 643, 0 0 0 0 0 0 1 0 0 0
1513896870.87 16281 11370 6202 15321 25891 28680 478 1585 479 953, 0 0 0 0 0 0 1 0 0 0
1513896871.89 16348 9631 4903 13515 22723 26325 478 2177 478 952, 0 0 0 0 0 0 1 0 0 0
1513896872.93 17230 11794 4601 11518 20523 26493 34 79 36 66, 0 0 0 0 0 0 1 0 0 0
1513896873.95 18559 10793 4161 11805 19785 23655 44 95 47 84, 0 0 0 0 0 0 1 0 0 0
1513896874.97 16462 12048 4032 8810 15777 21387 25 55 26 49, 0 0 0 0 0 0 1 0 0 0
1513896876.0 17918 10278 3407 8252 13936 17814 20 61 26 35, 0 0 0 0 0 0 1 0 0 0
1513896877.03 15134 8678 2015 5892 10601 14241 24 56 24 38, 0 0 0 0 0 0 1 0 0 0
1513896878.05 19866 7678 1891 5130 11431 20553 31 77 38 55, 0 0 0 0 0 0 1 0 0 0
1513896879.08 18868 5205 1920 4974 14539 23356 51 110 54 93, 0 0 0 0 0 0 1 0 0 0
1513896880.1 13924 3889 2918 8846 16802 20285 27 60 32 50, 0 0 0 0 0 0 1 0 0 0
1513896881.11 16373 5946 2749 8611 17430 22116 38 85 39 69, 0 0 0 0 0 0 1 0 0 0
1513896882.13 11726 3743 3058 8981 16897 17546 42 98 52 79, 0 0 0 0 0 0 1 0 0 0
1513896883.16 21296 6746 4013 8741 19402 24886 42 1875 42 67, 0 0 0 0 0 0 1 0 0 0
1513896884.2 18662 5156 2262 7287 19283 21656 34 1012 43 70, 0 0 0 0 0 0 1 0 0 0
1513896885.22 18151 4157 3742 8734 17680 19281 30 2595 31 44, 0 0 0 0 0 0 1 0 0 0
1513896886.24 11754 2878 2659 8400 15636 14235 37 275 40 69, 0 0 0 0 0 0 1 0 0 0
1513896887.27 18466 5216 5699 11836 19847 22758 159 1804 160 319, 0 0 0 0 0 0 1 0 0 0
1513896888.3 14125 3546 3921 9744 18420 19173 35 1529 35 72, 0 0 0 0 0 0 1 0 0 0
1513896889.33 19541 6153 6077 15080 29389 33485 68 431 70 129, 0 0 0 0 0 0 1 0 0 0
1513896890.36 11520 3579 2789 10163 17031 20903 39 92 41 78, 0 0 0 0 0 0 1 0 0 0
1513896891.38 8083 2711 1719 8717 14798 17174 51 101 46 87, 0 0 0 0 0 0 1 0 0 0
1513896892.41 10315 2580 2345 9758 19151 23054 40 90 46 79, 0 0 0 0 0 0 1 0 0 0
1513896893.43 14691 5028 4543 11025 17555 21638 27 55 27 48, 0 0 0 0 0 0 1 0 0 0
1513896894.53 15411 4612 3792 9517 16512 22216 31 69 33 59, 0 0 0 0 0 0 1 0 0 0
1513896895.57 9138 2682 2455 7424 14600 15417 32 66 30 54, 0 0 0 0 0 0 1 0 0 0
1513896896.61 8846 2384 414 4062 12194 15022 35 77 41 68, 0 0 0 0 0 0 1 0 0 0
1513896897.64 4626 1104 2130 6247 10196 8720 42 90 43 77, 0 0 0 0 0 0 1 0 0 0
1513896898.67 3971 697 1782 6405 11872 7633 36 90 40 71, 0 0 0 0 0 0 1 0 0 0
1513896899.69 5193 1423 2328 7184 13302 10960 48 111 50 93, 0 0 0 0 0 0 1 0 0 0
1513896900.71 3869 764 2935 8010 11566 8420 41 86 44 80, 0 0 0 0 0 0 1 0 0 0
1513896901.73 8077 2278 3574 8663 12256 12518 44 101 47 83, 0 0 0 0 0 0 1 0 0 0
1513896902.76 6605 1544 2544 7907 14551 11322 43 90 45 83, 0 0 0 0 0 0 1 0 0 0
1513896903.79 5356 1108 3941 10052 14351 9421 41 92 43 81, 0 0 0 0 0 0 1 0 0 0
1513896904.81 6818 2068 4678 11807 14581 9735 97 207 95 190, 0 0 0 0 0 0 1 0 0 0
1513896905.86 5450 1465 5872 15898 16794 8587 44 91 45 82, 0 0 0 0 0 0 1 0 0 0
1513896906.9 7880 2824 9891 26242 23968 10336 65 145 69 125, 0 0 0 0 0 0 1 0 0 0
1513896907.92 5812 2060 4704 16804 14924 8674 1097 2206 1098 2182, 0 0 0 0 0 0 1 0 0 0
1513896908.95 8568 4362 4988 16197 16211 13740 1197 2411 1202 2384, 0 0 0 0 0 0 1 0 0 0
1513896910.0 12870 7780 5446 14117 22044 23468 567 1135 567 1127, 0 0 0 0 0 0 1 0 0 0
1513896911.03 9197 6735 3650 10572 17595 20656 421 850 425 841, 0 0 0 0 0 0 1 0 0 0
1513896912.06 9813 6867 1654 6868 18323 21646 364 730 366 722, 0 0 0 0 0 0 1 0 0 0
1513896913.09 7853 7990 1041 6772 16482 19939 385 771 384 754, 0 0 0 0 0 0 1 0 0 0
1513896914.12 5244 7504 1702 4497 11948 17570 422 862 431 844, 0 0 0 0 0 0 1 0 0 0
1513896915.19 6308 5835 2146 5486 15029 14175 127 259 128 249, 0 0 0 0 0 0 1 0 0 0
1513896916.23 2472 5219 1396 1397 8087 8687 25 59 32 51, 0 0 0 0 0 0 1 0 0 0
1513896917.28 3730 3207 1610 3161 10174 7311 28 66 31 57, 0 0 0 0 0 0 1 0 0 0
1513896918.3 3485 707 488 3354 10126 7390 27 67 33 59, 0 0 0 0 0 0 1 0 0 0
1513896919.32 5009 1299 323 2682 9319 7184 29 62 30 57, 0 0 0 0 0 0 1 0 0 0
1513896920.34 10282 3966 791 3773 12074 12576 39 81 39 74, 0 0 0 0 0 0 1 0 0 0
1513896921.37 14812 8188 2342 5384 12356 14596 24 54 24 42, 0 0 0 0 0 0 1 0 0 0
1513896922.41 18394 11873 3284 8440 19163 19105 19 53 23 40, 0 0 0 0 0 0 1 0 0 0
1513896923.44 12719 10511 3661 6325 13068 12836 11 35 18 23, 0 0 0 0 0 0 1 0 0 0
1513896924.47 11932 10284 2952 7127 13157 11980 12 36 15 22, 0 0 0 0 0 0 1 0 0 0
1513896925.49 9634 8447 1494 7131 11891 9891 9 31 10 16, 0 0 0 0 0 0 1 0 0 0
1513896926.51 12578 7917 5348 10110 10403 10775 13 28 14 19, 0 0 0 0 0 0 1 0 0 0
1513896927.54 14470 7966 5157 10583 12316 13784 26 54 25 39, 0 0 0 0 0 0 1 0 0 0
1513896928.55 16582 8049 4505 9815 14837 18236 12 35 19 24, 0 0 0 0 0 0 1 0 0 0
1513896929.58 17118 8348 3701 8775 15010 19720 13 48 19 24, 0 0 0 0 0 0 1 0 0 0
1513896930.59 8693 4544 3482 8365 14079 12885 22 50 24 38, 0 0 0 0 0 0 1 0 0 0
1513896931.61 9548 4259 3397 9072 15543 15093 27 65 34 52, 0 0 0 0 0 0 1 0 0 0
1513896932.64 9113 5153 4237 8103 18258 19002 25 58 26 45, 0 0 0 0 0 0 1 0 0 0
1513896933.68 7047 3575 3397 8897 16278 15796 21 54 29 46, 0 0 0 0 0 0 1 0 0 0
1513896934.71 7891 3092 1556 7018 16059 16427 18 47 19 34, 0 0 0 0 0 0 1 0 0 0
1513896935.73 6744 2731 5654 12318 16677 14915 18 49 23 40, 0 0 0 0 0 0 1 0 0 0
1513896936.77 3242 1742 5647 13508 13600 8612 18 39 17 27, 0 0 0 0 0 0 1 0 0 0
1513896937.8 5486 3012 9066 16927 16344 12285 22 51 27 48, 0 0 0 0 0 0 1 0 0 0
1513896938.84 4853 2044 7910 15895 16669 10632 26 64 30 54, 0 0 0 0 0 0 1 0 0 0
1513896939.87 5468 1900 8025 17848 18276 11934 28 61 28 55, 0 0 0 0 0 0 1 0 0 0
1513896940.89 5217 2040 10012 26826 26732 13017 18 77 33 35, 0 0 0 0 0 0 1 0 0 0
1513896941.9 4344 1409 5402 14545 11770 8013 32 46 22 55, 0 0 0 0 0 0 1 0 0 0
1513896942.92 6458 1809 6750 13791 15083 12643 20 46 22 38, 0 0 0 0 0 0 1 0 0 0
1513896943.94 10094 8999 11677 14475 14753 12719 18 47 22 39, 0 0 0 0 0 0 1 0 0 0
1513896944.96 9386 8133 14994 18002 15558 11869 22 48 23 33, 0 0 0 0 0 0 1 0 0 0
1513896945.97 6823 4476 11228 18656 15839 10519 22 60 25 40, 0 0 0 0 0 0 1 0 0 0
1513896946.99 5896 4179 9214 17174 14286 8260 19 40 20 37, 0 0 0 0 0 0 1 0 0 0
1513896948.0 5415 5430 12258 18792 15018 7837 18 46 21 38, 0 0 0 0 0 0 1 0 0 0
1513896949.02 6621 7085 12606 18719 15269 7676 16 35 18 34, 0 0 0 0 0 0 1 0 0 0
1513896950.03 8208 6489 14185 20149 16707 10443 16 39 18 30, 0 0 0 0 0 0 1 0 0 0
1513896951.05 9864 7860 10904 15144 14516 12966 17 39 18 30, 0 0 0 0 0 0 1 0 0 0
1513896952.06 7844 5064 9141 14084 14246 11079 13 33 15 27, 0 0 0 0 0 0 1 0 0 0
1513896953.08 5631 4519 12805 16130 13245 9805 19 42 21 37, 0 0 0 0 0 0 1 0 0 0
1513896954.1 8988 6925 13070 14622 13303 13401 21 45 19 34, 0 0 0 0 0 0 1 0 0 0
1513896955.12 10194 6560 10701 13303 14258 15085 20 43 18 31, 0 0 0 0 0 0 1 0 0 0
1513896956.17 9877 6680 10790 15162 17596 15414 12 35 17 22, 0 0 0 0 0 0 1 0 0 0
1513896957.22 6955 4183 9583 17431 21866 14066 16 32 17 28, 0 0 0 0 0 0 1 0 0 0
1513896958.24 6849 4667 10610 18547 20704 11855 22 245 28 47, 0 0 0 0 0 0 1 0 0 0
1513896959.26 6221 5225 10763 17288 19279 11409 14 42 17 32, 0 0 0 0 0 0 1 0 0 0
1513896960.27 7555 5165 8101 14796 16741 12211 13 35 16 25, 0 0 0 0 0 0 1 0 0 0
1513896961.29 6460 2920 5736 13992 16943 12026 20 55 17 30, 0 0 0 0 0 0 1 0 0 0
1513896962.35 6790 2393 5405 14885 17028 11370 11 36 14 20, 0 0 0 0 0 0 1 0 0 0
1513896963.38 6674 2348 3316 10065 15753 11407 18 43 19 31, 0 0 0 0 0 0 1 0 0 0
1513896964.4 8526 3176 2698 9147 18628 14873 9 31 13 18, 0 0 0 0 0 0 1 0 0 0
1513896965.43 13532 5515 2278 7632 19098 22579 9 25 10 17, 0 0 0 0 0 0 1 0 0 0
1513896966.46 22390 7031 6769 14863 30485 36665 9 40 14 23, 0 0 0 0 0 0 1 0 0 0
1513896967.49 13627 4345 7240 15631 19907 22387 10 24 11 18, 0 0 0 0 0 0 1 0 0 0
1513896968.52 8853 1518 5533 16747 22318 19757 11 37 14 17, 0 0 0 0 0 0 1 0 0 0
1513896969.57 7829 2428 7208 15541 21197 18159 7 29 8 14, 0 0 0 0 0 0 1 0 0 0
1513896970.59 11442 3407 9526 16032 21197 20706 11 133 16 22, 0 0 0 0 0 0 1 0 0 0
1513896971.61 9191 3780 10719 14313 19572 17228 7 163 5 10, 0 0 0 0 0 0 1 0 0 0
1513896972.63 9797 6426 12746 12667 20526 16568 5 26 6 10, 0 0 0 0 0 0 1 0 0 0
1513896973.64 8641 8825 12383 14134 17545 13231 9 22 8 13, 0 0 0 0 0 0 1 0 0 0
1513896974.66 3480 4674 8168 11442 14653 7528 12 28 14 23, 0 0 0 0 0 0 1 0 0 0
1513896975.68 4950 5501 10948 15770 18377 11227 12 27 8 20, 0 0 0 0 0 0 1 0 0 0
1513896976.69 5242 3762 11856 17108 19563 10683 9 21 13 17, 0 0 0 0 0 0 1 0 0 0
1513896977.71 6558 5231 12416 18747 20030 13504 12 21 9 19, 0 0 0 0 0 0 1 0 0 0
1513896978.73 7024 4353 8779 16946 19415 13907 17 32 14 25, 0 0 0 0 0 0 1 0 0 0
1513896979.75 8281 1930 6353 15693 20399 17604 8 27 14 24, 0 0 0 0 0 0 1 0 0 0
1513896980.77 13551 3477 6996 16095 19711 21968 16 44 17 32, 0 0 0 0 0 0 1 0 0 0
1513896981.81 12555 3165 8020 17107 22427 23211 10 21 10 21, 0 0 0 0 0 0 1 0 0 0
1513896982.83 17658 7887 9419 19535 26197 28232 15 38 18 29, 0 0 0 0 0 0 1 0 0 0
1513896983.86 12331 6348 8396 19981 23556 20745 7 156 10 10, 0 0 0 0 0 0 1 0 0 0
1513896984.88 13269 7028 7965 20302 21411 18835 14 69 14 21, 0 0 0 0 0 0 1 0 0 0
1513896985.89 10485 8457 11293 19191 17020 14442 10 19 6 17, 0 0 0 0 0 0 1 0 0 0
1513896986.92 15746 13596 13396 14768 16888 17667 5 25 11 11, 0 0 0 0 0 0 1 0 0 0
1513896987.94 13041 9785 9510 11667 14174 14512 10 25 9 15, 0 0 0 0 0 0 1 0 0 0
1513896988.97 15280 11452 9776 10331 12231 13783 14 39 15 27, 0 0 0 0 0 0 1 0 0 0
1513896989.99 22175 17570 12756 14466 21946 23600 17 34 18 30, 0 0 0 0 0 0 1 0 0 0
1513896991.01 8291 6743 6466 8441 15601 11934 15 36 19 27, 0 0 0 0 0 0 1 0 0 0
1513896992.04 9945 9347 10375 11852 15580 13516 12 26 15 22, 0 0 0 0 0 0 1 0 0 0
1513896993.06 8824 9609 17653 16186 14685 12163 10 32 11 15, 0 0 0 0 0 0 1 0 0 0
1513896994.08 10668 9773 18031 17590 15286 15942 15 41 17 24, 0 0 0 0 0 0 1 0 0 0
1513896995.1 9330 9358 15241 14480 14326 13857 11 23 11 19, 0 0 0 0 0 0 1 0 0 0
1513896996.13 8045 11303 17336 17651 15638 10986 10 39 14 26, 0 0 0 0 0 0 1 0 0 0
1513896997.16 5575 12251 20210 17384 16002 10513 12 30 12 25, 0 0 0 0 0 0 1 0 0 0
1513896998.17 7830 14798 25479 22405 17497 12333 5 22 8 14, 0 0 0 0 0 0 1 0 0 0
1513896999.19 3414 9766 21568 21612 14506 9563 4 12 4 9, 0 0 0 0 0 0 1 0 0 0
1513897000.25 4708 9242 22376 20909 12879 9568 3 107 4 4, 0 0 0 0 0 0 1 0 0 0
1513897001.27 7210 9820 20327 20733 13394 10507 8 1237 11 15, 0 0 0 0 0 0 1 0 0 0
1513897002.28 5029 5516 12031 16729 11054 6086 13 2100 9 23, 0 0 0 0 0 0 1 0 0 0
1513897003.31 7871 6953 11689 17223 12887 8851 5 999 12 12, 0 0 0 0 0 0 1 0 0 0
1513897004.33 12505 10445 9272 15460 14658 12228 5 19 7 9, 0 0 0 0 0 0 1 0 0 0
1513897005.34 14093 10137 10240 17592 21702 18298 9 23 9 19, 0 0 0 0 0 0 1 0 0 0
1513897006.37 13458 8482 8215 14288 18938 17965 12 30 18 23, 0 0 0 0 0 0 1 0 0 0
1513897007.38 11624 6164 5209 10528 14803 14699 10 24 11 15, 0 0 0 0 0 0 1 0 0 0
1513897008.4 10391 4250 3741 8953 13965 14926 15 145 15 19, 0 0 0 0 0 0 1 0 0 0
1513897009.42 11110 3721 3400 7916 14388 17011 17 61 17 25, 0 0 0 0 0 0 1 0 0 0
1513897010.45 11782 3864 4268 8704 15968 19705 16 48 22 27, 0 0 0 0 0 0 1 0 0 0
1513897011.48 7214 3058 8294 12620 18066 15630 9 26 15 19, 0 0 0 0 0 0 1 0 0 0
1513897012.51 8541 8343 17703 20097 26855 16813 11 51 16 28, 0 0 0 0 0 0 1 0 0 0
1513897013.54 7986 6578 13025 11271 16829 15615 12 21 12 15, 0 0 0 0 0 0 1 0 0 0
1513897014.57 8144 7014 13359 10708 18354 13904 7 21 10 15, 0 0 0 0 0 0 1 0 0 0
1513897015.58 9951 9430 14523 10039 19958 17061 8 25 16 19, 0 0 0 0 0 0 1 0 0 0
1513897016.62 10063 8899 13092 11383 15248 14451 13 22 6 15, 0 0 0 0 0 0 1 0 0 0
1513897017.64 16822 13333 11676 11242 15800 18451 8 20 11 18, 0 0 0 0 0 0 1 0 0 0
1513897018.65 17373 16851 9267 8872 14414 16798 6 22 14 15, 0 0 0 0 0 0 1 0 0 0
1513897019.7 25213 21796 11037 8442 16152 23667 86 269 84 170, 0 0 0 0 0 0 1 0 0 0
1513897020.74 26369 20854 8763 6842 17580 26957 470 946 472 943, 0 0 0 0 0 0 1 0 0 0
1513897021.77 26299 22716 7739 6511 17062 24140 177 352 174 351, 0 0 0 0 0 0 1 0 0 0
1513897022.81 24099 18986 6698 6566 15071 21332 44 129 47 90, 0 0 0 0 0 0 1 0 0 0
1513897023.83 22580 16627 4592 4953 13335 18002 11 43 15 22, 0 0 0 0 0 0 1 0 0 0
1513897024.86 23139 15094 4894 5344 14100 20064 8 19 7 14, 0 0 0 0 0 0 1 0 0 0
1513897025.88 18973 15258 5253 4490 10863 15090 4 642 9 12, 0 0 0 0 0 0 1 0 0 0
1513897026.89 25020 16477 6373 3714 14214 21580 6 1835 14 24, 0 0 0 0 0 0 1 0 0 0
1513897027.92 25614 15614 9219 6524 16470 25210 3 1736 5 11, 0 0 0 0 0 0 1 0 0 0
1513897028.94 22738 11249 11289 8428 17072 23147 3 1494 9 13, 0 0 0 0 0 0 1 0 0 0
1513897029.95 16131 7995 12015 8167 16804 18191 8 1517 8 17, 0 0 0 0 0 0 1 0 0 0
1513897030.98 20186 12808 15446 10917 18487 26879 24 57 25 52, 0 0 0 0 0 0 1 0 0 0
1513897032.0 21249 9983 6080 6453 16987 27870 13 36 14 21, 0 0 0 0 0 0 1 0 0 0
1513897033.01 13948 5143 4004 5833 15774 23305 642 1288 644 1279, 0 0 0 0 0 0 1 0 0 0
1513897034.04 15321 4654 5289 7803 19316 27247 1850 4701 2221 3691, 0 0 0 0 0 0 1 0 0 0
1513897035.07 20750 6097 2961 8753 29422 44268 2000 3009 1629 4000, 0 0 0 0 0 0 1 0 0 0
1513897036.11 18660 6295 2408 7156 25935 35588 921 2055 916 1837, 0 0 0 0 0 0 1 0 0 0
1513897037.14 19330 6523 2264 7079 23810 32575 677 1356 677 1348, 0 0 0 0 0 0 1 0 0 0
1513897038.16 15810 4683 2352 9202 23237 27137 184 371 185 360, 0 0 0 0 0 0 1 0 0 0
1513897039.19 13750 5448 6985 12491 20692 23718 27 64 31 53, 0 0 0 0 0 0 1 0 0 0
1513897040.22 10290 4646 6230 11853 21533 20793 33 73 35 55, 0 0 0 0 0 0 1 0 0 0
1513897041.25 12834 5589 10223 15875 21952 20505 30 63 30 61, 0 0 0 0 0 0 1 0 0 0
1513897042.28 12082 9739 13342 19346 19285 16075 27 63 32 55, 0 0 0 0 0 0 1 0 0 0
1513897043.32 9779 9102 15217 19645 16386 12864 20 49 24 42, 0 0 0 0 0 0 1 0 0 0
1513897044.36 8368 6073 13458 19702 19104 11771 26 54 27 53, 0 0 0 0 0 0 1 0 0 0
1513897045.39 6383 5611 14370 13327 12191 6405 36 75 40 70, 0 0 0 0 0 0 1 0 0 0
1513897046.41 8346 7305 14789 12503 13652 7006 40 144 42 75, 0 0 0 0 0 0 1 0 0 0
1513897047.44 14524 10456 15487 15758 21054 17320 43 125 46 79, 0 0 0 0 0 0 1 0 0 0
1513897048.47 22061 13580 17357 14603 23480 24301 29 75 35 56, 0 0 0 0 0 0 1 0 0 0
1513897049.5 18535 9601 13513 12021 20566 18611 38 87 43 75, 0 0 0 0 0 0 1 0 0 0
1513897050.52 17448 9720 12070 13237 22029 22656 28 72 32 60, 0 0 0 0 0 0 1 0 0 0
1513897051.55 11042 5775 9940 9948 18717 12189 37 81 40 69, 0 0 0 0 0 0 1 0 0 0
1513897052.56 15212 9040 16622 17086 24602 19564 40 1488 62 83, 0 0 0 0 0 0 1 0 0 0
1513897053.58 20189 8869 14933 13734 20518 19973 44 1606 30 85, 0 0 0 0 0 0 1 0 0 0
1513897054.62 16847 9002 14000 14364 22628 21658 30 1011 40 63, 0 0 0 0 0 0 1 0 0 0
1513897055.65 15852 7440 12952 12147 22498 22645 29 914 32 58, 0 0 0 0 0 0 1 0 0 0
1513897056.66 11538 4570 6274 7534 20094 22183 39 644 41 77, 0 0 0 0 0 0 1 0 0 0
1513897057.69 17733 8562 7891 7225 18804 25775 22 55 25 43, 0 0 0 0 0 0 1 0 0 0
1513897058.74 16134 7442 5588 4207 11806 18691 27 57 29 54, 0 0 0 0 0 0 1 0 0 0
1513897059.78 12152 4818 3075 1612 10575 16123 26 1851 33 50, 0 0 0 0 0 0 1 0 0 0
1513897060.82 11127 2748 1952 1519 10450 16100 33 678 34 59, 0 0 0 0 0 0 1 0 0 0
1513897061.89 12215 3016 51 1536 9410 15561 27 65 27 53, 0 0 0 0 0 0 1 0 0 0
1513897062.92 8581 1705 70 1248 8432 12804 21 52 29 43, 0 0 0 0 0 0 1 0 0 0
1513897063.95 11205 2752 516 3784 13660 17235 47 105 52 97, 0 0 0 0 0 0 1 0 0 0
1513897064.99 13359 4698 2818 6205 14450 19038 27 60 25 46, 0 0 0 0 0 0 1 0 0 0
1513897066.01 12676 8327 4730 6426 15366 15011 161 335 164 316, 0 0 0 0 0 0 1 0 0 0
1513897067.05 14076 8957 7176 7089 17806 16140 251 669 254 497, 0 0 0 0 0 0 1 0 0 0
1513897068.06 16149 11650 8904 8041 20182 19444 445 914 447 887, 0 0 0 0 0 0 1 0 0 0
1513897069.09 20273 20575 15002 13946 29019 22629 410 1221 542 817, 0 0 0 0 0 0 1 0 0 0
1513897070.11 23311 12520 9972 11294 24185 28065 614 857 490 1224, 0 0 0 0 0 0 1 0 0 0
1513897071.13 17975 12636 12466 15133 26964 24723 1229 2480 1237 2455, 0 0 0 0 0 0 1 0 0 0
1513897072.15 13995 6170 9500 13054 23941 22410 846 1702 850 1688, 0 0 0 0 0 0 1 0 0 0
1513897073.17 15805 4871 11551 13485 22710 26296 1009 2952 1010 2018, 0 0 0 0 0 0 1 0 0 0
1513897074.2 14926 4196 6271 10476 19287 25076 715 1648 719 1431, 0 0 0 0 0 0 1 0 0 0
1513897075.24 24689 7521 7139 11975 22949 34565 1228 2464 1230 2451, 0 0 0 0 0 0 1 0 0 0
1513897076.32 21373 6092 4194 8798 20178 31906 892 1790 895 1785, 0 0 0 0 0 0 1 0 0 0
1513897077.37 18957 5481 4059 8042 20235 29591 173 351 173 346, 0 0 0 0 0 0 1 0 0 0
1513897078.47 15585 5745 4540 7955 16286 24047 20 55 26 43, 0 0 0 0 0 0 1 0 0 0
1513897079.51 18221 8212 9047 9952 16050 23192 18 152 20 36, 0 0 0 0 0 0 1 0 0 0
1513897080.53 12874 1814 4395 2032 4230 16647 18 71 20 35, 0 0 0 0 0 0 1 0 0 0
1513897081.56 5852 1720 3225 3312 3702 6926 22 50 21 44, 0 0 0 0 0 0 1 0 0 0
1513897082.59 5460 3102 2659 2337 2689 5032 15 34 17 28, 0 0 0 0 0 0 1 0 0 0
1513897083.63 4096 2434 3029 2124 2820 5396 15 35 16 28, 0 0 0 0 0 0 1 0 0 0
1513897084.69 4958 3622 2664 985 2189 3948 16 44 19 29, 0 0 0 0 0 0 1 0 0 0
1513897085.69 3071 3060 3102 3033 4632 5753 12 42 16 26, 0 0 0 0 0 0 1 0 0 0
1513897086.72 1106 785 1568 1511 1947 2623 12 32 13 26, 0 0 0 0 0 0 1 0 0 0
1513897087.73 1615 1314 1794 1503 1847 2261 13 35 15 26, 0 0 0 0 0 0 1 0 0 0
1513897088.76 1960 1111 1579 858 2213 3257 13 34 16 26, 0 0 0 0 0 0 1 0 0 0
1513897089.8 1173 358 1108 2092 4819 4869 12 38 16 26, 0 0 0 0 0 0 1 0 0 0
1513897090.85 2685 514 2466 4170 6944 7430 19 48 20 34, 0 0 0 0 0 0 1 0 0 0
1513897091.9 1343 444 2886 3867 7111 5011 15 38 19 30, 0 0 0 0 0 0 1 0 0 0
1513897092.94 1285 1028 4028 5280 7938 6907 25 54 27 48, 0 0 0 0 0 0 1 0 0 0
1513897093.99 2467 946 3416 3862 8780 7090 20 45 22 38, 0 0 0 0 0 0 1 0 0 0
1513897095.04 3374 1165 2733 2890 11570 9233 20 43 21 35, 0 0 0 0 0 0 1 0 0 0
1513897096.08 3132 1324 3259 1179 11448 8144 20 49 22 35, 0 0 0 0 0 0 1 0 0 0
1513897097.15 2974 1956 3750 1581 9296 7285 25 51 23 41, 0 0 0 0 0 0 1 0 0 0
1513897098.17 4724 3314 9265 3896 14663 6977 20 52 27 45, 0 0 0 0 0 0 1 0 0 0
1513897099.19 2681 2662 5692 3197 8653 4565 9 24 11 14, 0 0 0 0 0 0 1 0 0 0
1513897100.21 9395 8840 12320 12828 12195 12451 17 45 20 32, 0 0 0 0 0 0 1 0 0 0
1513897101.23 10890 10626 16589 15296 16145 14612 14 33 18 33, 0 0 0 0 0 0 1 0 0 0
1513897102.25 10205 8752 17823 16241 18182 15744 10 24 12 21, 0 0 0 0 0 0 1 0 0 0
1513897103.27 9289 8442 16077 14491 17479 15955 12 35 15 28, 0 0 0 0 0 0 1 0 0 0
1513897104.29 6290 6985 16055 12736 16155 12221 10 23 14 20, 0 0 0 0 0 0 1 0 0 0
1513897105.3 2677 3848 15456 12432 13752 7605 12 41 18 28, 0 0 0 0 0 0 1 0 0 0
1513897106.32 4395 4328 16067 14611 16484 9222 13 33 14 28, 0 0 0 0 0 0 1 0 0 0
1513897107.33 2102 5229 16032 12615 13923 9516 19 44 21 34, 0 0 0 0 0 0 1 0 0 0
1513897108.35 9259 8275 12234 11318 12352 14252 18 45 23 34, 0 0 0 0 0 0 1 0 0 0
1513897109.38 12100 9440 10532 9706 13050 16373 23 53 20 38, 0 0 0 0 0 0 1 0 0 0
1513897110.39 11414 8616 12731 11299 16042 20637 18 47 25 37, 0 0 0 0 0 0 1 0 0 0
1513897111.41 14759 10722 12936 14276 17605 20503 24 55 25 47, 0 0 0 0 0 0 1 0 0 0
1513897112.42 13818 10592 15122 14228 19970 24806 23 52 26 47, 0 0 0 0 0 0 1 0 0 0
1513897113.45 15335 13845 18832 16421 18777 21740 17 42 15 33, 0 0 0 0 0 0 1 0 0 0
1513897114.47 10561 8741 15849 19142 17749 16600 11 30 13 27, 0 0 0 0 0 0 1 0 0 0
1513897115.49 12033 10065 14495 17597 18897 18959 20 43 21 47, 0 0 0 0 0 0 1 0 0 0
1513897116.51 12152 8764 12134 16355 18886 18761 17 56 24 43, 0 0 0 0 0 0 1 0 0 0
1513897117.52 15031 11134 10802 14579 18115 18117 21 46 22 44, 0 0 0 0 0 0 1 0 0 0
1513897118.54 16015 11826 13190 18701 17811 16748 16 46 16 35, 0 0 0 0 0 0 1 0 0 0
1513897119.55 22525 15460 13864 14566 17399 22943 29 68 37 61, 0 0 0 0 0 0 1 0 0 0
1513897120.58 27635 17224 12708 12862 19157 29757 30 73 34 59, 0 0 0 0 0 0 1 0 0 0
1513897121.6 13638 7342 8961 8208 16093 20325 30 72 29 54, 0 0 0 0 0 0 1 0 0 0
1513897122.61 18671 10043 10527 12252 18018 23286 36 88 42 71, 0 0 0 0 0 0 1 0 0 0
1513897123.63 24285 12183 12832 13316 21856 31925 35 98 40 67, 0 0 0 0 0 0 1 0 0 0
1513897124.64 22522 10888 12720 14497 24000 31720 28 54 27 50, 0 0 0 0 0 0 1 0 0 0
1513897125.66 20470 10772 14234 15308 25272 31813 31 75 36 66, 0 0 0 0 0 0 1 0 0 0
1513897126.68 18880 13139 16675 16357 23959 25276 39 87 43 70, 0 0 0 0 0 0 1 0 0 0
1513897127.71 16159 11753 17500 18387 24095 21844 39 1743 36 69, 0 0 0 0 0 0 1 0 0 0
1513897128.72 25794 19253 25670 26714 36656 36353 51 2411 51 90, 0 0 0 0 0 0 1 0 0 0
1513897129.74 16851 11898 15981 14550 19983 19579 35 976 40 67, 0 0 0 0 0 0 1 0 0 0
1513897130.76 22961 17227 14542 12644 16595 21812 32 1310 35 66, 0 0 0 0 0 0 1 0 0 0
1513897131.78 17457 13306 11241 9452 14135 17804 28 1033 33 57, 0 0 0 0 0 0 1 0 0 0
1513897132.79 15954 13112 11614 9608 14086 17027 32 69 33 61, 0 0 0 0 0 0 1 0 0 0
1513897133.82 11969 13505 12551 10105 12182 12304 20 50 23 39, 0 0 0 0 0 0 1 0 0 0
1513897134.84 14525 16256 15919 15204 18293 15833 25 66 29 45, 0 0 0 0 0 0 1 0 0 0
1513897135.88 15298 15621 16412 13615 17513 14093 19 62 19 34, 0 0 0 0 0 0 1 0 0 0
1513897136.9 15386 15276 19803 16065 20752 15550 22 49 22 38, 0 0 0 0 0 0 1 0 0 0
1513897137.92 16091 14362 20868 15581 20662 15565 25 76 30 46, 0 0 0 0 0 0 1 0 0 0
1513897138.94 16295 14952 21138 23100 22999 17048 27 72 29 61, 0 0 0 0 0 0 1 0 0 0
1513897139.97 14373 14735 27252 28185 24126 17304 254 521 255 518, 0 0 0 0 0 0 1 0 0 0
1513897140.98 11773 11253 19010 25639 22456 16995 1086 2246 1085 2162, 0 0 0 0 0 0 1 0 0 0
1513897142.0 14705 8326 14702 22166 24447 21400 1056 3396 1054 2110, 0 0 0 0 0 0 1 0 0 0
1513897143.01 13672 7042 11659 20557 22515 21157 1254 4225 1254 2510, 0 0 0 0 0 0 1 0 0 0
1513897144.04 18072 9098 12414 21417 21941 26348 1331 2669 1332 2660, 0 0 0 0 0 0 1 0 0 0
1513897145.06 16004 8346 8895 18244 22122 24259 1052 2108 1049 2101, 0 0 0 0 0 0 1 0 0 0
1513897146.07 19160 10004 11097 20032 29500 30447 60 129 62 122, 0 0 0 0 0 0 1 0 0 0
1513897147.09 21949 12003 10527 16721 27622 31035 20 244 19 38, 0 0 0 0 0 0 1 0 0 0
1513897148.1 23675 13242 8219 11267 22407 28393 941 2082 942 1881, 0 0 0 0 0 0 1 0 0 0
1513897149.12 22929 13008 9507 11536 22533 29032 271 1343 272 533, 0 0 0 0 0 0 1 0 0 0
1513897150.14 23750 14598 12589 12271 20844 28400 1354 4280 1351 2703, 0 0 0 0 0 0 1 0 0 0
1513897151.16 20130 14052 13516 11829 17646 24085 2434 6486 2441 4869, 0 0 0 0 0 0 1 0 0 0
1513897152.17 17990 10024 11184 11488 18140 25223 1821 4849 1815 3631, 0 0 0 0 0 0 1 0 0 0
1513897153.19 13788 7803 9712 10995 19226 22759 1201 2505 1204 2399, 0 0 0 0 0 0 1 0 0 0
1513897154.21 12477 7493 9975 9496 15799 19193 1215 2442 1219 2428, 0 0 0 0 0 0 1 0 0 0
1513897155.23 12544 8445 12747 11271 20136 22321 696 1400 701 1391, 0 0 0 0 0 0 1 0 0 0
1513897156.24 14262 13594 20600 19011 30822 29219 64 137 59 106, 0 0 0 0 0 0 1 0 0 0
1513897157.26 10027 8926 14482 15130 22958 22775 43 88 47 105, 0 0 0 0 0 0 1 0 0 0
1513897158.28 15439 8359 11677 13851 22952 28011 33 67 32 63, 0 0 0 0 0 0 1 0 0 0
1513897159.3 13256 6026 7750 8992 21816 26135 44 93 49 89, 0 0 0 0 0 0 1 0 0 0
1513897160.33 19215 10602 8258 7025 22204 29533 40 88 46 83, 0 0 0 0 0 0 1 0 0 0
1513897161.36 19872 12377 10118 7358 15379 23161 27 61 31 57, 0 0 0 0 0 0 1 0 0 0
1513897162.4 14495 8408 8616 10599 16287 19358 21 49 25 41, 0 0 0 0 0 0 1 0 0 0
1513897163.44 13497 7097 10266 13601 18220 20516 53 105 48 99, 0 0 0 0 0 0 1 0 0 0
1513897164.46 14955 8450 13452 14102 18310 20603 28 57 27 46, 0 0 0 0 0 0 1 0 0 0
1513897165.49 18852 8788 12157 13131 22121 28454 26 64 29 54, 0 0 0 0 0 0 1 0 0 0
1513897166.53 22855 11018 14240 15540 24102 32234 1439 2881 1437 2864, 0 0 0 0 0 0 1 0 0 0
1513897167.58 21950 10099 14005 14427 23827 30531 1706 3420 1713 3413, 0 0 0 0 0 0 1 0 0 0
1513897168.61 19887 8849 12598 11863 20349 31884 1862 3730 1865 3722, 0 0 0 0 0 0 1 0 0 0
1513897169.64 18315 9161 13738 12631 21015 30256 1212 2430 1217 2430, 0 0 0 0 0 0 1 0 0 0
1513897170.65 13504 9136 13376 12121 18024 23773 1501 2996 1492 2987, 0 0 0 0 0 0 1 0 0 0
1513897171.67 15732 12078 13306 12322 18444 23220 1024 2056 1031 2058, 0 0 0 0 0 0 1 0 0 0
1513897172.7 14019 10031 10895 11091 16101 20460 1788 3574 1782 3564, 0 0 0 0 0 0 1 0 0 0
1513897173.72 15120 13935 14867 11901 15118 19959 983 1973 990 1974, 0 0 0 0 0 0 1 0 0 0
1513897174.74 18773 13996 15492 14056 16529 21941 526 1060 529 1055, 0 0 0 0 0 0 1 0 0 0
1513897175.77 13852 11122 14744 11809 16848 19181 462 926 464 925, 0 0 0 0 0 0 1 0 0 0
1513897176.78 29158 18944 21474 15707 20026 33949 262 535 279 558, 0 0 0 0 0 0 1 0 0 0
1513897177.8 16886 12222 16406 19557 32245 31282 50 111 38 74, 0 0 0 0 0 0 1 0 0 0
1513897178.82 15510 10228 13956 15596 24298 25727 62 125 63 123, 0 0 0 0 0 0 1 0 0 0
1513897179.86 16599 10821 13603 15967 25376 28736 524 1054 529 1060, 0 0 0 0 0 0 1 0 0 0
1513897180.88 12304 4968 9943 18069 27392 28878 361 727 364 722, 0 0 0 0 0 0 1 0 0 0
1513897181.9 9784 5776 11562 17284 24313 24538 403 811 406 807, 0 0 0 0 0 0 1 0 0 0
1513897182.93 11025 7722 12931 18691 27141 27074 495 998 502 990, 0 0 0 0 0 0 1 0 0 0
1513897183.96 6342 3439 6568 13788 18897 18211 188 378 190 376, 0 0 0 0 0 0 1 0 0 0
1513897184.99 4702 2651 5985 13592 16165 13530 76 155 80 155, 0 0 0 0 0 0 1 0 0 0
1513897186.03 4526 2939 5708 11450 12201 11559 43 94 46 84, 0 0 0 0 0 0 1 0 0 0
1513897187.04 7469 4416 6187 10903 10524 11802 66 133 69 132, 0 0 0 0 0 0 1 0 0 0
1513897188.06 16750 8426 8190 11632 18102 24070 40 84 43 85, 0 0 0 0 0 0 1 0 0 0
1513897189.08 15889 10006 10567 13138 22735 22970 40 83 38 70, 0 0 0 0 0 0 1 0 0 0
1513897190.11 20675 12039 12944 15916 26009 28344 34 76 41 72, 0 0 0 0 0 0 1 0 0 0
1513897191.12 18107 9320 12517 14985 22670 25259 47 100 48 90, 0 0 0 0 0 0 1 0 0 0
1513897192.14 17847 10511 15023 15888 25214 25429 40 91 48 81, 0 0 0 0 0 0 1 0 0 0
1513897193.15 18479 13865 13659 15464 21837 23218 54 221 53 102, 0 0 0 0 0 0 1 0 0 0
1513897194.17 23305 17687 17298 15641 22170 26453 54 1337 53 101, 0 0 0 0 0 0 1 0 0 0
1513897195.18 25339 17137 13633 13126 23581 28932 62 517 65 119, 0 0 0 0 0 0 1 0 0 0
1513897196.21 31792 21615 15377 13904 23913 30484 42 221 47 87, 0 0 0 0 0 0 1 0 0 0
1513897197.24 31629 22194 16962 14571 22590 29339 50 973 47 88, 0 0 0 0 0 0 1 0 0 0
1513897198.26 27324 19100 15556 12502 16372 22184 85 1004 86 165, 0 0 0 0 0 0 1 0 0 0
1513897199.27 29095 19366 15694 13923 15764 22702 23 970 25 49, 0 0 0 0 0 0 1 0 0 0
1513897200.29 23250 17382 16929 17345 17527 22386 30 70 33 63, 0 0 0 0 0 0 1 0 0 0
1513897201.3 18284 17818 17236 16388 15468 16170 30 66 29 58, 0 0 0 0 0 0 1 0 0 0
1513897202.32 8600 7566 9559 16023 11719 7015 45 97 46 89, 0 0 0 0 0 0 1 0 0 0
1513897203.34 10187 12427 18016 20669 15154 9791 48 101 47 94, 0 0 0 0 0 0 1 0 0 0
1513897204.36 17099 22679 37468 40157 28954 21454 69 160 79 141, 0 0 0 0 0 0 1 0 0 0
1513897205.37 11776 13695 25647 26731 21323 14269 64 135 62 123, 0 0 0 0 0 0 1 0 0 0
1513897206.39 11794 15672 24117 27816 21072 15033 49 113 54 99, 0 0 0 0 0 0 1 0 0 0
1513897207.41 14535 19633 27023 28149 24206 17417 40 81 40 83, 0 0 0 0 0 0 1 0 0 0
1513897208.43 11635 13149 23920 28625 22261 14874 40 83 41 77, 0 0 0 0 0 0 1 0 0 0
1513897209.44 10012 12624 19800 23782 16250 9785 45 102 53 97, 0 0 0 0 0 0 1 0 0 0
1513897210.46 13449 18263 25958 26229 18668 14558 49 109 54 96, 0 0 0 0 0 0 1 0 0 0
1513897211.47 18305 20943 23492 26007 20482 19865 42 87 41 83, 0 0 0 0 0 0 1 0 0 0
1513897212.51 21837 21233 19421 22492 20739 22738 33 73 34 67, 0 0 0 0 0 0 1 0 0 0
1513897213.52 19568 18993 14484 20135 21141 21747 23 48 22 46, 0 0 0 0 0 0 1 0 0 0
1513897214.54 13539 10664 8506 17496 22866 22130 37 76 37 74, 0 0 0 0 0 0 1 0 0 0
1513897215.55 15211 13683 14921 19159 23247 22044 35 75 40 77, 0 0 0 0 0 0 1 0 0 0
1513897216.57 14851 14763 18104 21512 23690 21084 41 88 42 85, 0 0 0 0 0 0 1 0 0 0
1513897217.58 14165 13410 15673 21314 23323 18481 38 80 39 77, 0 0 0 0 0 0 1 0 0 0
1513897218.6 21770 20512 18322 22079 25219 22552 32 68 37 68, 0 0 0 0 0 0 1 0 0 0
1513897219.62 12683 11958 11199 19205 22126 17218 35 69 37 68, 0 0 0 0 0 0 1 0 0 0
1513897220.63 8493 9670 10667 15375 17865 11337 35 75 38 68, 0 0 0 0 0 0 1 0 0 0
1513897221.65 16092 15629 15912 20266 19345 15532 48 101 51 91, 0 0 0 0 0 0 1 0 0 0
1513897222.66 20398 17361 19975 23980 21063 19379 34 69 35 67, 0 0 0 0 0 0 1 0 0 0
1513897223.7 21820 16079 18440 21605 26597 24018 42 92 48 84, 0 0 0 0 0 0 1 0 0 0
1513897224.71 18799 12397 16675 20637 26163 24678 32 70 36 62, 0 0 0 0 0 0 1 0 0 0
1513897225.73 12834 5487 10220 17662 21844 21186 68 149 72 129, 0 0 0 0 0 0 1 0 0 0
1513897226.75 21045 10824 16433 22812 26426 30629 45 101 43 78, 0 0 0 0 0 0 1 0 0 0
1513897227.77 23702 13396 16490 22061 29892 35360 38 86 43 72, 0 0 0 0 0 0 1 0 0 0
1513897228.79 22217 13559 18104 19894 27679 33228 35 69 33 63, 0 0 0 0 0 0 1 0 0 0
1513897229.81 20221 16113 18747 17802 22926 26262 24 170 26 45, 0 0 0 0 0 0 1 0 0 0
1513897230.83 20942 14171 17095 17201 20962 23949 21 680 26 47, 0 0 0 0 0 0 1 0 0 0
1513897231.85 16888 14382 15550 15987 20943 21204 110 789 113 220, 0 0 0 0 0 0 1 0 0 0
1513897232.87 16436 14274 10864 13645 18413 19551 28 85 25 46, 0 0 0 0 0 0 1 0 0 0
1513897233.88 12918 10591 11831 14994 15601 15567 31 83 35 58, 0 0 0 0 0 0 1 0 0 0
1513897234.91 11355 9239 13784 17822 17138 15856 26 54 27 51, 0 0 0 0 0 0 1 0 0 0
1513897235.94 13601 11920 23973 27470 33478 30809 168 351 169 323, 0 0 0 0 0 0 1 0 0 0
1513897236.97 13609 7714 16865 18222 23468 27270 821 1640 818 1634, 0 0 0 0 0 0 1 0 0 0
1513897237.99 20028 9138 13360 16985 26562 33893 1652 3313 1659 3309, 0 0 0 0 0 0 1 0 0 0
1513897239.01 18934 8233 13551 17229 26731 33157 544 1090 545 1083, 0 0 0 0 0 0 1 0 0 0
1513897240.04 16805 7319 13439 16834 24143 30397 21 48 24 41, 0 0 0 0 0 0 1 0 0 0
1513897241.06 16601 8558 11388 15466 22195 25286 19 45 19 34, 0 0 0 0 0 0 1 0 0 0
1513897242.09 14894 7047 11328 15023 20448 23320 23 54 25 43, 0 0 0 0 0 0 1 0 0 0
1513897243.11 13215 7047 11327 14613 18211 16870 20 44 23 36, 0 0 0 0 0 0 1 0 0 0
