1513636577.51 0 0 0 0 0 0 0 0 0 0
1513636579.51 0 0 0 0 0 0 0 0 0 0
1513636581.51 0 0 0 0 0 0 0 0 0 0
1513636583.51 0 0 0 0 0 0 0 0 0 0
1513636585.51 0 0 0 0 0 0 0 0 0 0
1513636587.52 0 0 0 0 0 0 0 0 0 0
1513636589.52 0 0 0 0 0 0 0 0 0 0
1513636591.52 0 0 0 0 0 0 0 0 0 0
1513636593.52 0 0 0 0 0 0 0 0 0 0
1513636595.52 0 0 0 0 0 0 0 0 0 0
1513636597.53 0 0 0 0 0 0 0 0 0 0
1513636599.53 0 0 0 0 0 0 0 0 0 0
1513636601.53 0 0 0 0 0 0 0 0 0 0
1513636603.53 0 0 0 0 0 0 0 0 0 0
1513636605.53 0 0 0 0 0 0 0 0 0 0
1513636607.54 0 0 0 0 0 0 0 0 0 0
1513636609.54 0 0 0 0 0 0 0 0 0 0
1513636611.54 0 0 0 0 0 0 0 0 0 0
1513636613.54 0 0 0 0 0 0 0 0 0 0
1513636615.54 0 0 0 0 0 0 0 0 0 0
1513636617.55 0 0 0 0 0 0 0 0 0 0
1513636619.55 0 0 0 0 0 0 0 0 0 0
1513636621.55 0 0 0 0 0 0 0 0 0 0
1513636623.55 0 0 0 0 0 0 0 0 0 0
1513636625.55 0 0 0 0 0 0 0 0 0 0
1513636627.56 0 0 0 0 0 0 0 0 0 0
1513636629.56 0 0 0 0 0 0 0 0 0 0
1513636631.56 0 0 0 0 0 0 0 0 0 0
1513636633.56 0 0 0 0 0 0 0 0 0 0
1513636635.56 0 0 0 0 0 0 0 0 0 0
1513636637.57 0 0 0 0 0 0 0 0 0 0
