1513639278.33 0 0 0 0 0 0 0 0 0 0
1513639280.33 0 0 0 0 0 0 0 0 0 0
1513639282.33 0 0 0 0 0 0 0 0 0 0
1513639284.33 0 0 0 0 0 0 0 0 0 0
1513639286.33 0 0 0 0 0 0 0 0 0 0
1513639288.33 0 0 0 0 0 0 0 0 0 0
1513639290.34 0 0 0 0 0 0 0 0 0 0
1513639292.34 0 0 0 0 0 0 0 0 0 0
1513639294.34 0 0 0 0 0 0 0 0 0 0
1513639296.35 0 0 0 0 0 0 0 0 0 0
1513639298.35 0 0 0 0 0 0 0 0 0 0
1513639300.35 0 0 0 0 0 0 0 0 0 0
1513639302.36 0 0 0 0 0 0 0 0 0 0
1513639304.37 0 0 0 0 0 0 0 0 0 0
1513639306.37 0 0 0 0 0 0 0 0 0 0
1513639308.37 0 0 0 0 0 0 0 0 0 0
1513639310.37 0 0 0 0 0 0 0 0 0 0
1513639312.38 0 0 0 0 0 0 0 0 0 0
1513639314.38 0 0 0 0 0 0 0 0 0 0
1513639316.39 0 0 0 0 0 0 0 0 0 0
1513639318.39 0 0 0 0 0 0 0 0 0 0
1513639320.4 0 0 0 0 0 0 0 0 0 0
1513639322.4 0 0 0 0 0 0 0 0 0 0
1513639324.41 0 0 0 0 0 0 0 0 0 0
1513639326.41 0 0 0 0 0 0 0 0 0 0
1513639328.42 0 0 0 0 0 0 0 0 0 0
1513639330.42 0 0 0 0 0 0 0 0 0 0
1513639332.43 0 0 0 0 0 0 0 0 0 0
1513639334.43 0 0 0 0 0 0 0 0 0 0
1513639336.44 0 0 0 0 0 0 0 0 0 0
1513639338.45 0 0 0 0 0 0 0 0 0 0
1513639340.45 0 0 0 0 0 0 0 0 0 0
1513639342.46 1 1 1 1 1 2 0 2 0 1
1513639344.46 4 1 1 1 1 3 1 3 0 3
1513639346.47 0 0 0 0 0 0 0 0 0 0
1513639348.47 0 0 0 0 0 1 0 0 0 0
1513639350.48 2 0 1 2 2 2 1 2 0 3
1513639352.48 0 2 3 0 1 0 2 3 2 1
1513639354.48 0 2 3 0 1 0 2 3 2 1
1513639356.49 0 0 0 0 0 0 0 0 0 0
1513639358.49 0 0 0 0 0 0 1 1 0 0
1513639360.49 2 0 0 2 1 1 2 2 1 3
1513639362.5 0 0 0 0 0 0 0 0 0 0
1513639364.51 29836 41715 43480 26432 27565 32873 0 8209 0 8050
1513639366.53 32020 29316 31431 21993 15909 30798 0 3307 1 7091
1513639368.53 45216 42703 47247 35025 27423 30686 1 12134 36 3683
1513639370.53 63009 61755 59531 44603 36610 33962 1 18006 34 6504
1513639372.54 62434 59257 59400 46607 33309 29231 1 17065 34 3508
1513639374.54 56204 58495 65994 47755 39410 31938 0 19485 34 767
1513639376.54 48446 54094 60248 50487 32114 28285 1 13863 23 4094
1513639378.54 39302 42420 55011 52249 35773 29531 0 13315 2 4437
1513639380.54 40503 51820 60316 53568 31270 26934 0 15767 10 8256
1513639382.56 42348 52366 58475 50340 25480 30452 1 14033 2 12559
1513639384.56 43376 55660 57468 50291 33695 37480 2 11117 2 10808
1513639386.56 45176 50901 49653 43078 30897 34658 2 14829 1 8034
1513639388.56 44242 44321 39092 34953 32920 42760 26 6551 1 3715
1513639390.56 49210 40058 26242 21607 26915 41526 24 6689 2 134
1513639392.56 49689 35105 19761 13678 27674 41006 12 7962 2 69
1513639394.56 52788 37833 23066 14401 25629 42863 12 11062 4 111
1513639396.58 64282 42083 25167 11958 28921 48744 16 15024 1 44
1513639398.58 56515 33960 23911 17362 36741 43837 6 13930 3 529
1513639400.58 47730 33848 27886 26749 41877 43428 3 7834 2 2356
1513639402.58 46844 43133 30589 26825 31259 38578 1 2945 2 2190
1513639404.58 34672 44063 28969 21594 20977 24975 3 499 7 67
1513639406.58 35971 52076 32511 17924 14835 19636 2 2001 1 43
1513639408.59 52683 56149 27154 9982 13589 26554 3 9044 1 23
1513639410.59 64958 61751 30007 12650 16937 27475 2 10837 2 23
1513639412.59 52275 55461 34990 17815 16189 24803 1 10103 15 49
1513639414.6 43906 44960 31099 16145 15302 21977 2 7843 4 27
1513639416.61 43906 44960 31099 16145 15302 21977 2 7843 4 27
1513639418.62 32671 28775 31802 23541 29830 29319 1 8999 4 38
1513639420.62 26085 29466 28231 23422 38557 29667 1 3854 1 42
1513639422.62 22698 26543 21535 16734 22720 24061 3 575 7 54
1513639424.64 19277 19530 18516 18444 22069 24217 2 52 7 45
1513639426.64 25630 17798 16599 27483 49274 40783 7 51 3 57
1513639428.64 19134 12474 17811 30163 52699 32293 2 381 1 40
1513639430.64 22182 8191 15917 25586 45103 29945 3 2965 8 60
1513639432.66 47904 21277 15715 19633 37937 35543 3 9472 13 63
1513639434.66 58583 25562 17666 13454 22526 29134 4 14140 11 62
1513639436.66 66360 37608 32866 9391 13443 28836 1 16738 9 43
1513639438.66 66755 50564 32881 11000 11522 26822 5 13118 8 49
1513639440.66 59963 45668 28782 13152 11243 24633 7 7051 3 327
1513639442.66 44515 38835 27447 13167 8900 21425 4 4128 3 36
1513639444.67 38259 37210 27903 16380 8511 20408 4 1876 3 160
1513639446.67 28551 30101 34358 23494 14032 25131 5 71 4 2950
1513639448.68 18013 24447 31703 33587 23856 20064 10 2129 9 4411
1513639450.68 18820 25491 39934 44580 29441 28855 10 4022 7 12816
1513639452.69 20877 17892 36224 63324 39956 29712 5 4356 4 11230
1513639454.7 39108 25437 35361 54495 36611 42224 3 9685 3 12036
1513639456.7 38972 22047 25996 48426 34112 42916 3 10314 4 13648
1513639458.7 25495 15372 22434 45911 22319 24640 2 7241 3 12216
1513639460.7 15775 13534 27598 50157 26894 26691 2 3895 4 17766
1513639462.71 22031 15252 31733 48417 25473 35482 1 6203 6 19132
1513639464.71 12621 11900 16135 24430 7219 13432 2 3877 6 15702
1513639466.71 17240 7674 9629 18789 9127 10121 3 6714 3 4228
1513639468.72 16426 10474 13160 13113 6799 8617 5 4315 7 73
1513639470.72 9370 11206 24457 16936 7195 6814 5 2896 8 49
1513639472.74 11322 12105 23507 18769 14583 10593 1 42 4 38
1513639474.75 8666 11326 24024 21052 21623 10230 5 1395 26 92
1513639476.76 15459 18967 32568 22093 17231 16294 15 4352 11 1811
1513639478.78 20525 23430 33524 20349 18739 23332 15 8626 11 2112
1513639480.85 22658 23011 32517 16566 13037 30243 13 3956 4 4234
1513639482.85 26550 25904 28068 13578 11580 28475 8 408 8 1859
1513639484.85 35945 32654 25637 10307 6937 27683 1 134 2 1244
1513639486.85 24962 26237 23070 10420 5547 12081 9 2355 5 52
1513639488.85 31842 34141 37004 15648 8927 17120 5 7011 5 51
1513639490.86 39719 31781 37662 16024 10754 19120 2 13947 4 34
1513639492.86 50838 29727 34280 22124 22704 33207 2 14573 1 69
1513639494.86 56513 20365 25440 23715 34424 43063 9 14124 4 1486
1513639496.86 61843 24220 21899 24910 33972 47174 4 11323 7 3417
1513639498.86 50558 26665 33486 24997 32564 42346 3 12912 18 2103
1513639500.86 42297 28550 45886 26641 26453 38656 4 23976 28 4277
1513639502.86 42620 26321 49780 35650 30832 38910 2 23388 26 4477
1513639504.86 46252 35419 46545 41422 34355 30944 4 17046 26 3193
1513639506.86 50909 41377 47054 41908 34031 30347 1 13505 13 213
1513639508.86 56358 39847 37675 32108 24275 28089 0 11565 13 128
1513639510.86 29339 26394 22834 14626 10543 15661 2 6042 20 57
1513639512.86 20245 23576 12744 4377 2775 6094 2 1280 25 55
1513639514.86 17526 28285 21913 9486 2620 4115 2 102 20 88
1513639516.87 22524 19321 14278 4858 4272 11214 2 2050 4 70
1513639518.87 46181 25849 12877 5131 8629 22509 2 6031 3 548
1513639520.87 39589 21371 19316 15513 13107 23883 3 6374 1 36
1513639522.87 43885 25076 36474 32683 21332 33534 18 9836 4 1627
1513639524.87 39688 33273 47576 44600 24942 35716 12 6191 3 3574
1513639526.87 44823 41462 46534 48809 29974 41872 7 6561 8 2573
1513639528.87 46786 39386 43678 45012 32230 43389 6 10786 11 3529
1513639530.87 37380 32250 35510 40336 26227 37274 1 6861 1 5299
1513639532.87 23901 23125 36322 42828 32365 36839 2 4638 4 9597
1513639534.87 20200 17667 37834 49135 29791 35617 0 4389 5 19988
1513639536.87 20202 13598 24211 36336 28895 45379 11 2258 3 18814
1513639538.87 20012 12093 20346 32026 24384 35106 4 2392 2 14971
1513639540.87 21448 12439 19471 27725 27100 29209 2 4009 4 5958
1513639542.88 25597 25043 34871 31123 38944 37998 5 6105 3 6335
1513639544.88 22260 19753 36759 36637 39439 44835 12 7049 2 11262
1513639546.88 22982 20013 38413 40688 30216 45979 7 6495 1 15017
1513639548.88 28815 26829 37838 39759 25732 41081 3 3500 11 16076
1513639550.88 45193 39365 46721 44463 33814 49049 1 12073 14 16713
1513639552.88 43365 37905 36340 38677 24972 39220 2 9909 13 17078
1513639554.88 36888 37410 37429 33789 11590 29317 1 5861 10 17448
1513639556.89 31190 20929 18222 19664 5000 21211 1 3952 6 9401
1513639558.89 30910 18251 10749 6870 11083 25888 4 7961 6 5535
1513639560.9 41807 12690 6165 4516 17098 39801 2 12059 4 2103
1513639562.92 36483 20873 16406 12176 20433 40878 8 4842 1 1795
1513639564.92 37602 27353 18626 18106 23847 46380 31 2561 4 1778
1513639567.09 37602 27353 18626 18106 23847 46380 31 2561 4 1778
1513639569.1 25204 29688 21342 16307 17291 46155 18 122 4 3466
1513639571.1 14702 29200 32027 17291 11549 27658 4 50 3 2431
1513639573.11 18452 25712 28929 23088 18335 25347 3 2116 4 1852
1513639575.11 25460 23991 21226 21195 18403 19918 3 3048 4 1664
1513639577.12 25577 10434 7580 8863 9453 20302 3 2722 8 58
1513639579.12 21495 6463 2511 3027 7371 17905 2 3085 3 49
1513639581.12 15537 5687 4447 4851 3862 11733 0 2340 3 1075
1513639583.12 10278 12089 22314 45612 24309 14343 1 2890 4 12669
1513639585.13 4395 13460 27745 69809 31014 11366 1 3346 4 16786
1513639587.14 7802 17287 40906 73152 33280 11096 1 6587 43 12290
1513639589.14 11496 16557 41358 60779 30747 13197 2 6847 9 8043
1513639591.14 16801 16371 36205 53095 27644 14298 1 6722 13 6295
1513639593.14 21917 14812 27908 32061 24861 19097 3 7388 7 3288
1513639595.14 25644 13376 13036 10347 17985 23325 5 4210 5 1025
1513639597.15 20830 25852 39007 23012 17720 16029 3 10593 20 55
1513639599.15 28970 22518 38254 20771 15949 18442 2 12430 13 44
1513639601.15 35651 24969 42698 27510 18812 19980 6 12105 11 452
1513639603.15 39404 26746 39350 23671 18618 22368 6 12820 11 364
1513639605.16 34732 24803 37608 19541 16026 25351 8 12243 3 310
1513639607.16 41862 23303 25803 19655 23734 41037 11 9828 3 7663
1513639609.17 47236 28074 28811 23348 31919 48390 16 11791 1 4784
1513639611.17 57339 30100 29851 19356 24570 48446 11 10578 1 1270
1513639613.18 57339 30100 29851 19356 24570 48446 11 10578 1 1270
1513639615.18 52130 19542 20115 11478 12344 35822 22 8092 4 76
1513639617.18 45653 18581 9776 5622 12715 36685 9 3831 3 48
1513639619.18 28261 10324 5837 4523 11158 26251 6 4282 5 51
1513639621.18 15353 12511 24344 25751 21737 24105 4 5283 5 5579
1513639623.19 28123 19023 35969 40831 32666 44862 16 5844 13 8187
1513639625.2 33686 23430 45995 45391 34352 52394 16 10641 13 8983
1513639627.2 33310 23184 42468 48364 37948 50112 8 6575 9 8611
1513639629.21 33905 22608 33943 46996 35839 50067 8 5492 12 9028
1513639631.21 34782 25456 38063 53193 34516 44581 8 4868 12 13258
1513639633.22 36711 27148 36508 58356 40687 46513 20 1669 2 8896
1513639635.22 39521 28164 37787 58356 45977 50899 19 2962 2 8896
1513639637.22 37232 17804 21798 27796 43664 48332 9 3058 1 2179
1513639639.23 37203 18766 20854 25767 40292 45209 5 1520 1 298
1513639641.23 32448 18129 18133 26460 38286 42392 8 35 0 56
1513639643.24 19755 11116 12862 18067 24108 27039 4 61 3 81
1513639645.24 22399 10832 15496 17949 19572 26854 4 2668 3 1440
1513639647.24 40043 18477 26852 25259 16468 26593 3 7921 4 4233
1513639649.25 48891 27200 40833 37981 21670 36239 13 9019 2 8332
1513639651.25 49038 23607 39571 37667 18357 45673 17 8823 2 13801
1513639653.26 45484 20524 32071 38675 30734 57407 21 4754 1 14511
1513639655.26 46837 17813 27495 31868 33794 60410 21 8351 1 11045
1513639657.26 40243 17993 25002 43675 43549 56594 21 8646 2 13147
1513639659.27 34746 14058 21377 45139 41707 54024 21 5766 2 16179
1513639661.29 30650 14058 21377 47231 44018 51347 22 5766 2 16179
1513639663.29 32249 28640 42950 45445 27708 39395 27 11234 2 14025
1513639665.32 32249 28640 42950 45445 27708 39395 27 11234 2 14025
1513639667.32 30740 28428 46064 54433 29277 38629 18 15092 1 23781
1513639669.33 32219 31144 48446 51287 33987 46103 15 9855 2 17931
1513639671.35 27193 21171 42557 48542 30534 42669 15 4792 3 12178
1513639673.35 21328 14225 29195 34298 18401 33603 26 2316 3 11372
1513639675.36 28042 19269 33890 38204 27584 44293 34 5482 4 13853
1513639677.36 30120 22720 38752 39923 19891 40941 46 8035 2 13640
1513639679.38 29980 25651 44492 39824 24543 40770 34 6728 11 10509
1513639681.38 33237 28936 42976 42506 30122 45438 16 5478 15 9105
1513639683.38 40923 35678 39551 37347 23674 44326 17 1802 8 13003
1513639685.38 57514 43631 42626 28958 20895 54036 35 7698 29 11017
1513639687.39 54409 41334 42532 27723 21245 44897 33 7536 15 5602
1513639689.39 53414 42489 39822 29792 22280 42818 25 6580 17 8668
1513639691.39 40860 40189 37132 22347 15948 25287 6 11656 11 4208
1513639693.39 25824 23080 21994 15230 12531 16504 5 6802 3 58
1513639695.39 20529 24619 17675 11943 8530 11341 7 606 4 68
1513639697.39 40154 44618 25905 13087 7736 17033 3 2265 4 45
1513639699.43 40154 44618 25905 13087 7736 17033 3 2265 4 45
1513639701.43 32693 39493 34772 17371 9111 14359 9 8444 23 513
1513639703.43 28298 42868 38826 18685 9123 11294 9 10931 23 451
1513639705.44 45473 36240 33124 17906 12987 31590 13 9625 16 114
1513639707.44 48833 29891 32617 15983 12313 39471 15 8926 13 1256
1513639709.44 57343 46492 30544 17233 15960 41875 5 3865 10 687
1513639711.44 48624 35651 24404 17043 18060 40587 4 332 4 36
1513639713.45 35863 21888 15859 22539 31004 36817 4 28 4 39
1513639715.45 43421 15834 12898 12979 26168 38198 6 10648 2 60
1513639717.45 35879 21107 22963 17655 23967 28364 4 9014 3 2027
1513639719.46 30095 24942 30555 21306 22950 30491 2 7661 7 5411
1513639721.47 16353 17816 24258 19482 15946 19440 6 2565 5 3920
1513639723.48 22728 29652 21650 25559 15722 17662 3 254 27 3983
1513639725.49 28186 36225 34519 29585 15234 18045 4 3471 32 4656
1513639727.49 32057 32006 30604 29434 12635 22102 6 4732 30 4437
1513639729.5 32389 32606 32128 23420 16345 26843 19 10344 53 7797
1513639731.5 32788 26799 32174 20580 11785 24466 8 14541 38 7121
1513639733.5 36480 29957 31395 19005 8378 22626 9 13974 20 7126
1513639735.5 21380 20244 30933 16286 5593 6860 14 16695 21 1593
1513639737.5 13444 18985 29892 14037 11715 11450 8 11104 23 752
1513639739.51 17487 15203 29252 14720 15291 21480 9 6235 18 1536
1513639741.51 18255 14182 22968 11706 22107 27391 10 4905 11 451
1513639743.51 27175 17125 16055 10381 19438 33004 8 6163 7 9007
1513639745.51 36580 16795 6446 7595 20700 38086 9 3892 4 9686
1513639747.51 29398 11057 2456 5581 9657 27496 7 1843 3 7639
1513639749.52 20860 9123 4787 10868 10086 23237 6 542 8 6067
1513639751.52 23135 9239 9249 11652 12851 24452 6 3029 8 1821
1513639753.58 23135 9239 9249 11652 12851 24452 6 3029 8 1821
1513639755.59 28735 8850 14509 17521 31567 31370 5 4513 4 358
1513639757.59 24946 9371 14328 18173 29145 29167 8 3203 6 94
1513639759.59 31173 8304 10725 18302 33563 36728 4 2668 3 1051
1513639761.59 40624 13561 14450 27695 35127 38442 3 3799 3 3645
1513639763.59 37922 11597 10661 27082 29772 30283 5 2968 3 3389
1513639765.59 40902 16110 8265 16333 27868 32419 4 2324 2 106
1513639767.59 40932 17080 11588 19304 23574 34386 5 4483 5 1703
1513639769.59 46249 25009 24667 22025 16528 35005 4 7647 9 2545
1513639771.59 51973 23473 29662 23929 19560 43002 5 11388 9 3007
1513639773.6 52075 21787 18250 18025 27390 52362 6 8133 7 1687
1513639775.6 42778 20309 13722 34035 46644 53496 6 1763 6 9668
1513639777.6 36502 22598 19547 50134 55189 44910 4 1143 2 9727
1513639779.6 33681 19833 20665 48284 58615 46445 4 4707 2 9234
1513639781.6 22514 20428 24099 29489 30422 24607 3 8067 13 7495
1513639783.6 20033 23097 32899 27702 22192 19247 3 9545 28 5950
1513639785.6 24664 19843 38849 24613 41362 44351 3 13965 45 4582
1513639787.6 16745 13699 37902 20990 33034 39015 3 9193 43 5932
1513639789.6 20618 15184 37275 32512 33983 44928 2 6730 12 16168
1513639791.6 35195 21088 37660 41116 42765 47297 2 7894 4 8468
1513639793.6 43516 29780 33314 31915 38509 51538 3 9709 22 8758
1513639795.6 55327 36106 35536 27560 34928 49278 1 16560 25 5752
1513639797.6 47729 33592 28126 27445 28077 40388 2 12450 14 9970
1513639799.6 36011 24325 20172 43901 33645 55857 3 1394 15 33883
1513639801.6 25567 17498 21080 57507 58491 68681 2 834 20 34547
1513639803.6 26595 16473 25504 54307 44040 52825 12 7115 49 24200
1513639805.61 29375 22390 32394 43788 35710 45445 10 4717 27 11185
1513639807.61 35609 25994 41291 40496 28407 46534 9 9538 21 13394
1513639809.61 27698 26780 34745 32446 29225 35031 8 3325 21 5495
1513639811.62 20140 11172 16605 26448 29277 29868 9 1757 12 4134
1513639813.63 27722 25147 20127 14869 28528 29184 9 1606 9 267
1513639815.63 40070 35258 22836 19238 32802 42981 18 42 6 297
1513639817.63 38429 25714 15977 16133 27462 37902 18 48 6 192
1513639819.64 18784 14500 10362 8991 14704 22805 26 47 5 1085
1513639821.65 15164 8162 3796 4721 11664 24157 43 50 4 3509
1513639823.65 1685 1806 5321 9252 7028 4674 29 561 8 1592
1513639825.65 6754 5165 12900 25184 19736 9907 29 690 6 3076
1513639827.65 18812 17249 22603 36422 17232 20157 44 674 9 5951
1513639829.65 24691 24321 26748 31349 16927 26026 37 650 7 2795
1513639831.66 21652 25553 28021 32710 20972 31702 25 94 5 3537
1513639833.66 16524 26185 34139 34750 19045 24973 27 3978 4 2168
1513639835.66 14158 23428 41694 40072 25171 25427 49 3594 2 5522
1513639837.66 18010 26429 38189 43091 33453 30420 21 1348 3 5355
1513639839.66 34449 33100 45485 43295 36203 37257 6 11630 5 7055
1513639841.67 41533 34315 42773 39116 44751 48724 8 13089 5 4423
1513639843.67 29110 16886 23837 21877 26111 32238 9 12822 10 3502
1513639845.67 16672 6707 10258 9613 14103 19011 14 6941 7 217
1513639847.67 13673 3525 6161 7476 11382 15673 7 4430 9 1527
1513639849.68 10124 8591 15091 18414 15318 13414 13 289 13 4077
1513639851.68 9591 15812 23868 21295 12652 10237 10 501 11 1904
1513639853.69 7445 14064 28547 24349 10529 9576 11 2713 11 4030
1513639855.7 3202 13466 32275 35767 13877 8093 8 3407 10 8523
1513639857.7 1859 10727 33480 41493 17605 6335 2 4129 6 8512
1513639859.7 9499 17718 29162 34250 14430 5460 6 2360 6 2984
1513639861.7 18543 28343 24609 24569 11492 9289 6 60 5 1336
1513639863.7 28964 34418 24743 22035 18105 18762 3 5882 6 1841
1513639865.7 30431 33414 27911 20273 26933 24361 4 7909 3 41
1513639867.71 27212 28916 21349 19797 26760 25796 4 987 3 35
1513639869.72 27701 20390 17581 13691 21293 26440 7 3633 3 35
1513639871.73 16792 9556 12777 8564 16953 20712 6 6406 5 40
1513639873.73 13515 10272 12340 6892 12703 15337 5 6653 6 60
1513639875.73 15555 17703 17759 7162 10930 13426 11 6370 6 72
1513639877.74 18659 19030 30845 10909 10072 11872 8 17534 15 93
1513639879.74 8797 16840 42171 15290 8529 4876 3 19603 19 57
1513639881.74 10832 23243 46962 16136 4190 1496 9 20223 25 67
1513639883.74 4845 19334 45975 19547 6518 632 3 17789 14 41
1513639885.74 13905 20047 35118 17568 7535 6070 7 8386 16 63
1513639887.74 26596 17614 26820 12863 5610 8592 4 8283 12 54
1513639889.75 39017 29915 37745 15539 5659 10160 4 15781 5 48
1513639891.75 41603 24863 37401 17001 6152 8287 4 15126 5 33
1513639893.75 52117 29198 36181 22209 10039 17523 4 17940 5 2415
1513639895.75 44409 28233 31558 28596 16368 23536 1 11526 3 4477
1513639897.76 32498 20965 27539 26509 11872 17689 2 6352 3 188
1513639899.76 23620 22080 42872 33306 14978 11168 2 13926 3 88
1513639901.76 20732 27340 45790 33691 13613 6672 3 10143 4 48
1513639903.77 16851 26713 46359 33124 13853 3693 2 10430 8 33
1513639905.77 7991 23442 43618 34151 20047 3199 3 8469 12 44
1513639907.77 4539 17546 34470 22797 11266 3399 2 5715 19 35
1513639909.77 9384 14380 36390 29810 35663 17348 1 9543 10 44
1513639911.77 13187 13267 33166 31442 44535 30209 2 5384 8 597
1513639913.78 13606 10475 28064 31312 35773 25472 2 6111 8 55
1513639915.78 14612 10835 22287 20178 20932 21114 2 1024 6 99
1513639917.79 15318 14495 27910 21331 13776 15441 1 6045 13 48
1513639919.8 10933 19818 37175 18613 9525 6309 1 12203 15 37
1513639921.8 7556 18162 33713 19749 7561 1290 2 10685 23 911
1513639923.8 9018 17750 33738 34717 22277 6510 3 8665 14 2501
1513639925.8 11835 16190 37788 53058 26063 18482 3 3783 16 13952
1513639927.81 29701 20529 36795 41047 17896 23070 3 5483 19 6873
1513639929.81 37165 30973 42460 34568 21891 35547 9 5877 23 6179
1513639931.81 39499 33371 44942 32642 22178 36837 4 7690 28 5140
1513639933.81 50642 42957 39827 25933 25328 44183 5 4657 21 1983
1513639935.82 39921 35422 36616 24002 22565 36400 2 6356 15 1145
1513639937.82 25922 23840 34636 43454 34409 31793 9 5381 11 4693
1513639939.82 30406 19684 34820 50243 35035 40791 14 3412 8 8750
1513639941.82 41445 19391 26233 43137 33016 44845 18 6174 13 4656
1513639943.82 41852 17679 30224 37333 26201 52022 26 10730 8 10699
1513639945.83 47159 22609 28393 36211 28928 54745 34 5208 8 8016
1513639947.83 53865 28181 26494 30038 28669 50113 17 8193 6 5993
1513639949.84 50630 23554 29737 27893 26717 43806 18 16066 18 6595
1513639951.85 43219 28558 25963 20170 16593 29783 29 8394 12 3170
1513639953.85 35788 20383 31852 17423 6913 14244 16 12586 24 982
1513639955.85 39224 26596 39273 19070 8842 18664 24 15258 28 1019
1513639957.86 44099 31666 42241 18537 8868 21210 7 12692 16 1134
1513639959.86 46534 34081 38682 16769 10563 22719 7 9646 21 83
1513639961.86 39343 24520 32771 15562 8007 16699 9 6674 41 105
1513639963.86 31374 25577 37538 29890 15986 15617 5 5290 21 2040
1513639965.86 31436 26051 41685 42988 26317 29365 7 3638 18 7016
1513639967.87 34693 14856 33080 41187 25782 45476 6 6669 9 11291
1513639969.87 39410 17484 31058 37575 27473 52958 2 10630 10 11003
1513639971.87 37436 21780 36055 37644 30439 47754 4 10759 14 9030
