1513894753.23 25487 16330 32015 29777 25270 19694 1784 16786 1 5, 0 0 0 0 0 0 1 0 0 0
1513894754.23 25487 16330 32015 29777 25270 19694 1784 16786 1 5, 0 0 0 0 0 0 1 0 0 0
1513894755.25 23618 17122 33685 31777 25073 16822 1021 13980 4 8, 0 0 0 0 0 0 1 0 0 0
1513894756.28 22370 16842 34790 33827 27570 20096 1620 14902 1 2, 0 0 0 0 0 0 1 0 0 0
1513894757.29 21927 14511 35029 30980 23595 18118 2086 16164 1 4, 0 0 0 0 0 0 1 0 0 0
1513894758.31 19885 18056 33845 33352 27847 15251 1719 14453 1 1, 0 0 0 0 0 0 1 0 0 0
1513894759.34 14265 13438 29523 31544 26408 15396 745 9832 2 7, 0 0 0 0 0 0 1 0 0 0
1513894760.36 12853 14487 28338 27920 21779 14587 1191 9540 2 6, 0 0 0 0 0 0 1 0 0 0
1513894761.38 16040 14190 32969 32949 25541 18118 819 11707 3 8, 0 0 0 0 0 0 1 0 0 0
1513894762.4 16649 13990 32028 29724 22819 17721 1244 11448 5 6, 0 0 0 0 0 0 1 0 0 0
1513894763.42 15928 11928 25736 23479 19684 19259 1280 9917 7 17, 0 0 0 0 0 0 1 0 0 0
1513894764.43 17458 13938 32077 32786 24926 20330 1005 13090 7 13, 0 0 0 0 0 0 1 0 0 0
1513894765.46 19551 13469 33502 33225 23974 19166 1231 14291 5 10, 0 0 0 0 0 0 1 0 0 0
1513894766.5 20297 13915 34427 33881 25571 21028 1024 13617 5 9, 0 0 0 0 0 0 1 0 0 0
1513894767.53 18207 11954 32532 33194 23656 17368 1160 13581 8 12, 0 0 0 0 0 0 1 0 0 0
1513894768.55 15460 10435 28931 31162 20883 16689 1115 10881 3 3, 0 0 0 0 0 0 1 0 0 0
1513894769.58 15648 11051 31093 34300 24749 15718 767 12889 5 9, 0 0 0 0 0 0 1 0 0 0
1513894770.59 13666 11484 31002 33119 23735 15850 803 11421 7 12, 0 0 0 0 0 0 1 0 0 0
1513894771.62 13296 12323 34211 33758 24884 16090 525 12675 6 10, 0 0 0 0 0 0 1 0 0 0
1513894772.64 14816 11940 35457 41130 37320 23225 614 13755 3 6, 0 0 0 0 0 0 1 0 0 0
1513894773.67 11443 11243 34752 38970 31574 16359 9 12564 5 7, 0 0 0 0 0 0 1 0 0 0
1513894774.68 11724 11434 32765 34692 28015 20310 2 12100 1 1, 0 0 0 0 0 0 1 0 0 0
1513894775.7 27318 18975 48495 52132 48646 36316 1301 21240 3 15, 0 0 0 0 0 0 1 0 0 0
1513894776.73 19215 13127 31034 31556 27733 24764 844 12495 5 13, 0 0 0 0 0 0 1 0 0 0
1513894777.75 18152 12083 24713 24152 22691 21624 800 9944 7 13, 0 0 0 0 0 0 1 0 0 0
1513894778.76 13479 10900 23819 22487 20663 14309 531 9551 7 9, 0 0 0 0 0 0 1 0 0 0
1513894779.78 15026 12038 27886 25189 21111 15546 516 10421 5 7, 0 0 0 0 0 0 1 0 0 0
1513894780.81 19741 15482 33299 34189 29577 22191 698 11542 12 22, 0 0 0 0 0 0 1 0 0 0
1513894781.82 21865 16750 32523 33196 28109 21345 936 10429 4 7, 0 0 0 0 0 0 1 0 0 0
1513894782.84 19776 15077 30849 29336 23126 18074 667 10969 2 7, 0 0 0 0 0 0 1 0 0 0
1513894783.85 20651 14940 37882 35087 29011 20722 739 15628 3 3, 0 0 0 0 0 0 1 0 0 0
1513894784.87 20278 14903 31871 33501 27231 18955 15 12401 5 13, 0 0 0 0 0 0 1 0 0 0
1513894785.89 20007 14332 33020 36047 30716 19815 9 12938 6 7, 0 0 0 0 0 0 1 0 0 0
1513894786.9 18730 13994 27774 32909 28505 20272 8 9008 3 8, 0 0 0 0 0 0 1 0 0 0
1513894787.91 18286 13880 28530 31750 29851 22374 9 8877 5 10, 0 0 0 0 0 0 1 0 0 0
1513894788.93 15624 13833 27244 29712 21472 17081 29 6247 5 8, 0 0 0 0 0 0 1 0 0 0
1513894789.95 13433 13327 29463 28765 17611 12391 559 7784 8 11, 0 0 0 0 0 0 1 0 0 0
1513894790.97 15248 13237 30549 28123 17849 11686 959 11670 6 14, 0 0 0 0 0 0 1 0 0 0
1513894792.01 18901 15706 36884 35530 24187 12012 1235 15638 4 5, 0 0 0 0 0 0 1 0 0 0
1513894793.03 20687 15387 38652 36086 24365 14588 2147 17707 8 16, 0 0 0 0 0 0 1 0 0 0
1513894794.06 20622 13093 35023 34575 24053 11713 1412 15065 5 8, 0 0 0 0 0 0 1 0 0 0
1513894795.07 19237 13432 33928 33780 21885 9650 2215 16260 4 8, 0 0 0 0 0 0 1 0 0 0
1513894796.1 14321 11074 30777 33325 20161 6605 742 12739 6 11, 0 0 0 0 0 0 1 0 0 0
1513894797.12 16461 11403 34597 36399 25690 9684 1792 17666 7 15, 0 0 0 0 0 0 1 0 0 0
1513894798.15 13405 9854 29095 33241 23392 7733 807 11946 3 15, 0 0 0 0 0 0 1 0 0 0
1513894799.18 13810 11353 27690 28832 22697 9781 916 11670 3 12, 0 0 0 0 0 0 1 0 0 0
1513894800.23 16419 15474 29124 30832 19443 10613 119 8439 4 16, 0 0 0 0 0 0 1 0 0 0
1513894801.26 17861 21599 39197 30550 22975 14974 41 13132 6 21, 0 0 0 0 0 0 1 0 0 0
1513894802.3 24550 18700 42973 45048 34130 18244 282 16319 7 11, 0 0 0 0 0 0 1 0 0 0
1513894803.33 22933 17093 34719 30518 24162 13747 526 15160 5 9, 0 0 0 0 0 0 1 0 0 0
1513894804.36 26128 18223 33533 34333 28180 19034 337 14652 7 21, 0 0 0 0 0 0 1 0 0 0
1513894805.41 21064 15787 33136 35268 27216 16418 159 12362 4 12, 0 0 0 0 0 0 1 0 0 0
1513894806.43 17325 14889 27920 26071 24983 19169 2058 11588 5 23, 0 0 0 0 0 0 1 0 0 0
1513894807.45 15238 12818 26365 26071 25684 19333 1611 11373 4 19, 0 0 0 0 0 0 1 0 0 0
1513894808.47 21452 13898 27193 29112 36312 29283 3215 15720 1 12, 0 0 0 0 0 0 1 0 0 0
1513894809.49 16313 9703 24293 26429 28613 20436 517 12928 6 17, 0 0 0 0 0 0 1 0 0 0
1513894810.52 19959 12543 27840 28515 25981 21560 433 12118 6 17, 0 0 0 0 0 0 1 0 0 0
1513894811.57 20057 14429 30760 32279 27229 19518 241 11778 8 19, 0 0 0 0 0 0 1 0 0 0
1513894812.59 20062 12962 32638 32600 21164 15408 158 11864 5 13, 0 0 0 0 0 0 1 0 0 0
1513894813.64 13697 10276 26129 22012 13007 9122 41 9003 3 19, 0 0 0 0 0 0 1 0 0 0
1513894814.67 18133 13511 32402 33027 21886 13242 130 11867 11 23, 0 0 0 0 0 0 1 0 0 0
1513894815.71 18190 14544 33529 38282 25853 13111 491 13474 8 19, 0 0 0 0 0 0 1 0 0 0
1513894816.73 16943 15445 38530 38008 23921 9019 319 13648 3 10, 0 0 0 0 0 0 1 0 0 0
1513894817.75 14928 14458 33960 33039 20576 8225 395 13398 9 24, 0 0 0 0 0 0 1 0 0 0
1513894818.8 12891 12568 30884 28671 18648 7959 260 12119 4 12, 0 0 0 0 0 0 1 0 0 0
1513894819.82 25337 25236 56970 61030 40125 18442 890 21964 7 16, 0 0 0 0 0 0 1 0 0 0
1513894820.84 14726 15174 35243 34306 22365 11093 649 14039 12 24, 0 0 0 0 0 0 1 0 0 0
1513894821.86 19406 16534 36342 35327 25231 14711 33 13931 4 15, 0 0 0 0 0 0 1 0 0 0
1513894822.89 18079 16292 33649 27784 16771 13583 1657 13527 4 13, 0 0 0 0 0 0 1 0 0 0
1513894823.93 18192 18975 33200 27455 19002 12398 1320 12198 0 5, 0 0 0 0 0 0 1 0 0 0
1513894824.96 16523 17305 32606 24317 14728 12618 1534 11737 5 9, 0 0 0 0 0 0 1 0 0 0
1513894826.0 9438 13235 23963 17347 9750 6526 381 6006 9 17, 0 0 0 0 0 0 1 0 0 0
1513894827.03 18636 18527 26019 20858 14595 8764 1344 8545 11 22, 0 0 0 0 0 0 1 0 0 0
1513894828.07 21947 17956 26541 22012 16161 7914 230 10480 7 17, 0 0 0 0 0 0 1 0 0 0
1513894829.11 21757 15488 29451 22578 15104 7776 867 13697 14 34, 0 0 0 0 0 0 1 0 0 0
1513894830.14 20307 14878 26988 20274 15768 8689 1576 12578 9 21, 0 0 0 0 0 0 1 0 0 0
1513894831.16 21966 14861 30053 22864 18235 11994 2192 16189 5 14, 0 0 0 0 0 0 1 0 0 0
1513894832.19 19833 13519 28145 22177 17373 11405 2116 16286 3 10, 0 0 0 0 0 0 1 0 0 0
1513894833.24 19445 10428 28626 24049 20369 11679 1991 17006 10 31, 0 0 0 0 0 0 1 0 0 0
1513894834.28 17770 10962 27872 26411 19590 10171 1631 13746 6 18, 0 0 0 0 0 0 1 0 0 0
1513894835.31 13458 7238 21648 25666 20194 9139 1296 9601 5 20, 0 0 0 0 0 0 1 0 0 0
1513894836.34 23113 13778 41389 48051 35913 13595 4610 20524 5 23, 0 0 0 0 0 0 1 0 0 0
1513894837.37 12791 9539 27890 32656 22724 9408 2143 10238 5 20, 0 0 0 0 0 0 1 0 0 0
1513894838.42 13257 12235 32141 34077 22013 10823 1768 10158 6 20, 0 0 0 0 0 0 1 0 0 0
1513894839.43 11118 12028 29785 34102 23734 11376 244 6888 4 15, 0 0 0 0 0 0 1 0 0 0
1513894840.46 11333 11948 26381 31399 27911 16599 20 5697 7 25, 0 0 0 0 0 0 1 0 0 0
1513894841.47 10738 13068 27346 32664 29928 18764 30 6748 8 23, 0 0 0 0 0 0 1 0 0 0
1513894842.47 10738 10521 25725 32664 30168 18068 22 6744 8 22, 0 0 0 0 0 0 1 0 0 0
1513894843.5 10281 11089 23266 27408 30305 18394 18 7536 7 23, 0 0 0 0 0 0 1 0 0 0
1513894844.53 9703 12617 24288 25983 25175 14588 14 6088 6 17, 0 0 0 0 0 0 1 0 0 0
1513894845.59 8990 10350 22861 23380 18631 11923 505 5724 11 31, 0 0 0 0 0 0 1 0 0 0
1513894846.61 11637 12065 26281 27369 19931 9541 448 6434 5 13, 0 0 0 0 0 0 1 0 0 0
1513894847.65 8211 9749 21579 23022 17379 7768 203 4102 7 18, 0 0 0 0 0 0 1 0 0 0
1513894848.69 8615 11314 23764 28598 25062 12930 466 4397 8 14, 0 0 0 0 0 0 1 0 0 0
1513894849.71 7536 10321 23758 29504 20240 5792 519 5362 7 21, 0 0 0 0 0 0 1 0 0 0
1513894850.75 7643 9388 18802 24681 15733 4236 897 6055 7 15, 0 0 0 0 0 0 1 0 0 0
1513894851.77 6586 8474 21023 25503 15611 5152 787 5712 7 19, 0 0 0 0 0 0 1 0 0 0
1513894852.8 7085 10053 24679 31109 21568 5527 18 7351 6 22, 0 0 0 0 0 0 1 0 0 0
1513894853.81 10540 11071 24125 30086 22540 8088 175 8643 9 18, 0 0 0 0 0 0 1 0 0 0
1513894854.83 7564 7488 23818 28555 21347 7291 27 9239 6 19, 0 0 0 0 0 0 1 0 0 0
1513894855.85 5973 7620 22673 29110 25696 9601 17 8628 5 17, 0 0 0 0 0 0 1 0 0 0
1513894856.9 12159 6549 28697 47545 50844 24356 38 13117 7 21, 0 0 0 0 0 0 1 0 0 0
1513894857.95 5049 2747 13456 22267 18302 5931 18 6730 6 14, 0 0 0 0 0 0 1 0 0 0
1513894859.03 5164 4724 14960 20254 15656 4881 20 6353 4 11, 0 0 0 0 0 0 1 0 0 0
1513894860.06 5690 7111 20836 24193 15520 4263 15 9032 9 21, 0 0 0 0 0 0 1 0 0 0
1513894861.09 5119 7139 19622 23698 14657 4242 23 7413 4 15, 0 0 0 0 0 0 1 0 0 0
1513894862.11 5464 9505 26068 27050 19125 6603 17 8479 7 17, 0 0 0 0 0 0 1 0 0 0
1513894863.13 7842 9254 25772 27619 22655 10536 11 9467 5 16, 0 0 0 0 0 0 1 0 0 0
1513894864.14 12218 10352 25060 28963 23497 12495 277 10844 6 13, 0 0 0 0 0 0 1 0 0 0
1513894865.17 9541 7899 20892 24980 21981 11749 11 8409 2 7, 0 0 0 0 0 0 1 0 0 0
1513894866.19 7595 8483 19458 25283 21110 9797 11 6495 2 4, 0 0 0 0 0 0 1 0 0 0
1513894867.2 8110 7812 19611 28143 24037 11964 62 6853 7 13, 0 0 0 0 0 0 1 0 0 0
1513894868.22 12506 9138 18902 28829 25888 13264 850 5648 5 8, 0 0 0 0 0 0 1 0 0 0
1513894869.25 17008 7043 20393 30650 28498 16875 1853 11905 3 8, 0 0 0 0 0 0 1 0 0 0
1513894870.27 19726 7629 22503 27709 26192 16791 1106 15262 10 13, 0 0 0 0 0 0 1 0 0 0
1513894871.28 17710 9798 26320 29087 23747 14880 1559 13889 1 9, 0 0 0 0 0 0 1 0 0 0
1513894872.3 13622 6969 22240 27607 23919 14804 1799 11849 6 15, 0 0 0 0 0 0 1 0 0 0
1513894873.31 11125 5013 14949 23116 24194 6163 677 8209 6 14, 0 0 0 0 0 0 1 0 0 0
1513894874.33 8112 4053 16296 22965 18428 4710 892 7275 12 16, 0 0 0 0 0 0 1 0 0 0
1513894875.35 8557 4249 17859 24692 20398 5086 564 8472 11 20, 0 0 0 0 0 0 1 0 0 0
1513894876.39 11026 6389 21938 30791 24542 8002 1240 10966 11 20, 0 0 0 0 0 0 1 0 0 0
1513894877.41 20137 12143 36178 48982 40705 13549 2324 18797 16 28, 0 0 0 0 0 0 1 0 0 0
1513894878.42 11265 6280 20158 30160 24829 6796 641 9477 6 13, 0 0 0 0 0 0 1 0 0 0
1513894879.48 12648 7116 22974 31880 25202 7753 533 11038 6 22, 0 0 0 0 0 0 1 0 0 0
1513894880.54 16646 6867 25294 32887 31773 14341 1004 15390 8 11, 0 0 0 0 0 0 1 0 0 0
1513894881.57 18432 6310 24335 32371 25772 11470 1205 16938 8 17, 0 0 0 0 0 0 1 0 0 0
1513894882.62 12437 3883 16367 22916 16574 6777 580 11511 5 14, 0 0 0 0 0 0 1 0 0 0
1513894883.67 14986 5550 24942 30437 23796 10255 660 14392 6 11, 0 0 0 0 0 0 1 0 0 0
1513894884.72 9212 3790 20447 30316 19949 7096 671 9794 3 10, 0 0 0 0 0 0 1 0 0 0
1513894885.77 9047 6101 21679 26380 16729 4894 94 8632 2 12, 0 0 0 0 0 0 1 0 0 0
1513894886.79 10681 7461 26117 27784 17353 6405 270 9213 6 15, 0 0 0 0 0 0 1 0 0 0
1513894887.81 11572 11909 28126 33053 21523 7596 407 8162 4 9, 0 0 0 0 0 0 1 0 0 0
1513894888.84 13419 16452 31568 32289 23016 9407 608 8547 7 20, 0 0 0 0 0 0 1 0 0 0
1513894889.9 7178 13903 28883 28208 19847 5582 29 6188 9 20, 0 0 0 0 0 0 1 0 0 0
1513894890.94 7802 19102 35485 34132 20626 4731 27 6591 9 16, 0 0 0 0 0 0 1 0 0 0
1513894891.97 12878 18146 31806 29406 17600 6548 12 7329 2 5, 0 0 0 0 0 0 1 0 0 0
1513894893.0 13328 18046 31490 26784 16998 8009 12 8676 4 11, 0 0 0 0 0 0 1 0 0 0
1513894894.02 12753 16358 21781 18920 16773 7837 10 6445 2 5, 0 0 0 0 0 0 1 0 0 0
1513894895.04 5633 10724 14891 15256 11803 4844 20 870 4 13, 0 0 0 0 0 0 1 0 0 0
1513894896.1 3572 9239 16351 19099 16149 5110 13 2074 3 12, 0 0 0 0 0 0 1 0 0 0
1513894897.15 5585 11608 19838 20634 16189 6064 18 4388 3 8, 0 0 0 0 0 0 1 0 0 0
1513894898.16 3820 8350 19513 20288 14844 5266 20 3472 7 16, 0 0 0 0 0 0 1 0 0 0
1513894899.19 3644 7640 18915 18408 13285 5499 20 2774 7 17, 0 0 0 0 0 0 1 0 0 0
1513894900.23 4220 6680 13039 11221 6356 2846 12 2417 6 13, 0 0 0 0 0 0 1 0 0 0
1513894901.27 9117 10215 17089 15151 8878 4123 15 4684 4 16, 0 0 0 0 0 0 1 0 0 0
1513894902.3 14285 11055 20072 17365 11959 6998 15 8784 5 16, 0 0 0 0 0 0 1 0 0 0
1513894903.32 15898 11956 26353 22991 12482 6650 24 11047 6 14, 0 0 0 0 0 0 1 0 0 0
1513894904.36 18164 15322 27437 24536 12050 5845 20 12037 7 20, 0 0 0 0 0 0 1 0 0 0
1513894905.39 18439 15278 26612 19189 8128 4248 22 11773 7 23, 0 0 0 0 0 0 1 0 0 0
1513894906.41 15901 16811 26988 21664 8750 2662 28 9929 8 20, 0 0 0 0 0 0 1 0 0 0
1513894907.42 20459 21557 37082 31726 13244 3523 24 12949 6 21, 0 0 0 0 0 0 1 0 0 0
1513894908.44 7537 11475 21873 18241 10381 2834 26 5218 4 18, 0 0 0 0 0 0 1 0 0 0
1513894909.45 3769 10927 18916 13941 7249 1923 22 2945 6 16, 0 0 0 0 0 0 1 0 0 0
1513894910.47 2996 7098 11750 7076 4602 1040 21 3518 7 16, 0 0 0 0 0 0 1 0 0 0
1513894911.48 320 368 1983 2816 2169 515 27 108 12 19, 0 0 0 0 0 0 1 0 0 0
1513894912.49 102 87 1871 2561 1977 591 38 141 8 25, 0 0 0 0 0 0 1 0 0 0
1513894913.51 296 405 513 270 985 438 30 193 10 20, 0 0 0 0 0 0 1 0 0 0
1513894914.52 149 74 211 299 1916 860 31 114 13 25, 0 0 0 0 0 0 1 0 0 0
1513894915.55 852 803 2776 5274 7073 2897 28 252 11 35, 0 0 0 0 0 0 1 0 0 0
1513894916.57 194 364 2218 4067 6502 546 21 79 7 22, 0 0 0 0 0 0 1 0 0 0
1513894917.58 403 848 2496 3415 4378 664 23 612 10 22, 0 0 0 0 0 0 1 0 0 0
1513894918.63 866 941 6055 9623 9753 2691 26 1779 7 23, 0 0 0 0 0 0 1 0 0 0
1513894919.65 980 588 5903 12881 13199 3170 25 2008 8 18, 0 0 0 0 0 0 1 0 0 0
1513894920.68 1470 1529 11459 18347 11118 1789 17 3735 5 16, 0 0 0 0 0 0 1 0 0 0
1513894921.74 3693 2843 20272 23675 12272 2697 29 6688 4 19, 0 0 0 0 0 0 1 0 0 0
1513894922.81 4191 3741 23928 25090 12297 2214 15 8283 6 15, 0 0 0 0 0 0 1 0 0 0
1513894923.84 7081 6624 24233 24448 10709 2408 203 7255 2 12, 0 0 0 0 0 0 1 0 0 0
1513894924.87 12824 9896 25605 23082 9216 4960 376 7817 4 14, 0 0 0 0 0 0 1 0 0 0
1513894925.91 16582 11874 25306 24726 9294 5409 1942 9359 9 23, 0 0 0 0 0 0 1 0 0 0
1513894926.94 14467 11885 25811 25970 10240 4681 365 7902 4 13, 0 0 0 0 0 0 1 0 0 0
1513894927.97 20736 18364 36685 32714 9963 8137 23 9183 9 16, 0 0 0 0 0 0 1 0 0 0
1513894928.99 13793 9398 21521 18805 5271 4075 17 7464 5 14, 0 0 0 0 0 0 1 0 0 0
1513894930.02 5655 6662 15778 15856 5984 3303 33 1691 8 16, 0 0 0 0 0 0 1 0 0 0
1513894931.03 5423 4882 11095 9787 3166 3136 23 670 14 35, 0 0 0 0 0 0 1 0 0 0
1513894932.05 2929 1428 3729 3774 1411 2578 21 1165 8 16, 0 0 0 0 0 0 1 0 0 0
1513894933.07 2823 3099 4472 3712 1909 2067 22 1071 9 17, 0 0 0 0 0 0 1 0 0 0
1513894934.1 3102 8321 9546 4616 2090 762 18 2161 12 20, 0 0 0 0 0 0 1 0 0 0
1513894935.13 5191 12424 17476 10229 3705 1137 27 2992 8 16, 0 0 0 0 0 0 1 0 0 0
1513894936.15 8435 16163 21026 12304 3328 1678 11 3717 9 15, 0 0 0 0 0 0 1 0 0 0
1513894937.16 9013 18679 23890 13016 3199 1915 14 4706 10 11, 0 0 0 0 0 0 1 0 0 0
1513894938.21 6810 18308 26096 12600 3851 1308 17 5584 9 16, 0 0 0 0 0 0 1 0 0 0
1513894939.63 8398 19793 26026 14642 4658 1650 14 5195 7 9, 0 0 0 0 0 0 1 0 0 0
1513894940.65 8565 17030 21613 12482 3657 1220 11 6632 6 13, 0 0 0 0 0 0 1 0 0 0
1513894941.69 4194 9186 18631 7257 2427 572 21 4603 9 10, 0 0 0 0 0 0 1 0 0 0
1513894942.71 7549 15008 27078 17168 6614 2634 21 6403 6 16, 0 0 0 0 0 0 1 0 0 0
1513894943.74 7188 14597 28236 21156 10764 4349 17 7042 7 14, 0 0 0 0 0 0 1 0 0 0
1513894944.76 5679 12801 27684 21790 12434 3208 19 7472 3 8, 0 0 0 0 0 0 1 0 0 0
1513894945.78 4558 7576 20773 19411 10890 3773 21 6375 6 10, 0 0 0 0 0 0 1 0 0 0
1513894946.79 5265 6166 18407 22754 14540 2087 18 7235 10 14, 0 0 0 0 0 0 1 0 0 0
1513894947.8 7377 4763 13105 13835 8624 3164 19 7344 8 14, 0 0 0 0 0 0 1 0 0 0
1513894948.82 5070 3845 14024 13334 6449 2087 19 5834 11 24, 0 0 0 0 0 0 1 0 0 0
1513894949.83 3050 6059 22086 20158 8995 1851 19 6255 8 16, 0 0 0 0 0 0 1 0 0 0
1513894950.85 1631 3502 17058 20809 7310 815 25 4098 11 21, 0 0 0 0 0 0 1 0 0 0
1513894951.86 2058 5187 17964 20847 9582 1320 35 4207 10 20, 0 0 0 0 0 0 1 0 0 0
1513894952.88 1918 4234 17372 20042 5903 548 13 5391 7 15, 0 0 0 0 0 0 1 0 0 0
1513894953.89 1891 2663 15207 15281 4275 1032 14 5759 3 4, 0 0 0 0 0 0 1 0 0 0
1513894954.93 2419 1658 13813 14829 8186 2479 15 5914 6 15, 0 0 0 0 0 0 1 0 0 0
1513894955.94 3845 1989 16954 19761 10940 3210 18 7334 8 19, 0 0 0 0 0 0 1 0 0 0
1513894956.96 3910 2055 18521 23748 13534 2932 16 6834 6 16, 0 0 0 0 0 0 1 0 0 0
1513894957.97 4220 3088 21587 29451 15706 3602 15 4835 3 6, 0 0 0 0 0 0 1 0 0 0
1513894958.99 3114 3887 18872 24517 13772 2287 13 3812 4 8, 0 0 0 0 0 0 1 0 0 0
1513894960.0 6398 7018 23266 28950 17357 5230 15 5898 3 5, 0 0 0 0 0 0 1 0 0 0
1513894961.04 10514 8659 23205 32115 20472 7728 113 6402 2 6, 0 0 0 0 0 0 1 0 0 0
1513894962.06 4029 3113 16882 25699 10936 1009 34 5618 3 4, 0 0 0 0 0 0 1 0 0 0
1513894963.06 6965 5944 22675 28836 16380 3057 62 6051 10 22, 0 0 0 0 0 0 1 0 0 0
1513894964.08 7165 7156 24264 30154 21058 6400 23 7717 9 18, 0 0 0 0 0 0 1 0 0 0
1513894965.1 5995 5902 17885 22888 18034 5733 16 6217 8 19, 0 0 0 0 0 0 1 0 0 0
1513894966.12 11934 8908 15881 19735 13587 5727 171 6374 7 18, 0 0 0 0 0 0 1 0 0 0
1513894967.13 10489 7492 11847 15460 7660 2729 13 4603 5 6, 0 0 0 0 0 0 1 0 0 0
1513894968.16 3732 3879 11047 13343 7053 2864 12 2679 5 14, 0 0 0 0 0 0 1 0 0 0
1513894969.17 7751 5097 12919 13759 6341 2637 31 5308 8 17, 0 0 0 0 0 0 1 0 0 0
1513894970.19 11152 4043 13567 13198 6561 3295 9 8060 5 11, 0 0 0 0 0 0 1 0 0 0
1513894971.21 14173 3899 11541 10596 9585 5095 20 9883 7 28, 0 0 0 0 0 0 1 0 0 0
1513894972.23 18736 5119 10452 8761 7225 7000 27 8632 18 23, 0 0 0 0 0 0 1 0 0 0
1513894973.24 13919 2292 9073 7132 5543 5075 22 7361 4 9, 0 0 0 0 0 0 1 0 0 0
1513894974.26 14308 3585 16140 11757 5719 4913 17 10793 13 14, 0 0 0 0 0 0 1 0 0 0
1513894975.27 13483 6710 20431 15560 6327 4397 18 10553 9 10, 0 0 0 0 0 0 1 0 0 0
1513894976.31 17458 10622 22842 18733 7107 4909 19 9992 7 12, 0 0 0 0 0 0 1 0 0 0
1513894977.33 13819 8887 22114 19007 6206 2932 19 10202 9 17, 0 0 0 0 0 0 1 0 0 0
1513894978.34 9720 6683 14636 16412 4514 931 17 6011 12 19, 0 0 0 0 0 0 1 0 0 0
1513894979.36 9402 7907 15787 13085 5549 2151 34 7161 13 20, 0 0 0 0 0 0 1 0 0 0
1513894980.37 10523 7372 20968 23512 11146 3069 26 8101 8 21, 0 0 0 0 0 0 1 0 0 0
1513894981.4 10657 7881 21318 24431 11703 2913 14 6333 8 17, 0 0 0 0 0 0 1 0 0 0
1513894982.42 8049 9674 24897 27836 15665 3841 22 6151 9 19, 0 0 0 0 0 0 1 0 0 0
1513894983.45 8852 10864 26383 27220 18095 5202 8 6582 3 13, 0 0 0 0 0 0 1 0 0 0
1513894984.47 7520 9475 21814 22554 14956 3030 13 6127 7 25, 0 0 0 0 0 0 1 0 0 0
1513894985.47 8044 9894 20078 20639 16150 6501 7 5864 5 12, 0 0 0 0 0 0 1 0 0 0
1513894986.51 9448 11698 25800 22327 15383 4797 23 7781 10 16, 0 0 0 0 0 0 1 0 0 0
1513894987.53 8794 13771 26720 24646 17378 4607 22 7260 8 17, 0 0 0 0 0 0 1 0 0 0
1513894988.59 7968 13213 25364 23197 14770 3670 16 6520 4 17, 0 0 0 0 0 0 1 0 0 0
1513894989.61 5606 8983 20119 16086 9229 1895 12 6433 7 17, 0 0 0 0 0 0 1 0 0 0
1513894990.64 1938 5404 10567 9425 4725 830 14 2714 4 14, 0 0 0 0 0 0 1 0 0 0
1513894991.74 2919 4862 8129 11277 5729 1084 13 946 3 10, 0 0 0 0 0 0 1 0 0 0
1513894992.75 3370 5189 15443 18265 9896 5353 27 4123 14 33, 0 0 0 0 0 0 1 0 0 0
1513894993.76 3346 3398 13364 18902 17017 10902 12 3894 7 14, 0 0 0 0 0 0 1 0 0 0
1513894994.78 2904 2355 12763 18914 17669 12032 7 4643 7 11, 0 0 0 0 0 0 1 0 0 0
1513894995.79 1337 1745 9606 16431 12626 9320 21 3497 9 17, 0 0 0 0 0 0 1 0 0 0
1513894996.81 2311 1636 11821 15841 5448 4727 11 5724 7 16, 0 0 0 0 0 0 1 0 0 0
1513894997.82 2742 1783 11999 13684 7177 5667 14 5587 8 13, 0 0 0 0 0 0 1 0 0 0
1513894998.84 3152 2148 10201 10895 5231 4867 11 5526 7 15, 0 0 0 0 0 0 1 0 0 0
1513894999.87 4482 3908 8862 7449 2439 2623 36 5157 12 19, 0 0 0 0 0 0 1 0 0 0
1513895000.88 4395 4657 7018 6020 1344 1587 13 3384 8 13, 0 0 0 0 0 0 1 0 0 0
1513895001.89 2764 2965 3184 3338 918 1342 16 679 5 17, 0 0 0 0 0 0 1 0 0 0
1513895002.92 4121 6325 11803 9401 3808 2518 23 1647 10 11, 0 0 0 0 0 0 1 0 0 0
1513895003.93 4997 8371 15950 11235 3730 2911 11 2607 5 7, 0 0 0 0 0 0 1 0 0 0
1513895004.94 5314 7934 18278 12525 4064 3232 11 5151 5 11, 0 0 0 0 0 0 1 0 0 0
1513895005.98 5525 7938 20816 15649 5796 1882 12 7670 3 6, 0 0 0 0 0 0 1 0 0 0
1513895007.0 4864 6820 24198 22101 7601 1224 16 7243 10 14, 0 0 0 0 0 0 1 0 0 0
1513895008.01 6873 6969 22809 17000 4369 2763 208 8216 8 25, 0 0 0 0 0 0 1 0 0 0
1513895009.02 7075 6236 21514 16760 3205 1665 320 8408 8 26, 0 0 0 0 0 0 1 0 0 0
1513895010.04 7959 7005 26913 22964 8063 3097 870 10056 5 9, 0 0 0 0 0 0 1 0 0 0
1513895011.06 7939 6998 29147 24399 8998 2098 1133 11289 5 7, 0 0 0 0 0 0 1 0 0 0
1513895012.08 13517 7686 28548 21820 6596 2843 1652 12680 8 21, 0 0 0 0 0 0 1 0 0 0
1513895013.1 13744 6993 23141 17411 6228 1639 740 11363 6 13, 0 0 0 0 0 0 1 0 0 0
1513895014.13 19413 11219 24747 18637 8551 5494 1845 13749 3 6, 0 0 0 0 0 0 1 0 0 0
1513895015.15 20452 13107 22982 19513 10770 8636 3188 11588 6 10, 0 0 0 0 0 0 1 0 0 0
1513895016.18 17401 9449 22426 20570 12941 9237 2871 12144 3 9, 0 0 0 0 0 0 1 0 0 0
1513895017.26 20714 9967 23699 19522 8823 6296 2227 13422 2 7, 0 0 0 0 0 0 1 0 0 0
1513895018.35 18464 6429 23906 19643 10091 4910 981 12202 7 13, 0 0 0 0 0 0 1 0 0 0
1513895019.38 10379 4523 14179 11684 7483 3534 241 7476 3 8, 0 0 0 0 0 0 1 0 0 0
1513895020.42 8782 2568 11797 8422 4701 1886 12 7816 3 6, 0 0 0 0 0 0 1 0 0 0
1513895021.44 14026 6573 18709 13809 6004 3926 16 13322 2 7, 0 0 0 0 0 0 1 0 0 0
1513895022.48 15575 9954 26233 19370 9508 5450 13 16793 3 6, 0 0 0 0 0 0 1 0 0 0
1513895023.51 15913 11213 27449 19977 7773 4086 10 15446 2 7, 0 0 0 0 0 0 1 0 0 0
1513895024.53 14418 9466 23235 17854 6684 3589 10 13772 4 7, 0 0 0 0 0 0 1 0 0 0
1513895025.57 10822 9997 24664 22740 13917 5136 9 10364 3 3, 0 0 0 0 0 0 1 0 0 0
1513895026.59 13452 8100 20346 23937 19852 7827 25 10882 5 14, 0 0 0 0 0 0 1 0 0 0
1513895027.61 13032 5213 17744 18153 16322 8173 14 11123 7 14, 0 0 0 0 0 0 1 0 0 0
1513895028.64 15781 8895 21775 23498 19036 8195 23 12557 12 24, 0 0 0 0 0 0 1 0 0 0
1513895029.66 22309 12027 20924 18407 15488 11296 14 14477 8 15, 0 0 0 0 0 0 1 0 0 0
1513895030.69 21754 8078 18227 13593 12602 10431 15 12944 6 12, 0 0 0 0 0 0 1 0 0 0
1513895031.7 21950 9712 16665 11271 10601 10919 15 14022 9 15, 0 0 0 0 0 0 1 0 0 0
1513895032.72 17301 6869 14336 7571 7821 9770 26 14517 9 18, 0 0 0 0 0 0 1 0 0 0
1513895033.74 13167 5467 12308 9011 15978 15966 25 11391 9 22, 0 0 0 0 0 0 1 0 0 0
1513895034.77 12191 4453 10198 5468 8670 11793 27 8315 13 17, 0 0 0 0 0 0 1 0 0 0
1513895035.79 15772 6929 16682 11971 14318 15562 33 10086 17 33, 0 0 0 0 0 0 1 0 0 0
1513895036.83 13016 11301 24088 20536 12231 8583 162 7124 8 12, 0 0 0 0 0 0 1 0 0 0
1513895037.9 11841 10010 18993 19063 9870 7155 54 6590 7 16, 0 0 0 0 0 0 1 0 0 0
1513895038.96 10952 11571 19259 20880 13011 7693 122 8264 7 16, 0 0 0 0 0 0 1 0 0 0
1513895039.98 10318 10821 20518 23355 14774 7047 159 8131 5 15, 0 0 0 0 0 0 1 0 0 0
1513895041.03 11095 8265 17522 19059 7161 5660 222 7843 7 11, 0 0 0 0 0 0 1 0 0 0
1513895042.08 13505 7708 15419 14288 8804 8548 625 9035 4 8, 0 0 0 0 0 0 1 0 0 0
1513895043.11 14825 8016 17038 17865 13423 11358 1102 8528 6 14, 0 0 0 0 0 0 1 0 0 0
1513895044.13 17636 6558 16419 20580 18715 16493 1175 10568 10 26, 0 0 0 0 0 0 1 0 0 0
1513895045.15 23357 8821 16315 20761 21239 22596 703 10682 4 12, 0 0 0 0 0 0 1 0 0 0
1513895046.17 22983 7675 16151 22675 23763 24708 2253 12240 4 13, 0 0 0 0 0 0 1 0 0 0
1513895047.2 17911 6292 16184 20895 18795 19067 1773 9618 5 20, 0 0 0 0 0 0 1 0 0 0
1513895048.21 16311 7308 22340 26554 28611 20770 690 13417 6 13, 0 0 0 0 0 0 1 0 0 0
1513895049.25 15082 8869 25759 30538 29228 19999 266 13735 3 9, 0 0 0 0 0 0 1 0 0 0
1513895050.26 12198 7195 23697 27781 26906 17654 20 11963 7 22, 0 0 0 0 0 0 1 0 0 0
1513895051.28 13555 7416 24710 27394 22205 14158 8 12360 5 8, 0 0 0 0 0 0 1 0 0 0
1513895052.31 12628 12151 24478 25486 23030 11359 9 10356 4 9, 0 0 0 0 0 0 1 0 0 0
1513895053.34 18550 19087 39599 36043 25752 13128 17 15281 10 24, 0 0 0 0 0 0 1 0 0 0
1513895054.36 16169 13473 26885 24447 16659 13325 19 10056 5 15, 0 0 0 0 0 0 1 0 0 0
1513895055.41 18913 15576 25321 26148 20937 19919 13 7703 5 14, 0 0 0 0 0 0 1 0 0 0
1513895056.44 18113 13923 24760 27368 21848 19007 22 6915 8 17, 0 0 0 0 0 0 1 0 0 0
1513895057.47 16265 11271 21843 23943 13323 13828 17 4317 9 18, 0 0 0 0 0 0 1 0 0 0
1513895058.5 11885 8866 18420 18825 10677 12142 17 3359 8 24, 0 0 0 0 0 0 1 0 0 0
1513895059.52 16931 13003 25233 27385 19097 15117 28 7202 12 21, 0 0 0 0 0 0 1 0 0 0
1513895060.58 15737 11364 31526 34438 25472 13510 26 11014 11 19, 0 0 0 0 0 0 1 0 0 0
1513895061.61 15427 9681 30350 35544 25344 12830 11 10430 7 19, 0 0 0 0 0 0 1 0 0 0
1513895062.63 14467 11767 27549 27379 18042 8570 19 9014 7 15, 0 0 0 0 0 0 1 0 0 0
1513895063.64 13658 12455 28566 27813 17512 10930 10 9599 8 12, 0 0 0 0 0 0 1 0 0 0
1513895064.69 12914 10950 28139 29172 19951 12320 20 9829 6 9, 0 0 0 0 0 0 1 0 0 0
1513895065.72 18024 13453 30122 31131 22009 15563 18 11307 7 11, 0 0 0 0 0 0 1 0 0 0
1513895066.74 18814 14425 29389 29140 22693 17591 29 10693 8 19, 0 0 0 0 0 0 1 0 0 0
1513895067.75 15804 11775 25214 24929 18327 13407 10 10500 4 7, 0 0 0 0 0 0 1 0 0 0
1513895068.78 14824 8744 20630 20920 13798 12692 18 8482 8 16, 0 0 0 0 0 0 1 0 0 0
1513895069.81 9627 9305 18947 11956 5875 6105 18 6466 9 15, 0 0 0 0 0 0 1 0 0 0
1513895070.82 10041 9507 18690 9724 3456 4114 12 8723 6 9, 0 0 0 0 0 0 1 0 0 0
1513895071.84 9113 9486 26458 9443 834 1585 28 14485 14 24, 0 0 0 0 0 0 1 0 0 0
1513895072.86 3639 3132 11710 4436 724 151 25 8205 11 20, 0 0 0 0 0 0 1 0 0 0
1513895073.88 2132 1914 8680 4127 994 106 25 5181 7 15, 0 0 0 0 0 0 1 0 0 0
1513895074.9 1488 1746 7710 2703 466 95 16 4339 8 16, 0 0 0 0 0 0 1 0 0 0
1513895075.93 1198 1034 9017 4484 1677 393 19 4624 7 13, 0 0 0 0 0 0 1 0 0 0
1513895076.94 1324 1299 8210 3275 1531 61 13 4690 9 11, 0 0 0 0 0 0 1 0 0 0
1513895077.96 213 396 3486 4133 1329 51 15 481 4 6, 0 0 0 0 0 0 1 0 0 0
1513895078.97 54 39 1692 4383 1579 55 9 55 5 8, 0 0 0 0 0 0 1 0 0 0
1513895079.99 55 63 141 2423 1056 69 11 50 6 13, 0 0 0 0 0 0 1 0 0 0
1513895081.0 80 129 248 2079 866 132 19 62 8 10, 0 0 0 0 0 0 1 0 0 0
1513895082.03 3428 4164 1658 2929 1723 855 19 86 7 9, 0 0 0 0 0 0 1 0 0 0
1513895083.06 4301 8262 7535 6576 4613 3360 24 76 8 17, 0 0 0 0 0 0 1 0 0 0
1513895084.07 4896 8747 8612 12483 18687 15543 20 97 9 24, 0 0 0 0 0 0 1 0 0 0
1513895085.11 3873 8597 7320 9278 14297 14048 14 113 8 12, 0 0 0 0 0 0 1 0 0 0
1513895086.15 3571 6425 8834 9552 17826 20235 14 65 6 17, 0 0 0 0 0 0 1 0 0 0
1513895087.18 2473 6002 7551 6392 13642 17342 15 53 9 21, 0 0 0 0 0 0 1 0 0 0
1513895088.21 3823 9184 10522 10675 16630 17138 13 55 5 18, 0 0 0 0 0 0 1 0 0 0
1513895089.23 2055 9333 12133 10529 15684 16773 14 37 8 15, 0 0 0 0 0 0 1 0 0 0
1513895090.26 2611 9159 13169 12048 17238 17290 27 257 10 17, 0 0 0 0 0 0 1 0 0 0
1513895091.29 3937 11581 13622 13983 16752 12979 22 66 6 9, 0 0 0 0 0 0 1 0 0 0
1513895092.31 3902 11596 12621 12571 12181 7254 16 63 8 13, 0 0 0 0 0 0 1 0 0 0
1513895093.34 3353 9919 15365 16515 11580 5609 15 1173 3 8, 0 0 0 0 0 0 1 0 0 0
1513895094.36 11745 21419 25576 27268 14135 5985 23 3722 8 12, 0 0 0 0 0 0 1 0 0 0
1513895095.4 12125 15310 15826 15271 7208 4774 15 4400 7 14, 0 0 0 0 0 0 1 0 0 0
1513895096.45 8169 12984 13477 13610 6707 3830 13 3138 8 11, 0 0 0 0 0 0 1 0 0 0
1513895097.49 8413 13849 13580 12010 5791 4125 17 3788 8 9, 0 0 0 0 0 0 1 0 0 0
1513895098.52 4098 10216 9333 8671 4777 2714 14 1242 8 18, 0 0 0 0 0 0 1 0 0 0
1513895099.54 4980 10889 10794 10796 8351 6508 36 1357 13 32, 0 0 0 0 0 0 1 0 0 0
1513895100.56 3878 9185 10343 8988 5412 5932 18 1506 7 21, 0 0 0 0 0 0 1 0 0 0
1513895101.58 5356 8924 11176 12862 7553 5641 9 2710 7 10, 0 0 0 0 0 0 1 0 0 0
1513895102.6 8909 10350 21026 22369 16779 8842 17 8034 3 16, 0 0 0 0 0 0 1 0 0 0
1513895103.62 9511 10336 19007 23113 13658 6874 17 8039 6 17, 0 0 0 0 0 0 1 0 0 0
1513895104.63 15042 13415 24952 26316 18363 8763 8 12504 6 11, 0 0 0 0 0 0 1 0 0 0
1513895105.65 16816 14290 27650 26778 20124 9641 14 14941 5 10, 0 0 0 0 0 0 1 0 0 0
1513895106.67 13435 10819 26822 27495 20870 8829 14 14613 4 17, 0 0 0 0 0 0 1 0 0 0
1513895107.69 13622 12527 24274 28875 20151 7900 11 10967 4 13, 0 0 0 0 0 0 1 0 0 0
1513895108.7 12364 12504 22695 27818 18492 5486 15 8549 7 19, 0 0 0 0 0 0 1 0 0 0
1513895109.72 6886 10141 21431 27951 13635 2496 14 6437 11 19, 0 0 0 0 0 0 1 0 0 0
1513895110.73 5364 9077 15732 21133 11561 2556 15 2986 6 15, 0 0 0 0 0 0 1 0 0 0
1513895111.75 3582 8748 12737 15583 9277 2566 8 2171 4 8, 0 0 0 0 0 0 1 0 0 0
1513895112.76 5589 9955 14371 14752 9279 3222 17 4055 6 14, 0 0 0 0 0 0 1 0 0 0
1513895113.78 9011 13531 20053 20147 13532 7133 17 4048 10 16, 0 0 0 0 0 0 1 0 0 0
1513895114.79 3865 10253 17997 20205 9445 3061 17 3396 6 15, 0 0 0 0 0 0 1 0 0 0
1513895115.8 3864 9595 18627 19898 8455 2798 12 3358 5 9, 0 0 0 0 0 0 1 0 0 0
1513895116.82 3402 9506 19554 22368 12277 3305 9 4693 4 9, 0 0 0 0 0 0 1 0 0 0
1513895117.83 2113 8246 20771 26388 15189 3644 4 4433 4 8, 0 0 0 0 0 0 1 0 0 0
1513895118.85 2199 8984 21767 24362 15821 3475 13 5428 6 13, 0 0 0 0 0 0 1 0 0 0
1513895119.87 3665 9740 21073 22488 12982 2986 14 5376 2 6, 0 0 0 0 0 0 1 0 0 0
1513895120.89 3569 10563 22980 23539 12586 3228 13 6295 8 11, 0 0 0 0 0 0 1 0 0 0
1513895121.9 7770 14202 29886 20426 11394 2891 24 13527 7 15, 0 0 0 0 0 0 1 0 0 0
1513895122.92 6189 9025 26410 19359 5682 1752 10 9048 8 8, 0 0 0 0 0 0 1 0 0 0
1513895123.93 4244 7674 21976 21221 11597 3149 10 8672 7 18, 0 0 0 0 0 0 1 0 0 0
1513895124.96 5260 6227 18710 19009 14805 4777 10 8804 6 12, 0 0 0 0 0 0 1 0 0 0
1513895125.99 3043 5242 13926 15153 10303 2948 13 5986 5 11, 0 0 0 0 0 0 1 0 0 0
1513895127.01 3148 1875 8510 10391 8574 2559 13 4673 6 18, 0 0 0 0 0 0 1 0 0 0
1513895128.05 4306 3601 8617 10846 9593 2963 17 2863 8 18, 0 0 0 0 0 0 1 0 0 0
1513895129.07 5014 4459 11039 11057 11244 2543 17 4250 7 9, 0 0 0 0 0 0 1 0 0 0
1513895130.09 9273 7360 20143 23354 16720 5120 16 7247 3 17, 0 0 0 0 0 0 1 0 0 0
1513895131.11 8678 5319 19038 27091 20998 5113 14 8822 7 13, 0 0 0 0 0 0 1 0 0 0
1513895132.13 8421 5112 20027 25403 17888 3110 19 9505 10 19, 0 0 0 0 0 0 1 0 0 0
1513895133.14 6194 9336 24224 26886 18836 3339 20 7416 6 12, 0 0 0 0 0 0 1 0 0 0
1513895134.16 5857 9286 27936 29476 15936 748 15 9636 5 15, 0 0 0 0 0 0 1 0 0 0
1513895135.18 4319 7927 26627 23796 7465 313 17 8459 10 17, 0 0 0 0 0 0 1 0 0 0
1513895136.2 4351 5862 25236 25597 8431 1045 25 8686 10 24, 0 0 0 0 0 0 1 0 0 0
1513895137.21 3943 4412 24901 24615 8219 868 29 8514 12 28, 0 0 0 0 0 0 1 0 0 0
1513895138.23 3305 4983 23449 19757 6489 676 43 7941 11 25, 0 0 0 0 0 0 1 0 0 0
1513895139.24 2873 3005 15412 12691 4736 680 20 6388 7 14, 0 0 0 0 0 0 1 0 0 0
1513895140.26 1915 1951 9900 8874 3311 129 27 4275 10 23, 0 0 0 0 0 0 1 0 0 0
1513895141.28 2028 773 6987 6874 3147 209 37 4335 9 18, 0 0 0 0 0 0 1 0 0 0
1513895142.3 716 554 3674 1846 861 136 27 1988 7 15, 0 0 0 0 0 0 1 0 0 0
1513895143.32 75 349 1299 1041 407 60 18 74 11 16, 0 0 0 0 0 0 1 0 0 0
1513895144.33 1289 631 752 724 417 729 44 276 15 43, 0 0 0 0 0 0 1 0 0 0
1513895145.34 2256 869 1297 1469 1635 1678 27 448 10 23, 0 0 0 0 0 0 1 0 0 0
1513895146.36 3038 1023 1414 1618 1958 1272 18 367 7 14, 0 0 0 0 0 0 1 0 0 0
1513895147.38 3105 1587 1865 2377 2179 810 26 463 6 16, 0 0 0 0 0 0 1 0 0 0
1513895148.39 3205 3014 5964 5627 2878 532 19 357 8 16, 0 0 0 0 0 0 1 0 0 0
1513895149.41 1914 3188 7170 4904 2038 52 13 44 3 12, 0 0 0 0 0 0 1 0 0 0
1513895150.43 2284 6061 10592 5960 2126 74 20 533 8 17, 0 0 0 0 0 0 1 0 0 0
1513895151.44 3175 4984 15559 18285 9415 1612 18 1764 10 18, 0 0 0 0 0 0 1 0 0 0
1513895152.47 2196 5269 17400 23080 12117 2234 21 3607 8 23, 0 0 0 0 0 0 1 0 0 0
1513895153.49 1867 5114 17802 23799 12135 2859 11 4212 5 8, 0 0 0 0 0 0 1 0 0 0
1513895154.5 1879 4659 19077 26882 14082 2801 12 4084 5 8, 0 0 0 0 0 0 1 0 0 0
1513895155.51 1669 3130 14310 18491 11722 2822 9 3909 4 11, 0 0 0 0 0 0 1 0 0 0
1513895156.54 3653 5839 22507 28201 17926 3578 12 7191 4 6, 0 0 0 0 0 0 1 0 0 0
1513895157.55 3984 5611 19110 23789 17466 3260 144 7832 4 4, 0 0 0 0 0 0 1 0 0 0
1513895158.57 4363 5677 21077 25832 16772 2543 11 7823 3 6, 0 0 0 0 0 0 1 0 0 0
1513895159.59 3156 5187 19878 20313 12134 2136 9 7237 4 4, 0 0 0 0 0 0 1 0 0 0
1513895160.61 5292 7945 23963 22873 10422 410 9 8466 5 8, 0 0 0 0 0 0 1 0 0 0
1513895161.63 5516 7462 22612 20193 9376 678 12 8968 3 10, 0 0 0 0 0 0 1 0 0 0
1513895162.64 4939 7347 21477 16513 6630 431 7 7845 4 10, 0 0 0 0 0 0 1 0 0 0
1513895163.66 3757 5687 17104 14764 5717 201 11 6175 4 14, 0 0 0 0 0 0 1 0 0 0
1513895164.67 4025 6341 16983 12585 4411 131 32 5905 9 20, 0 0 0 0 0 0 1 0 0 0
1513895165.68 3628 6367 18370 13724 3851 50 11 5983 5 14, 0 0 0 0 0 0 1 0 0 0
1513895166.69 5692 6050 21401 15679 4626 591 25 8481 7 14, 0 0 0 0 0 0 1 0 0 0
1513895167.71 4026 6360 24147 19198 6248 650 12 7549 6 10, 0 0 0 0 0 0 1 0 0 0
1513895168.73 2827 6093 23638 19586 5721 323 9 6081 4 9, 0 0 0 0 0 0 1 0 0 0
1513895169.77 2122 5490 25098 23019 6232 99 9 5822 2 11, 0 0 0 0 0 0 1 0 0 0
1513895170.79 2009 5280 23708 17844 5565 270 6 5616 4 9, 0 0 0 0 0 0 1 0 0 0
1513895171.8 1961 5251 22358 15639 3626 271 18 4939 6 15, 0 0 0 0 0 0 1 0 0 0
1513895172.81 2798 6286 24988 21357 6388 434 12 6522 4 12, 0 0 0 0 0 0 1 0 0 0
1513895173.82 1973 5715 23280 21438 6452 163 3 6280 3 6, 0 0 0 0 0 0 1 0 0 0
1513895174.84 3973 6352 26984 23631 7937 765 10 8791 3 6, 0 0 0 0 0 0 1 0 0 0
1513895175.85 2539 6259 25142 18563 4581 469 11 6720 6 12, 0 0 0 0 0 0 1 0 0 0
1513895176.87 1762 6107 22508 19856 7359 2444 19 4485 7 20, 0 0 0 0 0 0 1 0 0 0
1513895177.89 2789 5407 20311 25151 18934 7639 12 3220 4 15, 0 0 0 0 0 0 1 0 0 0
1513895178.92 3000 3214 12653 22579 22728 9124 9 1732 5 10, 0 0 0 0 0 0 1 0 0 0
1513895179.94 4156 3190 13415 22284 21669 7814 13 3784 6 13, 0 0 0 0 0 0 1 0 0 0
1513895180.97 3713 3545 12177 16675 13765 5650 9 3473 6 14, 0 0 0 0 0 0 1 0 0 0
1513895182.0 2383 2406 7589 11349 12860 5319 32 1430 8 16, 0 0 0 0 0 0 1 0 0 0
1513895183.03 2032 701 3011 9883 9671 4669 20 698 8 16, 0 0 0 0 0 0 1 0 0 0
1513895184.06 1500 582 1773 7258 8004 4027 10 563 7 7, 0 0 0 0 0 0 1 0 0 0
1513895185.09 7843 855 4056 7012 6561 5923 15 5501 6 8, 0 0 0 0 0 0 1 0 0 0
1513895186.1 13285 2420 14881 14216 8047 7602 16 11890 4 10, 0 0 0 0 0 0 1 0 0 0
1513895187.14 12139 2295 17122 19200 8126 4428 7 10776 4 7, 0 0 0 0 0 0 1 0 0 0
1513895188.16 10836 2771 20376 20540 8046 5530 9 9845 6 11, 0 0 0 0 0 0 1 0 0 0
1513895189.17 10998 3254 21098 24060 11122 5402 11 11040 6 10, 0 0 0 0 0 0 1 0 0 0
1513895190.2 9888 3432 23808 27532 15636 6447 8 9979 2 9, 0 0 0 0 0 0 1 0 0 0
1513895191.22 7038 3263 19289 22375 13721 4281 10 7609 7 16, 0 0 0 0 0 0 1 0 0 0
1513895192.24 6356 2738 15968 18453 10928 3906 10 7069 3 8, 0 0 0 0 0 0 1 0 0 0
1513895193.26 6426 3734 12002 11116 5836 2842 44 5867 8 10, 0 0 0 0 0 0 1 0 0 0
1513895194.28 4786 4845 15522 13467 5484 2004 40 5104 11 17, 0 0 0 0 0 0 1 0 0 0
1513895195.3 3934 3918 17261 17957 11636 4722 19 5531 7 11, 0 0 0 0 0 0 1 0 0 0
1513895196.31 2633 1788 15039 19821 10765 2295 19 4169 14 11, 0 0 0 0 0 0 1 0 0 0
1513895197.32 2402 1679 13494 18781 10628 1718 33 4068 9 22, 0 0 0 0 0 0 1 0 0 0
1513895198.35 1074 1622 11516 17307 10333 1376 132 1925 10 16, 0 0 0 0 0 0 1 0 0 0
1513895199.37 750 2209 10524 15329 11199 1170 32 896 8 9, 0 0 0 0 0 0 1 0 0 0
1513895200.38 757 2032 11500 14156 13262 1262 27 1293 12 21, 0 0 0 0 0 0 1 0 0 0
1513895201.39 943 2695 13797 19058 12666 1632 20 1812 5 12, 0 0 0 0 0 0 1 0 0 0
1513895202.42 1541 3574 20318 25079 16505 1505 11 3182 7 7, 0 0 0 0 0 0 1 0 0 0
1513895203.43 1911 4139 23733 28944 13800 995 10 4841 5 13, 0 0 0 0 0 0 1 0 0 0
1513895204.45 1738 3678 25092 28517 12753 790 15 4850 5 12, 0 0 0 0 0 0 1 0 0 0
1513895205.47 1340 3023 21467 23417 12185 809 12 4735 3 5, 0 0 0 0 0 0 1 0 0 0
1513895206.49 1923 3711 25017 23969 8027 666 19 6638 5 8, 0 0 0 0 0 0 1 0 0 0
1513895207.5 2210 4513 24041 21596 8913 505 10 6365 2 7, 0 0 0 0 0 0 1 0 0 0
1513895208.51 2124 3457 22086 23480 8593 468 12 5294 8 12, 0 0 0 0 0 0 1 0 0 0
1513895209.53 5486 7203 35416 38873 17977 3579 241 10014 8 18, 0 0 0 0 0 0 1 0 0 0
1513895210.54 2535 3391 19773 21713 6770 1107 33 5325 6 13, 0 0 0 0 0 0 1 0 0 0
1513895211.55 4317 5916 23013 23378 7358 1337 21 5828 5 13, 0 0 0 0 0 0 1 0 0 0
1513895212.57 3876 11079 27431 24320 6321 919 17 6040 10 18, 0 0 0 0 0 0 1 0 0 0
1513895213.59 4725 11199 23452 24027 6941 867 15 5443 8 14, 0 0 0 0 0 0 1 0 0 0
1513895214.63 4853 9921 20492 22925 6025 1622 8 4045 4 7, 0 0 0 0 0 0 1 0 0 0
1513895215.64 2467 10133 20219 21078 5255 1093 9 1699 5 8, 0 0 0 0 0 0 1 0 0 0
1513895216.67 1588 9073 16267 20522 6066 852 7 3071 5 9, 0 0 0 0 0 0 1 0 0 0
1513895217.71 3860 8397 18557 20990 11064 1890 8 4165 4 9, 0 0 0 0 0 0 1 0 0 0
1513895218.76 1169 6218 11098 13052 6431 423 10 1249 3 13, 0 0 0 0 0 0 1 0 0 0
1513895219.82 1214 7549 13479 16933 7747 464 7 1064 3 10, 0 0 0 0 0 0 1 0 0 0
1513895220.86 1424 8694 18572 19624 10108 756 11 1965 4 9, 0 0 0 0 0 0 1 0 0 0
1513895221.9 782 7530 14950 17279 10877 1596 6 1562 2 8, 0 0 0 0 0 0 1 0 0 0
1513895222.94 2079 8990 21753 21662 10003 1360 9 3755 3 11, 0 0 0 0 0 0 1 0 0 0
1513895223.95 2369 8581 21669 23237 12929 2791 13 4408 5 6, 0 0 0 0 0 0 1 0 0 0
1513895224.97 9329 8785 21157 22119 14361 5373 20 9100 8 13, 0 0 0 0 0 0 1 0 0 0
1513895225.99 13811 9403 24731 24109 17651 9181 13 11565 7 11, 0 0 0 0 0 0 1 0 0 0
1513895227.01 14553 9361 26712 25606 16278 7878 18 14263 7 14, 0 0 0 0 0 0 1 0 0 0
1513895228.02 11407 6985 22570 23923 19241 9668 30 11130 7 12, 0 0 0 0 0 0 1 0 0 0
1513895229.04 10658 6556 22416 24872 19036 9460 11 9799 5 7, 0 0 0 0 0 0 1 0 0 0
1513895230.05 8926 5692 21993 24888 19899 10195 14 9347 5 14, 0 0 0 0 0 0 1 0 0 0
1513895231.07 8695 5270 18836 29701 16661 5844 33 7321 6 24, 0 0 0 0 0 0 1 0 0 0
1513895232.08 9030 6657 28340 32119 18539 8650 125 9061 23 23, 0 0 0 0 0 0 1 0 0 0
1513895233.1 6847 4409 17021 24742 14986 4643 28 5181 8 14, 0 0 0 0 0 0 1 0 0 0
1513895234.11 3937 4330 16752 24302 11659 3657 21 3057 12 19, 0 0 0 0 0 0 1 0 0 0
1513895235.12 2187 3181 14055 22194 9078 2385 15 2837 5 14, 0 0 0 0 0 0 1 0 0 0
1513895236.14 1422 4513 17657 25658 12169 2110 18 3750 2 11, 0 0 0 0 0 0 1 0 0 0
1513895237.17 2061 3868 17708 24589 12189 2764 12 5012 5 7, 0 0 0 0 0 0 1 0 0 0
1513895238.21 1127 3269 14547 23705 10319 1835 17 2780 12 12, 0 0 0 0 0 0 1 0 0 0
1513895239.24 1072 4719 15190 22877 13605 3210 15 1243 5 14, 0 0 0 0 0 0 1 0 0 0
1513895240.26 1123 4030 13684 21778 14948 3717 10 1222 4 3, 0 0 0 0 0 0 1 0 0 0
1513895241.27 1032 3499 10490 16391 12360 3507 11 874 6 7, 0 0 0 0 0 0 1 0 0 0
1513895242.29 635 2090 4836 7661 4604 323 21 69 10 16, 0 0 0 0 0 0 1 0 0 0
1513895243.31 1489 3303 9992 9955 4247 95 18 2344 8 16, 0 0 0 0 0 0 1 0 0 0
1513895244.4 3441 3962 17763 17410 9001 1319 26 6682 14 24, 0 0 0 0 0 0 1 0 0 0
1513895245.47 2837 5006 26457 32809 20166 2772 19 6865 10 14, 0 0 0 0 0 0 1 0 0 0
1513895246.57 1261 2043 17216 22573 14054 1764 20 4484 14 20, 0 0 0 0 0 0 1 0 0 0
1513895247.59 621 2221 16873 21170 11343 773 14 4719 7 9, 0 0 0 0 0 0 1 0 0 0
1513895248.61 1453 3138 15588 16890 5836 795 14 3748 7 6, 0 0 0 0 0 0 1 0 0 0
1513895249.63 1012 2475 11656 13668 3799 552 18 3940 5 11, 0 0 0 0 0 0 1 0 0 0
1513895250.64 1478 3539 14571 15073 4731 543 16 3944 2 7, 0 0 0 0 0 0 1 0 0 0
1513895251.66 2645 4204 17655 18339 7118 1318 5 5825 2 4, 0 0 0 0 0 0 1 0 0 0
1513895252.67 2568 4385 20050 18799 7157 923 11 5617 3 5, 0 0 0 0 0 0 1 0 0 0
1513895253.69 781 4109 15381 15147 5863 1062 9 1910 2 5, 0 0 0 0 0 0 1 0 0 0
1513895254.71 1566 5525 17055 13431 5507 2169 26 3416 7 9, 0 0 0 0 0 0 1 0 0 0
1513895255.73 1483 4824 14694 9925 1707 595 15 3298 10 16, 0 0 0 0 0 0 1 0 0 0
1513895256.75 1589 3747 11021 6950 881 157 31 3059 22 29, 0 0 0 0 0 0 1 0 0 0
1513895257.75 1188 2241 7697 4812 393 138 41 2328 16 32, 0 0 0 0 0 0 1 0 0 0
1513895258.76 888 991 4130 2579 260 156 24 1960 11 23, 0 0 0 0 0 0 1 0 0 0
1513895259.78 271 306 1368 995 170 190 37 746 19 34, 0 0 0 0 0 0 1 0 0 0
1513895260.79 168 186 260 188 161 194 36 101 11 26, 0 0 0 0 0 0 1 0 0 0
1513895261.81 245 781 1997 1688 888 379 16 417 10 16, 0 0 0 0 0 0 1 0 0 0
1513895262.82 149 1226 3156 2949 1214 335 30 249 19 32, 0 0 0 0 0 0 1 0 0 0
1513895263.85 882 2112 8272 13384 7792 1284 22 1857 12 19, 0 0 0 0 0 0 1 0 0 0
1513895264.86 2533 4744 19211 23218 9290 1287 17 5056 8 17, 0 0 0 0 0 0 1 0 0 0
1513895265.9 2872 5253 24692 30390 11234 1094 20 6434 6 21, 0 0 0 0 0 0 1 0 0 0
1513895266.92 1197 3782 19960 27201 8236 873 12 4153 9 12, 0 0 0 0 0 0 1 0 0 0
1513895267.93 2302 4651 19248 26072 11019 1346 17 5265 3 16, 0 0 0 0 0 0 1 0 0 0
1513895268.95 1210 3335 17142 24676 7532 686 11 4591 6 14, 0 0 0 0 0 0 1 0 0 0
1513895269.97 2496 3990 20559 28141 12408 4003 11 5359 5 13, 0 0 0 0 0 0 1 0 0 0
1513895270.98 2120 4110 20292 26382 16530 4832 11 4969 6 12, 0 0 0 0 0 0 1 0 0 0
1513895272.0 3531 3964 19581 23788 13517 3950 17 6570 10 22, 0 0 0 0 0 0 1 0 0 0
1513895273.01 1478 2755 14064 19077 11077 2595 35 5072 9 23, 0 0 0 0 0 0 1 0 0 0
1513895274.03 3729 2451 16825 22424 13895 4562 31 6886 7 26, 0 0 0 0 0 0 1 0 0 0
1513895275.06 4023 1283 16423 22949 12829 3195 11 7665 7 11, 0 0 0 0 0 0 1 0 0 0
1513895276.07 3702 1513 16387 19779 10808 3008 11 7397 3 11, 0 0 0 0 0 0 1 0 0 0
1513895277.09 3981 1917 16544 19470 9556 2094 13 8387 5 14, 0 0 0 0 0 0 1 0 0 0
1513895278.1 4555 5165 19004 20002 8368 1394 11 8489 1 11, 0 0 0 0 0 0 1 0 0 0
1513895279.12 3514 5166 20472 23328 12255 2157 12 7755 5 12, 0 0 0 0 0 0 1 0 0 0
1513895280.13 3329 4701 20551 22115 10681 2185 9 7394 3 6, 0 0 0 0 0 0 1 0 0 0
1513895281.15 5290 5595 30533 32075 16301 4080 19 11387 6 19, 0 0 0 0 0 0 1 0 0 0
1513895282.17 3093 2329 16887 19996 10082 1757 11 6357 3 9, 0 0 0 0 0 0 1 0 0 0
1513895283.18 2200 2361 15000 18155 8252 1450 12 5339 4 15, 0 0 0 0 0 0 1 0 0 0
1513895284.19 3679 2852 16690 19534 6342 1062 8 7830 6 11, 0 0 0 0 0 0 1 0 0 0
1513895285.21 3312 3074 16542 14824 4117 209 11 7373 6 13, 0 0 0 0 0 0 1 0 0 0
1513895286.23 2452 2873 12262 9044 1657 313 16 4908 8 13, 0 0 0 0 0 0 1 0 0 0
1513895287.26 3221 2759 11353 8359 1297 149 27 5427 11 21, 0 0 0 0 0 0 1 0 0 0
1513895288.27 3831 3233 9156 6872 1065 896 349 4256 11 16, 0 0 0 0 0 0 1 0 0 0
1513895289.29 9451 5574 8539 6249 2657 3073 936 5350 10 18, 0 0 0 0 0 0 1 0 0 0
1513895290.31 10766 7139 9694 7422 3938 4038 1155 3832 8 10, 0 0 0 0 0 0 1 0 0 0
1513895291.33 5181 6086 7014 5129 2400 1278 21 1403 3 10, 0 0 0 0 0 0 1 0 0 0
1513895292.34 7378 9944 12693 8923 4365 2596 17 2315 7 11, 0 0 0 0 0 0 1 0 0 0
1513895293.38 9943 13173 22075 18221 14562 7427 18 6628 6 8, 0 0 0 0 0 0 1 0 0 0
1513895294.41 7501 11419 22265 20176 19299 7818 24 5947 15 19, 0 0 0 0 0 0 1 0 0 0
1513895295.43 7398 13414 21180 17800 18000 7826 19 4347 5 10, 0 0 0 0 0 0 1 0 0 0
1513895296.45 9718 15840 26618 24443 19005 8838 18 5573 7 12, 0 0 0 0 0 0 1 0 0 0
1513895297.48 10008 16335 29027 27672 20649 9075 17 6710 3 11, 0 0 0 0 0 0 1 0 0 0
1513895298.56 8005 15508 30459 31431 21701 7508 9 5956 1 4, 0 0 0 0 0 0 1 0 0 0
1513895299.61 3816 11670 25573 23603 12369 3910 6 5591 2 7, 0 0 0 0 0 0 1 0 0 0
1513895300.63 3039 8740 24250 21670 9621 1555 17 5366 6 13, 0 0 0 0 0 0 1 0 0 0
1513895301.7 3657 11879 27178 24127 9983 2025 7 5102 4 11, 0 0 0 0 0 0 1 0 0 0
1513895302.71 5325 14426 32127 32282 13413 2313 14 7533 7 17, 0 0 0 0 0 0 1 0 0 0
1513895303.73 1411 8124 20212 17410 6105 1164 13 4093 6 16, 0 0 0 0 0 0 1 0 0 0
1513895304.75 1484 6133 17318 15361 4534 458 16 4286 7 10, 0 0 0 0 0 0 1 0 0 0
1513895305.77 1320 4722 12378 9038 2534 100 19 2893 10 20, 0 0 0 0 0 0 1 0 0 0
1513895306.78 1701 2723 9768 8307 2836 107 15 3445 9 14, 0 0 0 0 0 0 1 0 0 0
1513895307.8 3255 5536 16890 12961 3798 78 10 5673 7 14, 0 0 0 0 0 0 1 0 0 0
1513895308.82 4948 6484 13843 7831 2594 218 13 7092 9 10, 0 0 0 0 0 0 1 0 0 0
1513895309.85 4816 5696 12846 8077 3345 77 13 7330 7 16, 0 0 0 0 0 0 1 0 0 0
1513895310.87 4887 5372 12366 7759 3468 1155 543 6658 5 9, 0 0 0 0 0 0 1 0 0 0
1513895311.89 6466 4674 14742 9595 3355 2997 1863 8323 7 15, 0 0 0 0 0 0 1 0 0 0
1513895312.94 8571 5652 19068 19079 9765 3634 1920 10285 6 14, 0 0 0 0 0 0 1 0 0 0
1513895313.99 6944 3819 18740 23169 14206 3207 1710 9209 6 17, 0 0 0 0 0 0 1 0 0 0
1513895315.01 4939 4215 17016 18346 10497 1753 1061 7225 3 8, 0 0 0 0 0 0 1 0 0 0
1513895316.04 7651 5461 19086 19411 9321 2042 2781 9702 6 12, 0 0 0 0 0 0 1 0 0 0
1513895317.06 4876 3964 12465 13399 6767 862 1086 5042 7 16, 0 0 0 0 0 0 1 0 0 0
1513895318.08 2062 704 4469 9822 7460 2035 18 727 8 14, 0 0 0 0 0 0 1 0 0 0
1513895319.1 2451 390 4014 9937 9147 4333 16 222 7 16, 0 0 0 0 0 0 1 0 0 0
1513895320.12 2811 238 3279 9216 10641 6360 27 378 18 26, 0 0 0 0 0 0 1 0 0 0
1513895321.14 2056 83 1342 5131 7200 4811 24 99 11 19, 0 0 0 0 0 0 1 0 0 0
1513895322.16 2027 2815 9344 11043 7811 2506 21 2057 9 21, 0 0 0 0 0 0 1 0 0 0
1513895323.18 2422 6792 17674 14781 9291 1379 19 4027 14 20, 0 0 0 0 0 0 1 0 0 0
1513895324.22 2544 9100 22436 19864 11312 1470 11 4448 6 14, 0 0 0 0 0 0 1 0 0 0
1513895325.24 5190 11639 31403 29918 20247 5097 31 8367 9 23, 0 0 0 0 0 0 1 0 0 0
1513895326.28 3263 5983 23111 22696 11253 2811 7 5684 5 9, 0 0 0 0 0 0 1 0 0 0
1513895327.3 4503 8586 24726 20970 7942 1624 6 6997 4 9, 0 0 0 0 0 0 1 0 0 0
1513895328.34 3463 10599 25290 18948 7674 895 10 5411 5 12, 0 0 0 0 0 0 1 0 0 0
1513895329.35 6340 13141 25860 18080 6342 1541 9 7098 2 9, 0 0 0 0 0 0 1 0 0 0
1513895330.37 8497 12325 24954 18147 6578 2667 6 8622 2 6, 0 0 0 0 0 0 1 0 0 0
1513895331.4 12484 11362 22386 17961 8766 5112 12 9571 2 11, 0 0 0 0 0 0 1 0 0 0
1513895332.43 9031 7353 16398 14703 6705 4158 7 6620 7 9, 0 0 0 0 0 0 1 0 0 0
1513895333.46 8056 7130 21814 21615 8916 4188 12 8078 6 11, 0 0 0 0 0 0 1 0 0 0
1513895334.5 6554 6242 19791 19962 9503 5002 12 6085 7 12, 0 0 0 0 0 0 1 0 0 0
1513895335.53 7141 8917 21607 21013 12714 6384 13 5373 11 22, 0 0 0 0 0 0 1 0 0 0
1513895336.57 5626 10764 24359 24230 15644 6786 22 4331 10 17, 0 0 0 0 0 0 1 0 0 0
1513895337.62 5607 11117 26961 27192 16528 6442 14 4596 7 16, 0 0 0 0 0 0 1 0 0 0
1513895338.63 4439 11348 24241 27776 16616 4265 9 3907 7 13, 0 0 0 0 0 0 1 0 0 0
1513895339.67 1369 10222 23563 27719 13132 2112 6 2231 6 10, 0 0 0 0 0 0 1 0 0 0
1513895340.71 932 11222 23785 27920 13919 1970 12 2250 4 8, 0 0 0 0 0 0 1 0 0 0
1513895341.74 2412 11035 19906 23666 8578 1511 16 2983 6 17, 0 0 0 0 0 0 1 0 0 0
1513895342.78 4312 17728 29784 32408 13576 2965 14 2828 7 15, 0 0 0 0 0 0 1 0 0 0
1513895343.79 6376 10252 17342 20214 15743 7191 7 3712 6 8, 0 0 0 0 0 0 1 0 0 0
1513895344.81 3945 6758 13325 18270 14675 5295 7 3734 2 7, 0 0 0 0 0 0 1 0 0 0
1513895345.82 5268 5742 8915 15209 15877 5527 38 1494 3 10, 0 0 0 0 0 0 1 0 0 0
1513895346.83 3109 4442 7707 11237 9274 4172 32 129 8 9, 0 0 0 0 0 0 1 0 0 0
1513895347.87 4577 3847 7167 9060 6732 3942 790 2333 13 17, 0 0 0 0 0 0 1 0 0 0
1513895348.91 6712 4277 11375 14740 12853 6607 2155 7046 8 12, 0 0 0 0 0 0 1 0 0 0
1513895349.93 3758 2534 7611 13201 14566 4110 1301 3254 9 14, 0 0 0 0 0 0 1 0 0 0
1513895350.96 5155 2672 9613 14687 18978 5608 1079 4378 13 14, 0 0 0 0 0 0 1 0 0 0
1513895352.0 6328 3634 12772 16405 20830 7064 1466 6762 9 14, 0 0 0 0 0 0 1 0 0 0
1513895353.04 5895 1999 10815 15324 17962 4657 1223 6627 5 14, 0 0 0 0 0 0 1 0 0 0
1513895354.1 4241 2077 7623 11667 13614 3334 894 4641 8 16, 0 0 0 0 0 0 1 0 0 0
1513895355.16 2875 1086 5803 8687 10774 2243 1409 4315 5 10, 0 0 0 0 0 0 1 0 0 0
1513895356.23 3424 3777 9349 10426 8434 2471 630 3828 4 8, 0 0 0 0 0 0 1 0 0 0
1513895357.25 4128 6107 12255 14641 14287 4485 330 4343 3 10, 0 0 0 0 0 0 1 0 0 0
1513895358.26 3746 7035 17200 22133 10272 2185 7 3061 4 11, 0 0 0 0 0 0 1 0 0 0
1513895359.28 2475 8239 17602 17891 9240 2895 8 1260 2 9, 0 0 0 0 0 0 1 0 0 0
1513895360.3 2703 10006 21595 20377 8850 2626 15 631 4 12, 0 0 0 0 0 0 1 0 0 0
1513895361.31 2045 7505 17857 19235 8792 2151 8 684 5 11, 0 0 0 0 0 0 1 0 0 0
1513895362.33 2660 8583 21128 20660 9072 2774 16 1337 7 16, 0 0 0 0 0 0 1 0 0 0
1513895363.36 4053 9584 27485 31206 16144 4618 9 2433 7 11, 0 0 0 0 0 0 1 0 0 0
1513895364.38 5794 10011 28084 34002 17759 6501 7 2763 3 7, 0 0 0 0 0 0 1 0 0 0
1513895365.4 5323 9392 26702 29700 19295 8445 10 3251 3 9, 0 0 0 0 0 0 1 0 0 0
1513895366.42 2736 8936 22620 24169 11094 2831 16 2380 7 13, 0 0 0 0 0 0 1 0 0 0
1513895367.44 1291 4918 15828 19462 8327 1885 19 2085 9 19, 0 0 0 0 0 0 1 0 0 0
1513895368.45 2012 8432 22097 21466 10492 2111 26 1815 13 22, 0 0 0 0 0 0 1 0 0 0
1513895369.47 392 4934 12603 13622 8451 2606 37 512 15 24, 0 0 0 0 0 0 1 0 0 0
1513895370.49 356 2634 7286 9242 7085 2357 23 453 14 22, 0 0 0 0 0 0 1 0 0 0
1513895371.51 864 1127 4653 7493 7802 2022 31 1535 10 17, 0 0 0 0 0 0 1 0 0 0
1513895372.53 624 75 2174 4483 7319 1631 24 1455 6 11, 0 0 0 0 0 0 1 0 0 0
1513895373.55 651 180 2105 2268 5482 1619 40 1704 10 29, 0 0 0 0 0 0 1 0 0 0
1513895374.57 840 213 2507 3036 5844 958 22 2100 7 13, 0 0 0 0 0 0 1 0 0 0
1513895375.6 1507 1423 6699 11703 13668 2863 17 1976 9 15, 0 0 0 0 0 0 1 0 0 0
1513895376.62 3057 2317 11143 16658 18134 5504 19 3873 10 19, 0 0 0 0 0 0 1 0 0 0
1513895377.63 2858 2179 12148 17455 16721 3423 16 4267 7 15, 0 0 0 0 0 0 1 0 0 0
1513895378.68 1912 1749 10530 14594 12430 2172 24 3518 8 16, 0 0 0 0 0 0 1 0 0 0
1513895379.7 2904 1638 11929 14290 10532 2454 16 4979 10 18, 0 0 0 0 0 0 1 0 0 0
1513895380.72 1928 1789 11634 12823 10249 2410 12 4148 5 15, 0 0 0 0 0 0 1 0 0 0
1513895381.73 1896 4517 16486 17666 11575 3520 27 4840 6 23, 0 0 0 0 0 0 1 0 0 0
1513895382.76 2720 3496 13781 15079 6995 1883 28 4947 15 30, 0 0 0 0 0 0 1 0 0 0
1513895383.77 5590 6952 14569 12449 6306 2598 23 4011 12 20, 0 0 0 0 0 0 1 0 0 0
1513895384.79 9705 12774 22385 16789 7703 4876 26 5386 16 28, 0 0 0 0 0 0 1 0 0 0
1513895385.81 10013 9801 16665 11671 5172 4565 9 5378 6 12, 0 0 0 0 0 0 1 0 0 0
1513895386.83 10685 10532 22299 15593 6775 4835 12 9156 5 11, 0 0 0 0 0 0 1 0 0 0
1513895387.84 9596 8608 18769 14169 5582 4202 14 7915 5 12, 0 0 0 0 0 0 1 0 0 0
1513895388.86 9441 7840 18284 13122 6858 5684 75 8001 3 10, 0 0 0 0 0 0 1 0 0 0
1513895389.88 5782 8127 15120 10655 4310 2684 10 4245 3 6, 0 0 0 0 0 0 1 0 0 0
1513895390.9 6203 6983 15986 10040 2930 2605 15 6377 7 15, 0 0 0 0 0 0 1 0 0 0
1513895391.91 3773 5546 12737 11380 6292 1674 13 5356 3 11, 0 0 0 0 0 0 1 0 0 0
1513895392.93 3756 4248 13077 10241 5103 1716 10 6407 4 9, 0 0 0 0 0 0 1 0 0 0
1513895393.95 3332 741 7271 5427 2824 1531 20 5887 8 16, 0 0 0 0 0 0 1 0 0 0
1513895394.96 3523 3371 6594 5196 2580 2075 22 3179 5 15, 0 0 0 0 0 0 1 0 0 0
1513895395.97 3523 2961 6497 5196 2271 1718 16 3176 5 10, 0 0 0 0 0 0 1 0 0 0
1513895396.98 3370 2515 6895 6471 4432 2318 20 4043 16 26, 0 0 0 0 0 0 1 0 0 0
1513895398.0 5079 5760 10048 7322 2483 1629 27 4317 10 23, 0 0 0 0 0 0 1 0 0 0
1513895399.02 6577 10403 13544 11232 3490 2075 235 4933 15 21, 0 0 0 0 0 0 1 0 0 0
1513895400.05 8981 12107 22600 17227 5088 2699 26 8709 11 18, 0 0 0 0 0 0 1 0 0 0
1513895401.06 5990 9890 22346 20968 6391 1489 18 8335 6 22, 0 0 0 0 0 0 1 0 0 0
1513895402.07 6214 10463 23257 20968 8233 1997 20 8609 6 22, 0 0 0 0 0 0 1 0 0 0
1513895403.08 4986 10851 27051 22299 9031 1604 12 8035 7 11, 0 0 0 0 0 0 1 0 0 0
1513895404.09 9482 13306 23543 19134 9642 3678 438 7963 7 12, 0 0 0 0 0 0 1 0 0 0
1513895405.11 13514 14276 29878 22540 10896 5145 889 10668 3 9, 0 0 0 0 0 0 1 0 0 0
1513895406.14 8522 11856 24750 21040 10871 2502 70 7734 3 7, 0 0 0 0 0 0 1 0 0 0
1513895407.16 11330 13326 26368 18911 8382 4318 181 8171 5 8, 0 0 0 0 0 0 1 0 0 0
1513895408.18 14199 12283 28506 21309 14057 7053 10 11011 3 10, 0 0 0 0 0 0 1 0 0 0
1513895409.19 13070 14429 30160 23042 15140 7412 14 9778 6 13, 0 0 0 0 0 0 1 0 0 0
1513895410.22 12723 14269 32954 29238 19958 7324 21 11620 9 27, 0 0 0 0 0 0 1 0 0 0
1513895411.24 10851 13672 29301 26546 16221 4190 26 10297 11 35, 0 0 0 0 0 0 1 0 0 0
1513895412.24 10214 10622 26434 24446 12955 5138 24 10299 7 18, 0 0 0 0 0 0 1 0 0 0
1513895413.29 8305 11726 26277 26018 14975 5040 12 8749 2 10, 0 0 0 0 0 0 1 0 0 0
1513895414.31 8769 11815 28035 27392 16452 5335 12 11045 2 9, 0 0 0 0 0 0 1 0 0 0
1513895415.32 14845 19364 44650 41592 23833 5160 16 18192 5 19, 0 0 0 0 0 0 1 0 0 0
1513895416.35 11673 11835 27407 26524 17535 5160 15 12290 5 20, 0 0 0 0 0 0 1 0 0 0
1513895417.36 8046 9952 22965 24640 14239 4435 12 8091 4 14, 0 0 0 0 0 0 1 0 0 0
1513895418.4 7773 12075 24445 25665 14848 4415 8 5764 4 8, 0 0 0 0 0 0 1 0 0 0
1513895419.47 3422 10835 26200 28772 12387 3050 15 4231 3 11, 0 0 0 0 0 0 1 0 0 0
1513895420.54 4247 11278 26028 27988 11549 2573 14 4830 8 19, 0 0 0 0 0 0 1 0 0 0
1513895421.63 4020 11409 22691 29719 10456 2890 14 2687 7 15, 0 0 0 0 0 0 1 0 0 0
1513895422.64 3750 10482 22046 25817 8975 1996 16 3478 6 16, 0 0 0 0 0 0 1 0 0 0
1513895423.69 1736 9899 24368 29014 11615 2148 17 2529 11 17, 0 0 0 0 0 0 1 0 0 0
1513895424.77 2053 9909 23941 29327 13549 3588 14 2360 5 12, 0 0 0 0 0 0 1 0 0 0
1513895425.8 2537 9677 25025 30408 10650 2327 23 3409 8 20, 0 0 0 0 0 0 1 0 0 0
1513895426.85 2876 8034 22680 29454 8419 1203 20 4933 4 18, 0 0 0 0 0 0 1 0 0 0
1513895427.88 4654 11105 39670 47612 18871 3431 18 9370 11 18, 0 0 0 0 0 0 1 0 0 0
1513895428.94 3662 5957 22939 26506 8882 1460 9 5400 5 11, 0 0 0 0 0 0 1 0 0 0
1513895429.97 5214 7447 24139 26698 9203 1655 11 6200 6 9, 0 0 0 0 0 0 1 0 0 0
1513895431.0 5579 6081 24634 28015 11831 4853 16 7247 9 18, 0 0 0 0 0 0 1 0 0 0
1513895432.01 4504 5846 20210 22838 9923 4948 19 6240 7 12, 0 0 0 0 0 0 1 0 0 0
1513895433.05 5907 5986 17691 17244 12624 11786 10 5428 5 12, 0 0 0 0 0 0 1 0 0 0
1513895434.08 5473 4939 11522 8592 10290 15363 15 4851 6 13, 0 0 0 0 0 0 1 0 0 0
1513895435.09 7849 5457 10312 5698 10743 14817 17 5175 9 24, 0 0 0 0 0 0 1 0 0 0
1513895436.12 7090 9247 11655 10890 18557 16894 23 593 14 26, 0 0 0 0 0 0 1 0 0 0
1513895437.15 7183 7380 11481 12505 21629 22780 24 1353 13 25, 0 0 0 0 0 0 1 0 0 0
1513895438.18 8767 7081 17316 17358 21381 25848 16 4570 9 19, 0 0 0 0 0 0 1 0 0 0
1513895439.21 6520 5200 16662 19923 19303 21918 12 4432 8 17, 0 0 0 0 0 0 1 0 0 0
1513895440.25 5516 3986 12513 17419 14915 21012 6 3347 2 9, 0 0 0 0 0 0 1 0 0 0
1513895441.26 5534 5143 14348 18187 14783 17246 9 3636 10 20, 0 0 0 0 0 0 1 0 0 0
1513895442.29 6954 8527 20077 21643 15950 14308 10 5579 4 8, 0 0 0 0 0 0 1 0 0 0
1513895443.35 10893 14087 23148 21345 16300 13484 12 5300 4 10, 0 0 0 0 0 0 1 0 0 0
1513895444.37 13479 16072 28338 27508 20420 14548 14 9277 4 14, 0 0 0 0 0 0 1 0 0 0
1513895445.38 5820 8312 13854 17284 12278 7209 6 4766 3 7, 0 0 0 0 0 0 1 0 0 0
1513895446.4 4985 4134 13595 11981 7745 4112 15 6788 6 13, 0 0 0 0 0 0 1 0 0 0
1513895447.41 5155 2972 12450 10034 6334 3145 22 7973 10 20, 0 0 0 0 0 0 1 0 0 0
1513895448.42 3190 2412 7905 7187 4871 2338 33 5140 10 24, 0 0 0 0 0 0 1 0 0 0
1513895449.44 2472 3485 6460 3271 1063 164 15 5717 9 13, 0 0 0 0 0 0 1 0 0 0
1513895450.45 2117 2439 4819 1503 91 72 29 4280 8 17, 0 0 0 0 0 0 1 0 0 0
1513895451.46 273 630 639 208 124 96 22 266 9 19, 0 0 0 0 0 0 1 0 0 0
1513895452.48 94 98 107 126 99 58 12 44 4 10, 0 0 0 0 0 0 1 0 0 0
1513895453.49 93 129 220 227 161 118 20 70 10 15, 0 0 0 0 0 0 1 0 0 0
1513895454.51 798 2018 1940 842 637 635 27 74 6 18, 0 0 0 0 0 0 1 0 0 0
1513895455.52 3943 5409 4997 1828 1525 2049 19 1803 6 18, 0 0 0 0 0 0 1 0 0 0
1513895456.54 4242 5077 2653 185 131 1338 17 1056 4 13, 0 0 0 0 0 0 1 0 0 0
1513895457.55 5794 3531 2713 130 115 1910 17 2260 5 14, 0 0 0 0 0 0 1 0 0 0
1513895458.56 3169 1923 2065 178 93 638 23 2061 11 20, 0 0 0 0 0 0 1 0 0 0
1513895459.58 3241 3643 5693 4829 4630 2723 27 1130 14 24, 0 0 0 0 0 0 1 0 0 0
1513895460.61 7007 7461 9389 6722 6973 4044 13 1543 7 14, 0 0 0 0 0 0 1 0 0 0
1513895461.64 7339 10596 15681 11259 9663 3845 27 3568 9 23, 0 0 0 0 0 0 1 0 0 0
1513895462.67 6987 11282 18333 15096 11002 4567 24 5081 7 20, 0 0 0 0 0 0 1 0 0 0
1513895463.69 6757 8976 23879 23015 11754 2018 12 8212 5 10, 0 0 0 0 0 0 1 0 0 0
1513895464.71 2172 3554 16001 20620 7240 789 8 5848 3 8, 0 0 0 0 0 0 1 0 0 0
1513895465.74 3280 3502 16059 17098 8812 1042 12 8269 10 19, 0 0 0 0 0 0 1 0 0 0
1513895466.76 3387 1887 11977 11192 6207 1238 20 7987 10 20, 0 0 0 0 0 0 1 0 0 0
1513895467.78 2942 458 8469 9831 7694 3706 17 6920 9 12, 0 0 0 0 0 0 1 0 0 0
1513895468.79 2881 711 8329 10052 5562 3968 20 5989 7 19, 0 0 0 0 0 0 1 0 0 0
1513895469.81 2050 1131 6620 7175 5720 3604 19 3801 9 18, 0 0 0 0 0 0 1 0 0 0
1513895470.82 5007 3919 12378 12908 13319 9471 31 3823 12 24, 0 0 0 0 0 0 1 0 0 0
1513895471.84 4306 5156 11548 11608 13915 13268 17 127 8 26, 0 0 0 0 0 0 1 0 0 0
1513895472.87 4581 4286 10740 10714 13115 13683 12 47 9 14, 0 0 0 0 0 0 1 0 0 0
1513895473.89 4045 4209 9704 12341 14888 12925 13 48 10 15, 0 0 0 0 0 0 1 0 0 0
1513895474.93 4206 4496 13845 15762 13404 8789 20 2959 8 18, 0 0 0 0 0 0 1 0 0 0
1513895475.95 4580 3458 13704 12940 7997 3941 12 6183 7 11, 0 0 0 0 0 0 1 0 0 0
1513895476.97 5202 2268 10344 9722 5209 2389 15 6774 10 13, 0 0 0 0 0 0 1 0 0 0
1513895478.0 5067 2581 10852 8996 4769 2042 25 6871 9 23, 0 0 0 0 0 0 1 0 0 0
1513895479.01 1912 3000 11934 8318 3256 975 28 4162 7 22, 0 0 0 0 0 0 1 0 0 0
1513895480.04 1461 5002 14638 10714 4041 729 17 3690 7 11, 0 0 0 0 0 0 1 0 0 0
1513895481.08 1521 5831 16242 12136 4510 543 35 3341 11 35, 0 0 0 0 0 0 1 0 0 0
1513895482.15 1207 5830 16352 8894 1861 57 13 3465 5 12, 0 0 0 0 0 0 1 0 0 0
1513895483.3 629 2355 13356 6043 1127 65 10 2658 5 10, 0 0 0 0 0 0 1 0 0 0
1513895484.35 632 2336 11816 5036 1360 60 13 1794 8 9, 0 0 0 0 0 0 1 0 0 0
1513895485.38 839 1769 10948 3612 529 97 13 1444 6 12, 0 0 0 0 0 0 1 0 0 0
1513895486.39 915 6483 14034 7320 1402 78 14 1836 2 7, 0 0 0 0 0 0 1 0 0 0
1513895487.42 714 1729 11653 14569 6697 1208 6 1197 3 6, 0 0 0 0 0 0 1 0 0 0
1513895488.45 138 731 6109 9799 5138 907 16 353 6 9, 0 0 0 0 0 0 1 0 0 0
1513895489.46 58 68 6424 10618 4690 580 19 86 10 12, 0 0 0 0 0 0 1 0 0 0
1513895490.47 2239 1102 4374 6016 3010 1592 27 894 8 14, 0 0 0 0 0 0 1 0 0 0
1513895491.49 2873 1344 2637 3901 2743 2270 33 762 10 13, 0 0 0 0 0 0 1 0 0 0
1513895492.5 2014 875 1096 2437 2377 2034 45 144 12 20, 0 0 0 0 0 0 1 0 0 0
1513895493.52 2773 688 947 2546 1988 1941 34 111 12 18, 0 0 0 0 0 0 1 0 0 0
1513895494.53 2425 406 631 2304 1197 1649 20 128 7 20, 0 0 0 0 0 0 1 0 0 0
1513895495.55 2044 290 210 2075 944 1242 13 94 9 11, 0 0 0 0 0 0 1 0 0 0
1513895496.56 82 93 192 749 533 124 25 73 10 15, 0 0 0 0 0 0 1 0 0 0
1513895497.57 77 73 201 188 121 103 17 83 9 15, 0 0 0 0 0 0 1 0 0 0
1513895498.58 115 73 172 130 113 105 14 103 9 13, 0 0 0 0 0 0 1 0 0 0
1513895499.6 45 54 144 108 65 60 18 64 9 18, 0 0 0 0 0 0 1 0 0 0
1513895500.62 522 225 1919 2425 1053 168 15 1044 7 16, 0 0 0 0 0 0 1 0 0 0
1513895501.64 136 188 1788 5718 3516 586 14 65 6 6, 0 0 0 0 0 0 1 0 0 0
1513895502.65 1076 812 5498 14729 12436 3013 11 993 7 11, 0 0 0 0 0 0 1 0 0 0
1513895503.69 1666 1143 7966 17497 15406 4105 16 1411 7 15, 0 0 0 0 0 0 1 0 0 0
1513895504.77 2814 1803 11421 24455 24140 6953 20 2220 9 16, 0 0 0 0 0 0 1 0 0 0
1513895505.78 4693 3666 19475 25408 22914 6981 17 5572 10 20, 0 0 0 0 0 0 1 0 0 0
1513895506.8 1477 1943 14966 16858 20347 3536 12 3430 5 15, 0 0 0 0 0 0 1 0 0 0
1513895507.82 2073 3315 21304 23960 18444 3227 14 4208 6 12, 0 0 0 0 0 0 1 0 0 0
1513895508.86 2448 1888 21071 19217 15336 3231 14 4505 8 19, 0 0 0 0 0 0 1 0 0 0
1513895509.89 3380 4130 22521 25491 17461 3333 15 4719 8 22, 0 0 0 0 0 0 1 0 0 0
1513895510.93 1491 1628 16774 14791 7531 1109 34 3378 9 41, 0 0 0 0 0 0 1 0 0 0
1513895511.96 1276 1955 20366 21192 12532 1252 17 3976 6 11, 0 0 0 0 0 0 1 0 0 0
1513895512.97 945 1735 13051 12413 9163 1668 14 3634 4 16, 0 0 0 0 0 0 1 0 0 0
1513895513.99 2010 3108 15632 17240 12059 2572 6 4415 3 13, 0 0 0 0 0 0 1 0 0 0
1513895515.02 756 3395 12467 16538 10571 2539 11 1555 5 9, 0 0 0 0 0 0 1 0 0 0
1513895516.03 3351 3668 10259 11314 5766 2154 14 1398 6 15, 0 0 0 0 0 0 1 0 0 0
1513895517.07 7354 3348 11147 11875 6457 5123 11 3438 4 10, 0 0 0 0 0 0 1 0 0 0
1513895518.08 6517 4588 11536 9303 5031 3707 9 4032 5 9, 0 0 0 0 0 0 1 0 0 0
1513895519.09 6138 4399 10598 8826 4662 3780 21 3495 9 16, 0 0 0 0 0 0 1 0 0 0
1513895520.11 7935 5132 14153 10047 4791 2867 19 8434 9 11, 0 0 0 0 0 0 1 0 0 0
1513895521.12 8126 6513 18748 11877 4037 1294 13 10400 8 14, 0 0 0 0 0 0 1 0 0 0
1513895522.14 8509 7605 21745 16386 6103 1467 18 10565 9 14, 0 0 0 0 0 0 1 0 0 0
1513895523.15 8068 6509 19024 9865 3304 837 27 11819 8 23, 0 0 0 0 0 0 1 0 0 0
1513895524.17 5089 4030 13403 5184 1110 651 18 7742 6 22, 0 0 0 0 0 0 1 0 0 0
1513895525.18 6695 4058 14105 5790 1275 558 14 10252 6 12, 0 0 0 0 0 0 1 0 0 0
1513895526.21 2520 2921 11489 5377 1053 53 17 5915 7 14, 0 0 0 0 0 0 1 0 0 0
1513895527.22 1864 2375 8759 5462 1796 455 18 3980 6 16, 0 0 0 0 0 0 1 0 0 0
1513895528.24 936 1698 5734 3259 662 118 118 2284 3 12, 0 0 0 0 0 0 1 0 0 0
1513895529.25 768 1063 3129 1163 262 81 19 1890 9 20, 0 0 0 0 0 0 1 0 0 0
1513895530.26 388 133 744 128 77 69 12 913 6 18, 0 0 0 0 0 0 1 0 0 0
1513895531.27 323 64 1064 2294 2113 653 23 471 8 19, 0 0 0 0 0 0 1 0 0 0
1513895532.29 1764 1223 6216 9063 5530 615 19 2815 6 13, 0 0 0 0 0 0 1 0 0 0
1513895533.3 2100 1613 11990 16466 11662 3179 28 4629 6 19, 0 0 0 0 0 0 1 0 0 0
1513895534.32 2389 3350 15333 22441 15262 3776 24 3689 5 15, 0 0 0 0 0 0 1 0 0 0
1513895535.35 2964 3132 16167 26095 18706 5934 22 4803 7 24, 0 0 0 0 0 0 1 0 0 0
1513895536.38 2523 2592 15709 29488 24410 5820 10 4504 2 13, 0 0 0 0 0 0 1 0 0 0
1513895537.4 1477 1740 12198 26709 23133 5554 15 3404 5 15, 0 0 0 0 0 0 1 0 0 0
1513895538.41 1689 3514 14909 28856 26040 5368 21 3067 5 18, 0 0 0 0 0 0 1 0 0 0
1513895539.43 1633 1987 12359 25193 25409 3764 12 4099 3 17, 0 0 0 0 0 0 1 0 0 0
1513895540.45 1300 3402 13121 22998 21204 3014 11 3155 6 17, 0 0 0 0 0 0 1 0 0 0
1513895541.47 3429 5385 20573 30987 26821 7224 16 4877 3 13, 0 0 0 0 0 0 1 0 0 0
1513895542.5 5266 10786 37960 52419 42918 11155 19 6007 4 17, 0 0 0 0 0 0 1 0 0 0
1513895543.52 5081 8405 28246 37770 27264 4911 10 6184 4 11, 0 0 0 0 0 0 1 0 0 0
1513895544.54 5982 9114 28698 36575 24960 5554 9 5413 4 12, 0 0 0 0 0 0 1 0 0 0
1513895545.56 4728 8688 26926 32062 21051 5360 13 3403 4 12, 0 0 0 0 0 0 1 0 0 0
1513895546.63 5465 10267 28338 33121 20941 5355 18 4720 5 14, 0 0 0 0 0 0 1 0 0 0
1513895547.65 6952 11294 26616 29365 22586 8964 14 4274 5 13, 0 0 0 0 0 0 1 0 0 0
1513895548.66 6587 8936 23592 26507 21234 8811 12 6890 5 17, 0 0 0 0 0 0 1 0 0 0
1513895549.7 6102 6347 25765 32712 22258 6689 7 8155 7 11, 0 0 0 0 0 0 1 0 0 0
1513895550.71 6575 5839 22381 27267 21645 8302 14 8565 5 20, 0 0 0 0 0 0 1 0 0 0
1513895551.73 7438 5196 18813 25016 21161 9075 14 8020 9 16, 0 0 0 0 0 0 1 0 0 0
1513895552.74 5704 4537 15693 24873 18770 6971 20 4443 7 18, 0 0 0 0 0 0 1 0 0 0
1513895553.76 3639 4175 16231 25747 19510 7006 28 2402 9 21, 0 0 0 0 0 0 1 0 0 0
1513895554.78 4416 4651 16437 25409 22625 10867 18 2732 8 24, 0 0 0 0 0 0 1 0 0 0
1513895555.79 4742 4441 13652 21870 22611 7979 17 2224 5 12, 0 0 0 0 0 0 1 0 0 0
1513895556.81 2779 1873 8075 14860 21385 6092 8 2194 6 11, 0 0 0 0 0 0 1 0 0 0
1513895557.82 3079 2846 13434 20137 22478 7571 13 3024 5 13, 0 0 0 0 0 0 1 0 0 0
1513895558.83 2321 2707 11363 20426 25118 7717 12 1653 6 16, 0 0 0 0 0 0 1 0 0 0
1513895559.84 1554 2383 11410 20096 27733 7272 13 1249 3 13, 0 0 0 0 0 0 1 0 0 0
1513895560.86 2090 2670 12567 21826 26241 6579 16 2051 6 12, 0 0 0 0 0 0 1 0 0 0
1513895561.87 1429 1809 11341 22228 26942 6156 13 2395 4 10, 0 0 0 0 0 0 1 0 0 0
1513895562.89 798 1327 8228 18990 21606 3792 14 1744 4 14, 0 0 0 0 0 0 1 0 0 0
1513895563.9 773 1386 10085 19013 16076 2989 10 884 1 5, 0 0 0 0 0 0 1 0 0 0
1513895564.91 3267 3982 12875 19972 13832 4198 10 997 3 12, 0 0 0 0 0 0 1 0 0 0
1513895565.92 2705 4607 11390 14887 9210 3016 13 86 4 13, 0 0 0 0 0 0 1 0 0 0
1513895566.95 3040 4288 12443 15786 9608 1915 11 1942 2 14, 0 0 0 0 0 0 1 0 0 0
1513895567.97 2895 3828 12776 16238 9990 977 17 1742 4 16, 0 0 0 0 0 0 1 0 0 0
1513895568.99 2170 3500 10883 14194 11450 2734 12 1611 5 12, 0 0 0 0 0 0 1 0 0 0
1513895570.01 3726 3095 9908 12977 11575 4582 16 3300 3 12, 0 0 0 0 0 0 1 0 0 0
1513895571.03 9272 6727 18947 22923 20545 11986 18 5658 3 7, 0 0 0 0 0 0 1 0 0 0
1513895572.04 9668 5860 14319 18140 17778 9654 6 4671 3 7, 0 0 0 0 0 0 1 0 0 0
1513895573.05 11695 5317 16015 18959 17637 8116 9 7741 2 4, 0 0 0 0 0 0 1 0 0 0
1513895574.07 9773 4434 17326 20795 18644 7454 9 7977 1 1, 0 0 0 0 0 0 1 0 0 0
1513895575.09 8021 5534 18463 20566 14075 5474 5 8160 2 7, 0 0 0 0 0 0 1 0 0 0
1513895576.1 8377 3907 17608 20004 13451 4885 12 9927 6 12, 0 0 0 0 0 0 1 0 0 0
1513895577.12 8010 3898 17485 22555 18658 6276 15 10048 4 16, 0 0 0 0 0 0 1 0 0 0
1513895578.15 6497 7362 24873 29512 19569 4730 17 8717 5 14, 0 0 0 0 0 0 1 0 0 0
1513895579.17 6443 7528 22009 23818 19870 5487 10 7965 4 8, 0 0 0 0 0 0 1 0 0 0
1513895580.19 6928 9405 25830 27083 19590 2817 16 9149 4 14, 0 0 0 0 0 0 1 0 0 0
1513895581.22 7605 11555 29214 31691 20991 3326 11 11986 7 16, 0 0 0 0 0 0 1 0 0 0
1513895582.25 7853 10603 27611 26055 15682 3079 21 10119 6 18, 0 0 0 0 0 0 1 0 0 0
1513895583.27 5387 10949 26638 25566 17734 3715 12 7328 5 11, 0 0 0 0 0 0 1 0 0 0
1513895584.28 5063 9983 25019 23657 17318 3892 17 7258 3 12, 0 0 0 0 0 0 1 0 0 0
1513895585.32 3793 10078 26620 24505 21788 6741 21 7152 7 15, 0 0 0 0 0 0 1 0 0 0
1513895586.34 6387 9671 26765 29383 26957 10317 17 8112 5 13, 0 0 0 0 0 0 1 0 0 0
1513895587.35 5804 8325 26502 28654 22240 8100 8 8474 3 9, 0 0 0 0 0 0 1 0 0 0
1513895588.37 7908 6161 20773 22080 17231 8144 11 9424 5 13, 0 0 0 0 0 0 1 0 0 0
1513895589.38 3863 4396 17214 19358 13325 3935 13 6503 6 13, 0 0 0 0 0 0 1 0 0 0
1513895590.4 3250 3892 15939 18897 18581 4893 21 5747 10 17, 0 0 0 0 0 0 1 0 0 0
1513895591.41 2106 3411 14395 22289 20137 3820 25 3878 13 27, 0 0 0 0 0 0 1 0 0 0
1513895592.43 3157 3659 16702 25299 21432 6323 17 5041 9 23, 0 0 0 0 0 0 1 0 0 0
1513895593.44 2643 3265 15073 24756 22281 5423 22 4401 11 18, 0 0 0 0 0 0 1 0 0 0
1513895594.46 2926 4255 18836 27928 20881 3109 26 5724 5 12, 0 0 0 0 0 0 1 0 0 0
1513895595.48 2385 3952 16065 24850 22649 3174 15 4348 5 19, 0 0 0 0 0 0 1 0 0 0
1513895596.48 1541 3219 15275 23861 21008 1756 19 4981 2 10, 0 0 0 0 0 0 1 0 0 0
1513895597.49 1957 3358 15800 22530 24214 2906 28 4962 7 18, 0 0 0 0 0 0 1 0 0 0
1513895598.51 1987 5046 16188 18674 15053 1725 19 4333 4 17, 0 0 0 0 0 0 1 0 0 0
1513895599.54 6406 13005 28664 23412 14881 2616 6 8014 6 16, 0 0 0 0 0 0 1 0 0 0
1513895600.55 5187 17816 32524 22844 11438 1910 23 6898 3 16, 0 0 0 0 0 0 1 0 0 0
1513895601.57 5271 16187 24564 21910 9135 1683 12 3847 4 12, 0 0 0 0 0 0 1 0 0 0
1513895602.59 6674 10530 18296 15927 14235 6574 14 6258 4 8, 0 0 0 0 0 0 1 0 0 0
1513895603.6 4779 7823 15670 15228 16130 8036 13 5259 3 13, 0 0 0 0 0 0 1 0 0 0
1513895604.62 6875 10040 13863 12580 13434 8176 7 4192 4 11, 0 0 0 0 0 0 1 0 0 0
1513895605.64 7466 9898 15778 15533 13254 8318 17 3433 7 12, 0 0 0 0 0 0 1 0 0 0
1513895606.64 7496 9401 21091 19996 16729 10656 12 3207 7 9, 0 0 0 0 0 0 1 0 0 0
1513895607.65 8665 10871 21924 21905 19133 13423 11 3606 3 7, 0 0 0 0 0 0 1 0 0 0
1513895608.67 8315 11283 25278 23333 20531 12717 9 5331 2 10, 0 0 0 0 0 0 1 0 0 0
1513895609.69 7522 11641 26462 20224 14609 11194 16 7177 5 6, 0 0 0 0 0 0 1 0 0 0
1513895610.72 7833 9692 25238 24270 18992 10558 7 7480 1 5, 0 0 0 0 0 0 1 0 0 0
1513895611.75 5885 8674 24634 23165 16537 7841 4 8009 2 3, 0 0 0 0 0 0 1 0 0 0
1513895612.76 7334 8594 22071 20348 14283 7257 158 8853 1 8, 0 0 0 0 0 0 1 0 0 0
1513895613.77 8433 7881 23025 20888 12858 3856 26 10988 4 8, 0 0 0 0 0 0 1 0 0 0
1513895614.79 13703 6540 25458 27947 17609 8319 3201 13980 3 8, 0 0 0 0 0 0 1 0 0 0
1513895615.81 10586 6250 25875 25122 18739 4626 1592 12261 10 15, 0 0 0 0 0 0 1 0 0 0
1513895616.83 9741 5652 26545 30726 20314 6016 235 8872 7 17, 0 0 0 0 0 0 1 0 0 0
1513895617.84 7371 4796 23884 25042 19576 5105 154 8676 4 6, 0 0 0 0 0 0 1 0 0 0
1513895618.85 9139 6275 26181 30404 20785 5923 1070 9548 6 12, 0 0 0 0 0 0 1 0 0 0
1513895619.87 4853 3701 24817 24502 17427 3074 16 7594 8 24, 0 0 0 0 0 0 1 0 0 0
1513895620.88 3524 4896 26013 25392 18026 2077 12 6666 4 12, 0 0 0 0 0 0 1 0 0 0
1513895621.89 3085 7068 26285 23505 16967 3403 18 6767 9 17, 0 0 0 0 0 0 1 0 0 0
1513895622.92 3931 7613 26819 24005 15328 1729 13 7648 8 12, 0 0 0 0 0 0 1 0 0 0
1513895623.93 4322 7691 24413 19842 14204 2904 11 7850 4 16, 0 0 0 0 0 0 1 0 0 0
1513895624.94 5822 10791 27632 22214 14109 5381 9 8964 6 14, 0 0 0 0 0 0 1 0 0 0
1513895625.96 8737 12506 28560 23878 11995 3221 6 9708 5 15, 0 0 0 0 0 0 1 0 0 0
1513895626.98 8819 11963 27788 24990 11456 2812 5 10175 2 4, 0 0 0 0 0 0 1 0 0 0
1513895627.99 10694 9357 23209 17999 8861 3791 8 11323 2 9, 0 0 0 0 0 0 1 0 0 0
1513895629.0 6638 5550 18022 17247 10696 2786 7 7515 5 9, 0 0 0 0 0 0 1 0 0 0
1513895630.02 9730 7386 15957 18864 13920 5531 5 7364 5 7, 0 0 0 0 0 0 1 0 0 0
1513895631.04 10467 5884 17266 18592 13990 5502 12 8967 4 11, 0 0 0 0 0 0 1 0 0 0
1513895632.06 11200 5360 13480 10367 15464 6186 6 10119 5 11, 0 0 0 0 0 0 1 0 0 0
1513895633.19 11707 3989 12592 9648 15467 8615 18 9782 11 26, 0 0 0 0 0 0 1 0 0 0
1513895634.21 14960 5437 23566 25493 31690 14059 22 13857 8 20, 0 0 0 0 0 0 1 0 0 0
1513895635.29 8737 2800 14585 15951 22879 9381 10 8186 6 12, 0 0 0 0 0 0 1 0 0 0
1513895636.35 8997 3616 16886 20166 20497 8109 9 10250 6 10, 0 0 0 0 0 0 1 0 0 0
1513895637.38 6153 1652 14290 16073 20122 5705 4 7085 6 9, 0 0 0 0 0 0 1 0 0 0
1513895638.44 6570 3057 14022 20568 23715 6067 9 5456 3 8, 0 0 0 0 0 0 1 0 0 0
1513895639.46 5156 4932 15742 27959 28539 6732 10 4470 4 8, 0 0 0 0 0 0 1 0 0 0
1513895640.47 3883 8217 15769 23333 22975 5084 15 2391 2 8, 0 0 0 0 0 0 1 0 0 0
1513895641.49 4814 10045 21206 27421 25296 7655 4 2973 3 7, 0 0 0 0 0 0 1 0 0 0
1513895642.52 5358 11256 21003 21426 17210 8325 11 3383 4 13, 0 0 0 0 0 0 1 0 0 0
1513895643.55 5006 7952 15908 16166 15991 8966 9 3844 2 7, 0 0 0 0 0 0 1 0 0 0
1513895644.58 3277 6979 14576 16561 15293 6811 12 2856 6 12, 0 0 0 0 0 0 1 0 0 0
1513895645.61 3337 7563 14504 14390 11975 5342 10 3010 4 8, 0 0 0 0 0 0 1 0 0 0
1513895646.64 3389 10112 16862 15989 18407 9639 20 4154 6 11, 0 0 0 0 0 0 1 0 0 0
1513895647.65 6070 8778 21029 28331 22574 7499 14 5518 10 7, 0 0 0 0 0 0 1 0 0 0
1513895648.66 7391 9175 18516 24272 21824 5765 11 7019 4 7, 0 0 0 0 0 0 1 0 0 0
1513895649.68 9378 10010 22358 27925 25182 8707 20 9428 11 22, 0 0 0 0 0 0 1 0 0 0
1513895650.69 6358 9649 22374 26191 20067 5788 106 8492 3 14, 0 0 0 0 0 0 1 0 0 0
1513895651.71 6807 12384 22667 25585 18972 4738 33 7284 7 10, 0 0 0 0 0 0 1 0 0 0
1513895652.72 7980 10919 23684 24291 16633 4966 21 7905 4 7, 0 0 0 0 0 0 1 0 0 0
1513895653.74 7024 11079 21435 21031 16926 4105 25 6951 9 11, 0 0 0 0 0 0 1 0 0 0
1513895654.75 5288 11726 20741 21362 14512 4138 10 5876 7 15, 0 0 0 0 0 0 1 0 0 0
1513895655.77 4880 10341 17719 20844 15582 2828 12 6290 4 8, 0 0 0 0 0 0 1 0 0 0
1513895656.78 6870 11847 16726 16960 11935 3520 8 7369 3 7, 0 0 0 0 0 0 1 0 0 0
1513895657.82 11345 9910 13840 11967 9276 6773 9 6444 2 7, 0 0 0 0 0 0 1 0 0 0
1513895658.83 9949 7765 7578 7526 8700 8231 14 2485 3 10, 0 0 0 0 0 0 1 0 0 0
1513895659.85 9405 8663 11900 11241 10421 8226 14 2866 6 11, 0 0 0 0 0 0 1 0 0 0
1513895660.87 6971 10071 15247 15897 15521 6544 12 2684 7 18, 0 0 0 0 0 0 1 0 0 0
1513895661.89 7756 10712 17688 22205 19625 7197 13 4474 7 14, 0 0 0 0 0 0 1 0 0 0
1513895662.9 7591 10736 15088 21770 24336 7235 7 4300 5 7, 0 0 0 0 0 0 1 0 0 0
1513895663.92 8858 10428 18175 25858 24241 8151 17 6465 7 20, 0 0 0 0 0 0 1 0 0 0
1513895664.93 10819 10120 18821 23600 22095 7924 12 7295 4 15, 0 0 0 0 0 0 1 0 0 0
1513895665.96 12708 11677 21707 24957 21013 9727 22 8931 5 16, 0 0 0 0 0 0 1 0 0 0
1513895666.99 14268 8648 21061 20934 17507 7670 14 12445 3 10, 0 0 0 0 0 0 1 0 0 0
1513895668.0 11367 6780 17268 15744 12333 4487 9 10897 3 6, 0 0 0 0 0 0 1 0 0 0
1513895669.02 13855 8317 20026 17867 12913 7097 8 14176 3 8, 0 0 0 0 0 0 1 0 0 0
1513895670.04 19094 8743 24972 23041 17725 9914 8 17411 4 8, 0 0 0 0 0 0 1 0 0 0
1513895671.05 17266 6545 20685 21049 16011 10139 4 15729 1 5, 0 0 0 0 0 0 1 0 0 0
1513895672.06 15812 8311 19858 19505 15984 10363 7 13308 2 9, 0 0 0 0 0 0 1 0 0 0
1513895673.1 12481 8814 19104 19007 13607 9337 20 8152 4 21, 0 0 0 0 0 0 1 0 0 0
1513895674.12 10887 9602 19677 23381 18825 11275 29 5062 8 25, 0 0 0 0 0 0 1 0 0 0
1513895675.13 8277 7434 19097 24086 20845 10169 14 5288 4 13, 0 0 0 0 0 0 1 0 0 0
1513895676.16 5600 6358 18833 25141 24988 13673 25 4508 7 18, 0 0 0 0 0 0 1 0 0 0
1513895677.19 5464 4580 16391 24530 25024 13508 14 4871 8 12, 0 0 0 0 0 0 1 0 0 0
1513895678.23 9454 7278 27320 38143 40203 20894 20 9198 9 14, 0 0 0 0 0 0 1 0 0 0
1513895679.28 3568 4033 16508 23453 23297 7188 26 4044 8 14, 0 0 0 0 0 0 1 0 0 0
1513895680.32 2457 4454 18299 27102 22231 5243 21 3991 4 12, 0 0 0 0 0 0 1 0 0 0
1513895681.37 1960 4014 20440 28369 23081 5078 10 4282 6 10, 0 0 0 0 0 0 1 0 0 0
1513895682.42 2002 3212 20997 24979 19935 5500 5 4226 4 10, 0 0 0 0 0 0 1 0 0 0
1513895683.48 2597 4140 24027 29529 21484 5234 16 5163 6 13, 0 0 0 0 0 0 1 0 0 0
1513895684.54 2931 2461 24474 25993 18871 2845 8 5942 2 6, 0 0 0 0 0 0 1 0 0 0
1513895685.58 2460 4058 26421 26990 14596 693 10 6382 4 14, 0 0 0 0 0 0 1 0 0 0
1513895686.59 2591 3596 22954 21116 10247 260 3 7132 3 7, 0 0 0 0 0 0 1 0 0 0
1513895687.6 2842 5500 25454 26068 11972 860 9 6780 2 11, 0 0 0 0 0 0 1 0 0 0
1513895688.63 2206 3643 17832 19199 10230 1812 6 5416 1 6, 0 0 0 0 0 0 1 0 0 0
1513895689.66 2323 2723 16304 18395 10490 2519 10 3887 8 14, 0 0 0 0 0 0 1 0 0 0
1513895690.68 2327 1979 16009 13191 9736 2334 11 4752 4 12, 0 0 0 0 0 0 1 0 0 0
1513895691.71 2363 4037 14687 15910 10800 3963 14 3167 6 13, 0 0 0 0 0 0 1 0 0 0
1513895692.73 1883 6611 17844 22963 17240 5334 25 1466 15 22, 0 0 0 0 0 0 1 0 0 0
1513895693.77 1170 4717 11504 14388 11357 4085 9 101 3 8, 0 0 0 0 0 0 1 0 0 0
1513895694.8 1324 4534 11907 14409 10706 4390 16 411 8 13, 0 0 0 0 0 0 1 0 0 0
1513895695.82 1557 4227 11134 13044 11604 4588 14 1156 8 12, 0 0 0 0 0 0 1 0 0 0
1513895696.84 2538 3884 11400 13950 12451 5930 8 2130 4 9, 0 0 0 0 0 0 1 0 0 0
1513895697.86 2220 3894 12071 13783 11066 3782 5 2622 5 7, 0 0 0 0 0 0 1 0 0 0
1513895698.89 2991 2976 10581 13281 11190 4698 6 3586 6 9, 0 0 0 0 0 0 1 0 0 0
1513895699.95 2648 2874 11655 16805 15431 5453 16 2754 7 16, 0 0 0 0 0 0 1 0 0 0
1513895701.04 2303 3336 13256 17398 18131 4837 2 3642 3 5, 0 0 0 0 0 0 1 0 0 0
1513895702.07 3869 6541 19700 20885 17897 4178 12 5178 4 10, 0 0 0 0 0 0 1 0 0 0
1513895703.1 5407 9768 22572 21067 17878 5310 7 3013 2 8, 0 0 0 0 0 0 1 0 0 0
1513895704.12 5607 10464 24956 23925 20192 8498 11 4898 3 7, 0 0 0 0 0 0 1 0 0 0
1513895705.16 5473 11980 27595 23167 16533 8362 14 5629 4 8, 0 0 0 0 0 0 1 0 0 0
1513895706.19 7123 15501 29558 24686 22987 12764 21 5802 10 16, 0 0 0 0 0 0 1 0 0 0
1513895707.23 2156 3327 9514 5651 2626 4666 12 1138 4 16, 0 0 0 0 0 0 1 0 0 0
1513895708.27 8198 8346 15190 10550 10117 10814 23 5229 12 26, 0 0 0 0 0 0 1 0 0 0
1513895709.29 4052 5611 12089 8244 6583 8206 11 2203 10 23, 0 0 0 0 0 0 1 0 0 0
1513895710.32 9235 7621 13766 11730 17546 19228 10 3283 7 17, 0 0 0 0 0 0 1 0 0 0
1513895711.34 9043 6812 14330 18821 20239 15060 10 3298 8 13, 0 0 0 0 0 0 1 0 0 0
1513895712.36 5133 6521 16094 21421 20361 12924 11 2232 4 10, 0 0 0 0 0 0 1 0 0 0
1513895713.38 6598 5217 14148 21417 18098 8919 12 3034 8 19, 0 0 0 0 0 0 1 0 0 0
1513895714.4 5949 4175 15606 22161 18670 8609 12 5004 8 16, 0 0 0 0 0 0 1 0 0 0
1513895715.42 5805 4031 16312 22657 20388 9872 14 5833 9 19, 0 0 0 0 0 0 1 0 0 0
1513895716.45 4663 4152 14197 20834 17950 8609 13 3217 7 16, 0 0 0 0 0 0 1 0 0 0
1513895717.49 4103 4397 15315 22648 25709 15953 25 2049 7 15, 0 0 0 0 0 0 1 0 0 0
1513895718.5 4606 5866 15431 22382 31785 21246 26 1643 10 26, 0 0 0 0 0 0 1 0 0 0
1513895719.51 6305 9080 18895 24590 32425 24586 12 1270 5 19, 0 0 0 0 0 0 1 0 0 0
1513895720.55 6841 8448 17579 23510 29700 22111 14 2107 4 16, 0 0 0 0 0 0 1 0 0 0
1513895721.57 6663 9270 21309 25775 28606 19710 16 3442 5 17, 0 0 0 0 0 0 1 0 0 0
1513895722.6 8373 11054 22101 26253 28692 18831 16 3868 7 20, 0 0 0 0 0 0 1 0 0 0
1513895723.62 8561 11825 20524 21639 25895 17349 9 2506 5 9, 0 0 0 0 0 0 1 0 0 0
1513895724.64 8803 11810 19979 16945 15002 11118 10 3892 7 16, 0 0 0 0 0 0 1 0 0 0
1513895725.7 9745 14027 20113 15005 14290 11274 10 3051 7 17, 0 0 0 0 0 0 1 0 0 0
1513895726.76 7959 11869 16790 11643 8109 7836 9 2072 4 8, 0 0 0 0 0 0 1 0 0 0
1513895727.78 5392 7975 14411 9939 4247 4418 11 2340 7 21, 0 0 0 0 0 0 1 0 0 0
1513895728.81 3859 11130 20147 12011 3559 1063 15 3563 8 16, 0 0 0 0 0 0 1 0 0 0
1513895729.82 851 5048 10044 5688 2587 907 17 1558 8 16, 0 0 0 0 0 0 1 0 0 0
1513895730.85 3475 6345 12787 9998 8332 5899 22 2833 10 24, 0 0 0 0 0 0 1 0 0 0
1513895731.86 3114 6184 9915 7749 7935 7807 16 1852 7 23, 0 0 0 0 0 0 1 0 0 0
1513895732.88 1850 5161 12783 11144 7495 5582 18 3319 7 22, 0 0 0 0 0 0 1 0 0 0
1513895733.9 1244 3493 11743 13016 9609 4241 15 2531 4 15, 0 0 0 0 0 0 1 0 0 0
1513895734.93 1633 3751 14999 19297 16072 6504 18 3558 9 19, 0 0 0 0 0 0 1 0 0 0
1513895735.97 2073 4006 16906 23263 19583 8996 16 4316 5 12, 0 0 0 0 0 0 1 0 0 0
1513895736.99 2435 3417 16728 24792 23045 10247 18 4882 6 12, 0 0 0 0 0 0 1 0 0 0
1513895738.02 957 2107 11322 22277 17640 6506 17 2534 9 17, 0 0 0 0 0 0 1 0 0 0
1513895739.03 3753 2731 15146 25510 29058 18239 44 4835 15 35, 0 0 0 0 0 0 1 0 0 0
1513895740.08 3816 2601 12724 28997 31140 19985 31 2141 11 28, 0 0 0 0 0 0 1 0 0 0
1513895741.1 5096 4571 14263 29659 35301 21513 18 1635 10 28, 0 0 0 0 0 0 1 0 0 0
1513895742.12 3887 2735 11419 24551 27078 16726 26 1866 12 24, 0 0 0 0 0 0 1 0 0 0
1513895743.17 5732 4035 13399 26487 28629 15929 11 2137 3 9, 0 0 0 0 0 0 1 0 0 0
1513895744.21 5694 3369 12793 23017 24247 12692 15 3408 6 12, 0 0 0 0 0 0 1 0 0 0
1513895745.36 4773 4311 14654 23482 22653 10301 19 4224 9 21, 0 0 0 0 0 0 1 0 0 0
1513895746.48 5200 3219 16020 29694 24208 10757 42 5351 12 32, 0 0 0 0 0 0 1 0 0 0
1513895747.53 967 843 5085 10317 6745 3511 16 1325 9 24, 0 0 0 0 0 0 1 0 0 0
1513895748.57 1568 2033 9166 12667 8543 2283 18 3577 6 20, 0 0 0 0 0 0 1 0 0 0
1513895749.59 926 1607 7937 11800 6108 489 8 3080 8 20, 0 0 0 0 0 0 1 0 0 0
1513895750.61 1424 2169 9949 10376 4970 1115 10 4775 7 18, 0 0 0 0 0 0 1 0 0 0
1513895751.63 1934 1725 7757 6137 2322 427 13 4346 13 23, 0 0 0 0 0 0 1 0 0 0
1513895752.65 2047 1239 6734 4516 1638 688 13 4415 12 16, 0 0 0 0 0 0 1 0 0 0
1513895753.67 1510 1752 7928 5620 1529 446 19 3791 8 15, 0 0 0 0 0 0 1 0 0 0
1513895754.69 1161 4350 17303 15885 4871 144 12 2491 10 20, 0 0 0 0 0 0 1 0 0 0
1513895755.71 66 4512 13644 10772 2883 68 15 61 10 16, 0 0 0 0 0 0 1 0 0 0
1513895756.72 39 3646 10772 10694 3567 39 9 40 6 14, 0 0 0 0 0 0 1 0 0 0
1513895757.74 86 3303 8350 8110 3044 54 13 69 11 14, 0 0 0 0 0 0 1 0 0 0
1513895758.76 64 2170 6536 6668 2395 77 13 83 9 17, 0 0 0 0 0 0 1 0 0 0
1513895759.77 68 1335 6577 6552 1392 71 21 87 12 26, 0 0 0 0 0 0 1 0 0 0
1513895760.78 1089 1223 8098 8428 3648 927 12 2207 5 18, 0 0 0 0 0 0 1 0 0 0
1513895761.79 1346 1055 6325 7210 4542 1418 9 2744 9 13, 0 0 0 0 0 0 1 0 0 0
1513895762.82 1130 55 3378 6132 5111 1531 20 2350 4 8, 0 0 0 0 0 0 1 0 0 0
1513895763.83 1401 77 3147 7178 7613 2347 22 2941 12 32, 0 0 0 0 0 0 1 0 0 0
1513895764.86 749 1043 4819 7968 5669 1317 14 1682 14 20, 0 0 0 0 0 0 1 0 0 0
1513895765.89 2312 4791 16012 22399 15419 3660 11 2829 12 18, 0 0 0 0 0 0 1 0 0 0
1513895766.9 3025 4790 18173 24274 16524 3822 9 4864 4 11, 0 0 0 0 0 0 1 0 0 0
1513895767.99 2610 5014 18955 25142 16507 2776 10 5335 9 12, 0 0 0 0 0 0 1 0 0 0
1513895769.01 2020 3004 16042 24299 16873 1612 9 5462 6 9, 0 0 0 0 0 0 1 0 0 0
1513895770.03 1519 2051 12941 19261 13624 1433 11 4855 9 10, 0 0 0 0 0 0 1 0 0 0
1513895771.07 3137 1899 14855 18934 12382 2752 13 7179 5 14, 0 0 0 0 0 0 1 0 0 0
1513895772.09 3477 2439 15074 18610 11686 1895 9 7102 6 11, 0 0 0 0 0 0 1 0 0 0
1513895773.12 1932 2461 13369 17980 10180 1514 14 3946 4 8, 0 0 0 0 0 0 1 0 0 0
1513895774.14 1131 1734 6587 10720 8314 2930 179 1024 10 10, 0 0 0 0 0 0 1 0 0 0
1513895775.18 2330 3016 11234 10770 7010 2306 14 4528 4 10, 0 0 0 0 0 0 1 0 0 0
1513895776.21 4431 8003 18136 14032 7468 2541 21 5118 7 13, 0 0 0 0 0 0 1 0 0 0
1513895777.23 7215 13520 24918 20320 9996 3356 11 5308 7 10, 0 0 0 0 0 0 1 0 0 0
1513895778.23 6261 12556 25055 18963 7311 2680 12 5460 6 11, 0 0 0 0 0 0 1 0 0 0
1513895779.26 8948 14040 25874 20736 8526 3126 11 6372 5 8, 0 0 0 0 0 0 1 0 0 0
1513895780.27 7596 13097 25103 21856 9474 3028 8 5052 4 11, 0 0 0 0 0 0 1 0 0 0
1513895781.29 5365 9812 23511 21727 8396 2368 13 5129 9 18, 0 0 0 0 0 0 1 0 0 0
1513895782.31 6586 8435 23851 21462 7783 2698 12 6923 7 14, 0 0 0 0 0 0 1 0 0 0
1513895783.33 10575 10291 26157 20640 10578 7844 1380 9996 7 14, 0 0 0 0 0 0 1 0 0 0
1513895784.36 10970 11476 29707 21683 15969 13422 1349 12311 12 30, 0 0 0 0 0 0 1 0 0 0
1513895785.38 18889 6614 33199 35186 16292 10764 1920 21211 17 31, 0 0 0 0 0 0 1 0 0 0
1513895786.4 12996 6020 22736 18647 11763 9100 1895 15143 7 19, 0 0 0 0 0 0 1 0 0 0
1513895787.41 8581 4577 18968 17109 12454 7898 2040 12588 7 14, 0 0 0 0 0 0 1 0 0 0
1513895788.44 11189 4958 15243 13223 14454 13081 1644 11235 5 13, 0 0 0 0 0 0 1 0 0 0
1513895789.45 12149 4842 13408 14727 17479 17839 650 8314 11 18, 0 0 0 0 0 0 1 0 0 0
1513895790.47 12252 4579 13013 15841 24307 22188 1324 8221 8 25, 0 0 0 0 0 0 1 0 0 0
1513895791.48 9762 5115 11815 11803 15528 14188 14 6305 8 22, 0 0 0 0 0 0 1 0 0 0
1513895792.52 8626 3360 9810 7805 9687 11442 15 5472 6 14, 0 0 0 0 0 0 1 0 0 0
1513895793.53 8109 4013 10516 7500 8873 14216 10 4592 5 13, 0 0 0 0 0 0 1 0 0 0
1513895794.55 11774 7474 11564 6201 9968 12525 17 6951 10 25, 0 0 0 0 0 0 1 0 0 0
1513895795.56 10156 7055 10506 6868 9025 8917 26 6690 5 18, 0 0 0 0 0 0 1 0 0 0
1513895796.58 8137 6153 9301 7167 9221 9717 24 4526 12 24, 0 0 0 0 0 0 1 0 0 0
1513895797.59 5307 3664 9233 6616 6584 6411 17 4637 9 20, 0 0 0 0 0 0 1 0 0 0
1513895798.61 2280 5695 11362 5412 4058 3389 22 3370 6 17, 0 0 0 0 0 0 1 0 0 0
1513895799.63 1866 4229 8890 4813 4187 2342 20 3754 9 16, 0 0 0 0 0 0 1 0 0 0
1513895800.65 1383 3650 7178 2373 1607 929 12 3107 9 14, 0 0 0 0 0 0 1 0 0 0
1513895801.67 544 2568 5786 1451 784 161 20 2955 12 21, 0 0 0 0 0 0 1 0 0 0
1513895802.68 1443 3818 7969 5610 5964 1775 19 3515 5 12, 0 0 0 0 0 0 1 0 0 0
1513895803.7 4282 7765 9759 5553 5728 2099 13 2004 7 12, 0 0 0 0 0 0 1 0 0 0
1513895804.71 1731 6372 7473 4741 6472 1739 9 38 5 15, 0 0 0 0 0 0 1 0 0 0
1513895805.72 1582 6222 7840 5455 8175 3051 11 67 7 11, 0 0 0 0 0 0 1 0 0 0
1513895806.74 8130 8774 9901 5779 9134 6653 17 3019 4 8, 0 0 0 0 0 0 1 0 0 0
1513895807.76 12791 12036 11288 6726 7264 7345 9 3712 5 12, 0 0 0 0 0 0 1 0 0 0
1513895808.78 10369 9863 9873 6981 6715 6554 11 3082 4 10, 0 0 0 0 0 0 1 0 0 0
1513895809.79 9280 6909 7486 6095 5288 5812 9 2936 4 12, 0 0 0 0 0 0 1 0 0 0
1513895810.81 9067 6609 16088 17268 11994 8375 19 5399 4 15, 0 0 0 0 0 0 1 0 0 0
1513895811.82 5265 4317 14352 16175 9189 5952 23 3257 8 22, 0 0 0 0 0 0 1 0 0 0
1513895812.84 6214 2158 14075 16715 7094 4319 12 3541 7 20, 0 0 0 0 0 0 1 0 0 0
1513895813.85 8272 1474 13436 15978 5249 3347 10 5125 6 13, 0 0 0 0 0 0 1 0 0 0
1513895814.86 6348 1806 12879 16096 6430 2030 19 5621 11 18, 0 0 0 0 0 0 1 0 0 0
1513895815.88 4453 2475 12098 14694 5439 1840 12 3541 7 13, 0 0 0 0 0 0 1 0 0 0
1513895816.89 3084 2953 15625 17697 7133 2709 16 2611 6 16, 0 0 0 0 0 0 1 0 0 0
1513895817.92 1688 3764 24827 30033 13553 4580 15 3747 11 22, 0 0 0 0 0 0 1 0 0 0
1513895818.96 3946 3259 21444 22696 12643 7153 28 6474 4 16, 0 0 0 0 0 0 1 0 0 0
1513895820.0 2799 3604 20742 22748 12521 7602 15 6006 4 9, 0 0 0 0 0 0 1 0 0 0
1513895821.02 7897 6130 22335 21877 12700 12043 69 7208 4 8, 0 0 0 0 0 0 1 0 0 0
1513895822.05 16161 8003 23946 24382 19306 19633 1563 9804 6 14, 0 0 0 0 0 0 1 0 0 0
1513895823.08 15182 7118 21362 22140 20443 20554 1586 9268 3 6, 0 0 0 0 0 0 1 0 0 0
1513895824.11 14633 9157 18589 20006 18466 18930 1889 9099 3 8, 0 0 0 0 0 0 1 0 0 0
1513895825.12 14037 9565 18757 15570 13838 13167 1334 10025 3 8, 0 0 0 0 0 0 1 0 0 0
1513895826.14 9537 7344 12433 10265 8760 9306 1216 6912 6 9, 0 0 0 0 0 0 1 0 0 0
1513895827.16 7854 6561 11398 9303 6485 5822 1860 6468 9 19, 0 0 0 0 0 0 1 0 0 0
1513895828.19 8587 5868 15997 15965 6178 2956 1603 8195 7 13, 0 0 0 0 0 0 1 0 0 0
1513895829.21 6178 6651 14921 13824 4930 1962 90 5091 4 8, 0 0 0 0 0 0 1 0 0 0
1513895830.23 3813 4757 13984 15083 6679 735 16 5470 2 9, 0 0 0 0 0 0 1 0 0 0
1513895831.27 2697 4564 15927 16591 8045 1116 16 4044 6 11, 0 0 0 0 0 0 1 0 0 0
1513895832.29 3067 7941 15555 11183 6878 2657 12 3948 3 7, 0 0 0 0 0 0 1 0 0 0
1513895833.3 2899 9417 15470 7877 4710 1825 25 3434 9 15, 0 0 0 0 0 0 1 0 0 0
1513895834.32 3234 5117 9633 7131 3209 1214 12 2035 6 14, 0 0 0 0 0 0 1 0 0 0
1513895835.34 1604 3083 5134 1797 1545 877 19 1793 4 13, 0 0 0 0 0 0 1 0 0 0
1513895836.36 1771 2726 4277 905 1273 833 11 1670 6 9, 0 0 0 0 0 0 1 0 0 0
1513895837.37 2242 5563 6043 1563 1123 673 15 1417 7 15, 0 0 0 0 0 0 1 0 0 0
1513895838.39 2591 5552 5992 1791 1524 732 16 1589 2 8, 0 0 0 0 0 0 1 0 0 0
1513895839.41 2790 9018 13038 6967 1990 70 7 2184 5 7, 0 0 0 0 0 0 1 0 0 0
1513895840.43 1891 8853 10696 6162 1741 56 19 238 6 10, 0 0 0 0 0 0 1 0 0 0
1513895841.46 1672 6715 8448 6483 2764 226 35 147 6 23, 0 0 0 0 0 0 1 0 0 0
1513895842.48 1130 5811 10600 7802 1533 375 31 76 16 22, 0 0 0 0 0 0 1 0 0 0
1513895843.51 1268 2345 14174 13814 3144 507 21 2544 6 15, 0 0 0 0 0 0 1 0 0 0
1513895844.53 1764 3036 13693 12454 4316 830 14 3605 5 13, 0 0 0 0 0 0 1 0 0 0
1513895845.55 1456 2868 12921 11423 3528 739 11 2949 4 8, 0 0 0 0 0 0 1 0 0 0
1513895846.58 1539 3429 12532 11663 5200 1509 6 2975 2 6, 0 0 0 0 0 0 1 0 0 0
1513895847.6 2530 3569 9845 13141 9132 3396 21 2111 5 18, 0 0 0 0 0 0 1 0 0 0
1513895848.62 2442 5294 10365 14381 10227 3538 9 551 6 10, 0 0 0 0 0 0 1 0 0 0
1513895849.65 2604 5729 9064 13391 12242 5018 17 66 5 11, 0 0 0 0 0 0 1 0 0 0
1513895850.66 1278 3952 8314 13725 10972 3180 17 754 8 18, 0 0 0 0 0 0 1 0 0 0
1513895851.67 957 2419 2177 7908 9316 2671 19 72 4 13, 0 0 0 0 0 0 1 0 0 0
1513895852.69 534 615 260 1937 1846 98 23 86 13 29, 0 0 0 0 0 0 1 0 0 0
1513895853.71 721 396 239 1943 2120 711 31 94 11 25, 0 0 0 0 0 0 1 0 0 0
1513895854.72 137 168 343 1115 1211 224 21 95 10 21, 0 0 0 0 0 0 1 0 0 0
1513895855.73 498 1003 1268 1251 1174 618 22 95 12 18, 0 0 0 0 0 0 1 0 0 0
1513895856.75 3860 1620 578 3309 7720 7600 18 305 10 20, 0 0 0 0 0 0 1 0 0 0
1513895857.76 3704 1200 2096 5868 8901 7565 20 1170 7 16, 0 0 0 0 0 0 1 0 0 0
1513895858.78 2590 390 1642 5203 9485 7816 22 1146 11 25, 0 0 0 0 0 0 1 0 0 0
1513895859.8 6458 1154 1959 6739 15820 17369 19 1193 12 25, 0 0 0 0 0 0 1 0 0 0
1513895860.83 6086 1149 3650 6586 12123 14895 29 2403 8 21, 0 0 0 0 0 0 1 0 0 0
1513895861.87 4794 1527 4230 7719 14227 14977 19 1214 6 10, 0 0 0 0 0 0 1 0 0 0
1513895862.98 4574 2618 8352 9701 14839 14474 15 2639 9 19, 0 0 0 0 0 0 1 0 0 0
1513895864.01 3471 4192 15133 24434 25663 13333 20 3354 8 15, 0 0 0 0 0 0 1 0 0 0
1513895865.1 932 2245 7677 15117 14584 7839 10 227 4 9, 0 0 0 0 0 0 1 0 0 0
1513895866.15 2614 3180 9510 18190 16414 7554 13 678 6 13, 0 0 0 0 0 0 1 0 0 0
1513895867.24 1095 1637 7064 14649 10773 4234 23 284 12 27, 0 0 0 0 0 0 1 0 0 0
1513895868.28 1391 2678 8639 15837 12067 6109 13 463 8 19, 0 0 0 0 0 0 1 0 0 0
1513895869.3 770 1766 5554 9640 5770 2359 14 62 6 18, 0 0 0 0 0 0 1 0 0 0
1513895870.32 193 3340 8011 8923 3355 794 11 44 8 15, 0 0 0 0 0 0 1 0 0 0
1513895871.34 352 4123 7415 5607 3248 1338 19 120 12 19, 0 0 0 0 0 0 1 0 0 0
1513895872.38 3955 6250 7918 6676 6854 5543 35 782 9 19, 0 0 0 0 0 0 1 0 0 0
1513895873.41 6832 6639 9208 8297 11135 14563 156 2128 5 12, 0 0 0 0 0 0 1 0 0 0
1513895874.43 7857 8785 9867 7959 11626 15226 19 3079 11 17, 0 0 0 0 0 0 1 0 0 0
1513895875.45 11171 10792 9837 8665 9304 9879 23 2725 11 20, 0 0 0 0 0 0 1 0 0 0
1513895876.49 10055 9560 9531 6622 4765 7212 9 3007 5 9, 0 0 0 0 0 0 1 0 0 0
1513895877.5 12096 12590 12631 13321 15509 13453 22 4051 3 20, 0 0 0 0 0 0 1 0 0 0
1513895878.51 9963 11828 18847 21967 22944 16212 15 4005 16 12, 0 0 0 0 0 0 1 0 0 0
1513895879.54 11688 10265 14293 20953 29209 21296 14 3466 2 7, 0 0 0 0 0 0 1 0 0 0
1513895880.56 11633 9747 11958 16932 21709 19576 24 3196 6 16, 0 0 0 0 0 0 1 0 0 0
1513895881.59 6255 5786 15790 19737 21409 16598 19 4002 4 11, 0 0 0 0 0 0 1 0 0 0
1513895882.62 9920 10437 21335 23443 20707 15120 15 7201 8 13, 0 0 0 0 0 0 1 0 0 0
1513895883.66 8380 11307 21352 21885 18416 12039 8 7045 6 11, 0 0 0 0 0 0 1 0 0 0
1513895884.67 8469 11562 21900 20271 12808 8259 25 6527 6 16, 0 0 0 0 0 0 1 0 0 0
1513895885.69 7213 11511 18902 17077 10114 7700 18 5514 7 18, 0 0 0 0 0 0 1 0 0 0
1513895886.71 5807 9234 15032 15748 11280 7461 18 2426 10 21, 0 0 0 0 0 0 1 0 0 0
1513895887.75 11288 15364 17049 16564 11257 6850 13 2469 3 10, 0 0 0 0 0 0 1 0 0 0
1513895888.76 9158 13611 14897 10694 6011 4255 10 1218 6 10, 0 0 0 0 0 0 1 0 0 0
1513895889.78 9427 17417 19825 10669 5776 3622 15 2607 6 13, 0 0 0 0 0 0 1 0 0 0
1513895890.79 7164 11819 17016 11951 5835 2047 16 3620 8 18, 0 0 0 0 0 0 1 0 0 0
1513895891.8 6808 11173 18233 14300 6973 1570 13 4034 8 8, 0 0 0 0 0 0 1 0 0 0
1513895892.82 4731 11961 20398 15588 7339 1909 15 3579 4 12, 0 0 0 0 0 0 1 0 0 0
1513895893.83 3386 6373 16671 15727 6840 963 14 3747 5 12, 0 0 0 0 0 0 1 0 0 0
1513895894.84 2274 2579 13530 17380 8897 1172 14 2938 2 7, 0 0 0 0 0 0 1 0 0 0
1513895895.86 1176 2794 12418 17559 9866 1416 13 898 5 7, 0 0 0 0 0 0 1 0 0 0
1513895896.87 698 2306 11678 14435 6393 829 20 1012 8 14, 0 0 0 0 0 0 1 0 0 0
1513895897.89 191 1914 10813 12618 4444 681 17 340 5 16, 0 0 0 0 0 0 1 0 0 0
1513895898.91 1002 2438 8816 8972 2383 405 17 448 12 13, 0 0 0 0 0 0 1 0 0 0
1513895899.93 3535 1834 9101 10978 10955 6725 23 4077 9 25, 0 0 0 0 0 0 1 0 0 0
1513895900.94 11935 10403 14950 15762 14250 9050 15 6466 6 17, 0 0 0 0 0 0 1 0 0 0
1513895901.96 9628 10525 17183 14833 10202 7413 14 5407 10 17, 0 0 0 0 0 0 1 0 0 0
1513895902.98 7773 11583 25875 24625 12837 4458 18 6278 9 17, 0 0 0 0 0 0 1 0 0 0
1513895903.99 3748 8677 21479 17384 8777 3049 17 5413 6 16, 0 0 0 0 0 0 1 0 0 0
1513895905.0 4957 8306 17027 16279 8878 3879 13 4491 11 14, 0 0 0 0 0 0 1 0 0 0
1513895906.02 3640 5017 12208 19866 13402 4292 11 1511 9 16, 0 0 0 0 0 0 1 0 0 0
1513895907.03 4366 6770 19878 28627 19393 5817 13 2556 8 21, 0 0 0 0 0 0 1 0 0 0
1513895908.06 2994 9999 32762 42388 28458 6790 16 5095 6 12, 0 0 0 0 0 0 1 0 0 0
1513895909.08 2661 3334 16468 23136 13625 5956 16 2402 6 11, 0 0 0 0 0 0 1 0 0 0
1513895910.09 5609 6700 22852 26074 15666 8383 6 3427 4 11, 0 0 0 0 0 0 1 0 0 0
1513895911.11 5693 5486 19373 26353 18339 11729 12 3387 8 25, 0 0 0 0 0 0 1 0 0 0
1513895912.13 4967 4957 15739 21744 13356 9973 11 2762 5 16, 0 0 0 0 0 0 1 0 0 0
1513895913.15 6856 7494 16977 19086 15067 11393 5 2473 4 18, 0 0 0 0 0 0 1 0 0 0
1513895914.16 2826 4904 13812 14718 10928 7205 10 1830 7 18, 0 0 0 0 0 0 1 0 0 0
1513895915.18 1510 3588 12420 15553 11315 6104 18 913 6 24, 0 0 0 0 0 0 1 0 0 0
1513895916.19 1460 3269 10315 14908 12135 4930 11 1163 8 25, 0 0 0 0 0 0 1 0 0 0
1513895917.21 4297 7308 19575 18784 11119 4909 9 5277 7 13, 0 0 0 0 0 0 1 0 0 0
1513895918.23 5534 7603 25167 23951 12534 5485 20 8835 8 18, 0 0 0 0 0 0 1 0 0 0
1513895919.26 5652 8023 25730 22624 10126 3853 18 8770 8 23, 0 0 0 0 0 0 1 0 0 0
1513895920.29 4955 7526 24064 21587 9092 4120 13 8653 5 16, 0 0 0 0 0 0 1 0 0 0
1513895921.32 5749 7009 24528 22723 8847 1942 20 8965 7 18, 0 0 0 0 0 0 1 0 0 0
1513895922.34 4693 5712 21786 18033 5116 448 19 7875 6 21, 0 0 0 0 0 0 1 0 0 0
1513895923.36 2902 5126 17831 13266 3885 590 8 6092 3 7, 0 0 0 0 0 0 1 0 0 0
1513895924.39 4295 4015 14222 10526 2950 392 16 7402 3 6, 0 0 0 0 0 0 1 0 0 0
1513895925.4 2677 4479 13110 6135 1203 356 22 6104 4 18, 0 0 0 0 0 0 1 0 0 0
1513895926.42 2136 3775 11861 6266 4317 1839 20 6213 3 13, 0 0 0 0 0 0 1 0 0 0
1513895927.43 1004 1403 5049 4470 6737 3839 5 2370 6 9, 0 0 0 0 0 0 1 0 0 0
1513895928.46 1490 2156 7893 14238 14694 6509 12 1254 1 12, 0 0 0 0 0 0 1 0 0 0
1513895929.48 829 1472 4911 10653 10850 4449 21 65 3 14, 0 0 0 0 0 0 1 0 0 0
1513895930.5 3143 2004 5881 11856 15030 9034 21 1140 9 16, 0 0 0 0 0 0 1 0 0 0
1513895931.51 3610 1450 10757 19943 19159 8828 12 3449 8 24, 0 0 0 0 0 0 1 0 0 0
1513895932.52 4920 1917 14589 22683 21204 11132 14 5547 7 16, 0 0 0 0 0 0 1 0 0 0
1513895933.56 5015 1945 14032 22035 20152 9518 9 5533 7 11, 0 0 0 0 0 0 1 0 0 0
1513895934.6 5963 3736 16458 26955 27381 11046 27 7232 10 27, 0 0 0 0 0 0 1 0 0 0
1513895935.62 3258 2970 18846 26417 18917 5880 16 4865 10 17, 0 0 0 0 0 0 1 0 0 0
1513895936.63 3427 3551 15565 21658 13382 5513 16 3943 7 13, 0 0 0 0 0 0 1 0 0 0
1513895937.65 3997 4991 16974 20164 14924 8230 17 1856 6 13, 0 0 0 0 0 0 1 0 0 0
1513895938.68 3896 4429 14823 17340 13412 9106 27 943 7 14, 0 0 0 0 0 0 1 0 0 0
1513895939.7 2802 3778 13062 16577 13285 8702 11 77 8 14, 0 0 0 0 0 0 1 0 0 0
1513895940.72 1078 5060 15061 17961 10978 4134 15 95 10 20, 0 0 0 0 0 0 1 0 0 0
1513895941.74 902 5003 9334 12563 7789 596 16 57 9 20, 0 0 0 0 0 0 1 0 0 0
1513895942.75 2157 8216 11712 12980 6552 673 14 39 6 12, 0 0 0 0 0 0 1 0 0 0
1513895943.77 2809 9328 18083 14674 5236 457 13 2631 4 8, 0 0 0 0 0 0 1 0 0 0
1513895944.8 3419 7256 20094 13926 4506 114 11 6846 6 10, 0 0 0 0 0 0 1 0 0 0
1513895945.82 4446 7264 18880 12925 4374 62 11 8692 5 7, 0 0 0 0 0 0 1 0 0 0
1513895946.84 2584 6413 19183 13290 4327 64 11 7347 6 16, 0 0 0 0 0 0 1 0 0 0
1513895947.86 3337 4621 17519 12920 4147 49 11 8620 3 8, 0 0 0 0 0 0 1 0 0 0
1513895948.88 6766 3990 17472 11323 4567 65 14 13927 8 13, 0 0 0 0 0 0 1 0 0 0
1513895949.91 5829 8221 14393 11604 4846 953 19 4977 5 16, 0 0 0 0 0 0 1 0 0 0
1513895950.92 9182 13456 12597 9096 4220 2942 12 4323 6 18, 0 0 0 0 0 0 1 0 0 0
1513895951.93 8341 13055 12574 9097 6933 6047 14 1423 6 12, 0 0 0 0 0 0 1 0 0 0
1513895952.96 6974 9629 7593 8546 11647 9922 21 425 5 16, 0 0 0 0 0 0 1 0 0 0
1513895953.97 5827 9826 9468 13631 16133 10983 7 57 7 9, 0 0 0 0 0 0 1 0 0 0
1513895955.01 5117 12346 15143 18771 18305 11118 12 650 3 13, 0 0 0 0 0 0 1 0 0 0
1513895956.03 7682 11968 15172 20263 24971 16658 13 1528 4 11, 0 0 0 0 0 0 1 0 0 0
1513895957.06 8008 10512 17371 22541 28684 17410 7 3042 6 10, 0 0 0 0 0 0 1 0 0 0
1513895958.1 8607 9380 13539 19230 23316 15670 5 2262 2 7, 0 0 0 0 0 0 1 0 0 0
1513895959.11 6725 11616 17148 22797 30947 20110 17 149 4 18, 0 0 0 0 0 0 1 0 0 0
1513895960.13 5706 11616 17096 22795 20444 9931 14 43 9 18, 0 0 0 0 0 0 1 0 0 0
