1515923386.94 16790 12831 31308 29275 15689 16110 1506 10959 25639 21880, 0 0 0 0 0 0 0 0 0 1
1515923387.95 15314 13198 28785 25067 15434 16539 1195 8496 19778 17002, 0 0 0 0 0 0 0 0 0 1
1515923388.95 16633 13112 27096 22268 14324 16636 889 8515 21059 17895, 0 0 0 0 0 0 0 0 0 1
1515923389.96 12841 11744 23374 18841 11245 13964 882 8016 18523 16093, 0 0 0 0 0 0 0 0 0 1
1515923390.97 12733 10359 21470 17370 9078 11213 255 8214 18133 13695, 0 0 0 0 0 0 0 0 0 1
1515923391.97 12176 11802 23625 15248 9399 12610 246 9291 19153 13537, 0 0 0 0 0 0 0 0 0 1
1515923392.98 13999 10866 21549 14773 8572 13224 174 8733 16609 12602, 0 0 0 0 0 0 0 0 0 1
1515923393.98 18954 18310 29126 23014 16723 20116 220 13651 24495 17440, 0 0 0 0 0 0 0 0 0 1
1515923394.99 12457 9047 16969 15749 10866 14706 420 8813 15314 12672, 0 0 0 0 0 0 0 0 0 1
1515923395.99 9297 9459 17068 17353 13934 15691 382 7195 13370 14182, 0 0 0 0 0 0 0 0 0 1
1515923396.99 9144 6421 14922 16733 14582 17518 677 8937 14606 13630, 0 0 0 0 0 0 0 0 0 1
1515923398.04 9144 6421 14922 16733 14582 17518 677 8937 14606 13630, 0 0 0 0 0 0 0 0 0 1
1515923399.07 7712 6073 16987 20547 15926 16193 741 8079 16631 16372, 0 0 0 0 0 0 0 0 0 1
1515923400.1 9118 7004 16595 16054 15641 15284 184 7559 13520 10181, 0 0 0 0 0 0 0 0 0 1
1515923401.21 7113 7421 17476 20893 15762 15952 220 4997 14075 14010, 0 0 0 0 0 0 0 0 0 1
1515923402.25 8110 8352 17596 18104 13530 15046 565 6791 13006 11589, 0 0 0 0 0 0 0 0 0 1
1515923403.31 10636 6893 17737 18869 16100 17510 852 7011 13537 11288, 0 0 0 0 0 0 0 0 0 1
1515923404.34 15870 12406 24687 23945 23725 27544 1549 9558 19334 17233, 0 0 0 0 0 0 0 0 0 1
1515923405.37 10060 9516 15242 13797 15906 17955 855 6788 10458 8940, 0 0 0 0 0 0 0 0 0 1
1515923406.4 10171 8157 16042 15171 15660 18047 852 5608 10292 9991, 0 0 0 0 0 0 0 0 0 1
1515923407.44 9446 8216 16041 12860 13347 17059 1205 6622 9066 9039, 0 0 0 0 0 0 0 0 0 1
1515923408.48 9316 9673 18090 14617 15587 15417 286 5545 11347 7551, 0 0 0 0 0 0 0 0 0 1
1515923409.52 8809 9710 21466 18053 17214 13699 566 7404 12908 9497, 0 0 0 0 0 0 0 0 0 1
1515923410.57 9162 9100 21070 19093 17574 15579 117 5796 13982 11120, 0 0 0 0 0 0 0 0 0 1
1515923411.62 8149 6206 19277 18170 17296 15276 567 5564 11944 9924, 0 0 0 0 0 0 0 0 0 1
1515923412.7 7901 6618 18935 17672 19200 16544 122 5731 12927 8692, 0 0 0 0 0 0 0 0 0 1
1515923413.77 8837 6676 21566 17933 16295 15944 8 6416 13887 9356, 0 0 0 0 0 0 0 0 0 1
1515923414.84 13625 9574 28779 26583 17948 19842 17 8857 23069 15204, 0 0 0 0 0 0 0 0 0 1
1515923415.88 10587 7246 18515 16380 18090 20559 34 6965 13378 10404, 0 0 0 0 0 0 0 0 0 1
1515923416.99 11795 7911 22446 15145 12857 15218 77 8303 15688 9530, 0 0 0 0 0 0 0 0 0 1
1515923418.09 13699 7856 21397 14336 11922 16543 464 7721 14076 8993, 0 0 0 0 0 0 0 0 0 1
1515923419.17 12584 7822 20888 16512 11281 16996 270 6843 15153 10686, 0 0 0 0 0 0 0 0 0 1
1515923420.21 14597 5783 15803 12559 11546 18554 504 6564 11169 6114, 0 0 0 0 0 0 0 0 0 1
1515923421.28 13185 6845 16380 13862 13078 17275 663 7891 11860 5950, 0 0 0 0 0 0 0 0 0 1
1515923422.31 11562 7449 14240 15306 13392 16365 908 7155 10810 6601, 0 0 0 0 0 0 0 0 0 1
1515923423.35 17212 10957 25260 26154 21140 23918 1033 11181 21617 14858, 0 0 0 0 0 0 0 0 0 1
1515923424.4 12671 6819 13860 14917 13018 19433 744 7462 11221 6963, 0 0 0 0 0 0 0 0 0 1
1515923425.48 11747 7523 14071 14243 11768 18212 625 5996 11711 9043, 0 0 0 0 0 0 0 0 0 1
1515923426.53 9362 6235 10740 14833 12250 16266 469 5252 9903 6902, 0 0 0 0 0 0 0 0 0 1
1515923427.57 13133 8199 15297 14406 10983 16313 434 7850 12267 7364, 0 0 0 0 0 0 0 0 0 1
1515923428.6 12010 7595 16910 16518 11876 16735 420 7279 13818 8886, 0 0 0 0 0 0 0 0 0 1
1515923429.67 12188 6768 15540 14315 11806 17164 296 8091 13579 7554, 0 0 0 0 0 0 0 0 0 1
1515923430.77 13605 7286 18032 15189 12253 15279 176 9490 15379 6884, 0 0 0 0 0 0 0 0 0 1
1515923431.82 11087 7644 16730 15657 11147 15818 252 6071 12341 7480, 0 0 0 0 0 0 0 0 0 1
1515923432.85 17976 12600 29394 26134 18174 25070 256 10624 19917 10498, 0 0 0 0 0 0 0 0 0 1
1515923433.88 11050 9815 23263 17797 13742 14808 336 8165 15392 8805, 0 0 0 0 0 0 0 0 0 1
1515923434.92 13325 8891 21083 13476 12919 15404 519 10914 16033 7359, 0 0 0 0 0 0 0 0 0 1
1515923435.96 9371 10137 23060 15524 14187 12852 53 7852 14925 7840, 0 0 0 0 0 0 0 0 0 1
1515923436.99 10235 10399 23282 15640 13782 13468 102 9164 15389 7213, 0 0 0 0 0 0 0 0 0 1
1515923438.03 9512 8518 19727 15772 15280 13912 128 8995 14303 6508, 0 0 0 0 0 0 0 0 0 1
1515923439.06 12069 8914 18741 14004 15229 17076 290 7532 14511 7913, 0 0 0 0 0 0 0 0 0 1
1515923440.09 14295 8392 20273 12612 12753 15924 576 11732 17638 7681, 0 0 0 0 0 0 0 0 0 1
1515923441.15 11362 7923 20268 14009 13429 13784 178 11140 17913 7902, 0 0 0 0 0 0 0 0 0 1
1515923442.19 12689 7581 18834 13164 10215 14829 539 10817 17651 9652, 0 0 0 0 0 0 0 0 0 1
1515923443.22 12416 6442 19769 16590 10992 13722 633 10603 19902 12212, 0 0 0 0 0 0 0 0 0 1
1515923444.29 12186 7122 21725 14486 11527 15957 508 10777 20897 13076, 0 0 0 0 0 0 0 0 0 1
1515923445.33 11166 5337 20746 14653 11107 17218 559 11699 21590 13354, 0 0 0 0 0 0 0 0 0 1
1515923446.39 15605 9885 29913 20558 13806 22032 611 14636 24970 14889, 0 0 0 0 0 0 0 0 0 1
1515923447.45 11544 6170 18117 12758 17113 19466 656 12304 17681 8456, 0 0 0 0 0 0 0 0 0 1
1515923448.51 11540 7876 19682 10382 10249 12244 682 14662 19265 7860, 0 0 0 0 0 0 0 0 0 1
1515923449.56 10214 9309 20172 12487 9837 12218 533 12413 18464 10230, 0 0 0 0 0 0 0 0 0 1
1515923450.63 9668 6723 19175 17008 11999 11497 538 9147 16920 11365, 0 0 0 0 0 0 0 0 0 1
1515923451.66 9038 6679 16269 14551 11920 13808 692 6460 12912 11505, 0 0 0 0 0 0 0 0 0 1
1515923452.7 10184 7782 17880 13764 13322 15973 260 7278 14942 12229, 0 0 0 0 0 0 0 0 0 1
1515923453.72 10696 6789 15285 15890 14705 15195 279 7699 13867 11619, 0 0 0 0 0 0 0 0 0 1
1515923454.78 7359 6681 14611 18068 16833 13637 590 4430 11265 12287, 0 0 0 0 0 0 0 0 0 1
1515923455.81 7929 7693 14086 16865 15646 12230 1123 7575 14212 11436, 0 0 0 0 0 0 0 0 0 1
1515923456.87 9142 8850 14378 13863 17308 13805 540 6068 12723 9211, 0 0 0 0 0 0 0 0 0 1
1515923457.92 12685 13766 23071 20421 26712 20048 546 6448 19250 15328, 0 0 0 0 0 0 0 0 0 1
1515923458.96 9160 10090 18036 16554 14830 9414 28 5086 16294 11732, 0 0 0 0 0 0 0 0 0 1
1515923460.0 6087 11367 20386 18260 13248 6541 317 4622 16388 13164, 0 0 0 0 0 0 0 0 0 1
1515923461.04 6227 10139 19938 18734 13122 5102 80 5377 13659 8995, 0 0 0 0 0 0 0 0 0 1
1515923462.09 5977 13296 22380 18738 11592 4286 20 4048 12859 9977, 0 0 0 0 0 0 0 0 0 1
1515923463.12 6325 10942 22382 20273 12802 4034 187 5938 14159 10914, 0 0 0 0 0 0 0 0 0 1
1515923464.17 7046 11280 21694 19034 11396 5801 203 4889 15423 12098, 0 0 0 0 0 0 0 0 0 1
1515923465.2 5367 10675 22643 21889 12021 6693 277 4068 15567 14291, 0 0 0 0 0 0 0 0 0 1
1515923466.28 6905 11094 20548 19184 11721 6218 215 4308 14171 11405, 0 0 0 0 0 0 0 0 0 1
1515923467.36 7797 11707 21816 17683 11448 6035 357 7772 15604 10803, 0 0 0 0 0 0 0 0 0 1
1515923468.42 11632 11772 22170 17966 10971 6564 118 10401 16609 9295, 0 0 0 0 0 0 0 0 0 1
1515923469.47 11934 17506 30182 23329 14718 12816 58 8346 20345 13177, 0 0 0 0 0 0 0 0 0 1
1515923470.49 8536 11488 16798 15116 10795 8767 525 6596 10824 7830, 0 0 0 0 0 0 0 0 0 1
1515923471.52 8837 11626 17172 15129 11430 9837 974 6663 9949 7956, 0 0 0 0 0 0 0 0 0 1
1515923472.55 7604 11786 20551 17784 11527 8181 646 7479 13317 9583, 0 0 0 0 0 0 0 0 0 1
1515923473.59 9638 11321 20716 16287 10310 9485 480 7172 15015 9817, 0 0 0 0 0 0 0 0 0 1
1515923474.65 10878 11401 21359 13151 8884 10548 931 8719 15080 9273, 0 0 0 0 0 0 0 0 0 1
1515923475.7 7466 15360 22878 16693 10565 8285 606 5608 14501 10773, 0 0 0 0 0 0 0 0 0 1
1515923476.76 8702 12064 21821 20295 13177 9378 905 7527 16990 12908, 0 0 0 0 0 0 0 0 0 1
1515923477.8 10091 11149 18667 16809 10925 9248 1153 7308 14765 11110, 0 0 0 0 0 0 0 0 0 1
1515923478.87 9709 12104 19458 15354 11288 10415 338 7034 14039 8305, 0 0 0 0 0 0 0 0 0 1
1515923479.94 12622 6757 21021 22674 15425 13517 566 10569 18616 11572, 0 0 0 0 0 0 0 0 0 1
1515923481.0 8606 9258 18279 16261 18083 16625 639 5194 11017 9486, 0 0 0 0 0 0 0 0 0 1
1515923482.04 10386 8332 17886 14125 13107 13155 384 8393 14158 8809, 0 0 0 0 0 0 0 0 0 1
1515923483.09 9952 6301 14973 13783 13757 12338 899 7781 13872 9650, 0 0 0 0 0 0 0 0 0 1
1515923484.13 10015 5564 15713 15664 12846 12845 824 7326 13403 11303, 0 0 0 0 0 0 0 0 0 1
1515923485.21 9190 6385 17324 14818 11792 12115 772 9910 14268 9301, 0 0 0 0 0 0 0 0 0 1
1515923486.26 10456 6559 19401 17544 13547 11565 826 8626 16522 11893, 0 0 0 0 0 0 0 0 0 1
1515923487.3 11521 7633 18608 14843 11960 11050 494 7738 14231 9272, 0 0 0 0 0 0 0 0 0 1
1515923488.36 11566 6102 14769 14042 11228 13006 155 6795 12684 9021, 0 0 0 0 0 0 0 0 0 1
1515923489.42 11655 6325 18031 13801 11124 12120 36 8273 15097 8672, 0 0 0 0 0 0 0 0 0 1
1515923490.49 19041 11552 25883 21336 13786 18013 152 10163 19452 15026, 0 0 0 0 0 0 0 0 0 1
1515923491.53 11208 9311 18403 13061 9335 10254 50 7829 15374 10392, 0 0 0 0 0 0 0 0 0 1
1515923492.59 10508 8360 21269 17310 11726 11870 17 8052 16878 11427, 0 0 0 0 0 0 0 0 0 1
1515923493.64 8782 8290 22138 15346 10410 10976 74 7360 18437 13936, 0 0 0 0 0 0 0 0 0 1
1515923494.7 7576 6784 21788 15131 11406 9617 43 8559 16926 11334, 0 0 0 0 0 0 0 0 0 1
1515923495.74 9142 10615 24806 14139 10175 9581 308 8413 16907 11115, 0 0 0 0 0 0 0 0 0 1
1515923496.78 10859 9287 23394 15948 11101 10880 299 9262 19257 12504, 0 0 0 0 0 0 0 0 0 1
1515923497.82 11263 9967 23028 14475 9657 9222 294 8900 17333 10475, 0 0 0 0 0 0 0 0 0 1
1515923498.89 11155 8689 20887 15218 10372 10457 687 8187 14137 8836, 0 0 0 0 0 0 0 0 0 1
1515923499.94 9778 8008 19606 15813 12034 10803 1259 9991 13358 7436, 0 0 0 0 0 0 0 0 0 1
1515923500.98 13521 11991 29555 18893 17846 15761 1117 15376 20338 9565, 0 0 0 0 0 0 0 0 0 1
1515923502.05 9352 9323 20400 16840 13297 12141 350 9258 13413 7523, 0 0 0 0 0 0 0 0 0 1
1515923503.07 8554 8075 20030 17396 12033 9388 810 10494 14046 8108, 0 0 0 0 0 0 0 0 0 1
1515923504.1 8729 8569 22830 17187 11944 8221 602 11168 15499 7097, 0 0 0 0 0 0 0 0 0 1
1515923505.16 7001 10486 23964 17092 12214 10278 282 8032 14788 9111, 0 0 0 0 0 0 0 0 0 1
1515923506.2 9613 12837 25094 16911 10878 10941 785 8199 15986 10494, 0 0 0 0 0 0 0 0 0 1
1515923507.24 7971 12998 26444 15762 11102 8458 643 7449 15415 9980, 0 0 0 0 0 0 0 0 0 1
1515923508.31 7672 12844 28938 18377 10090 5472 455 6600 18006 12879, 0 0 0 0 0 0 0 0 0 1
1515923509.39 5796 12455 26048 14476 10188 6182 199 5315 17885 13265, 0 0 0 0 0 0 0 0 0 1
1515923510.44 8740 12533 25890 14215 10464 7245 55 6092 16067 10204, 0 0 0 0 0 0 0 0 0 1
1515923511.51 13807 15839 32494 20177 13023 8125 56 9037 22566 13547, 0 0 0 0 0 0 0 0 0 1
1515923512.58 11588 10413 20271 14612 14250 12109 17 7479 14847 9632, 0 0 0 0 0 0 0 0 0 1
1515923513.63 14045 8601 19567 16482 11044 9164 15 8468 14112 6914, 0 0 0 0 0 0 0 0 0 1
1515923514.67 12251 11197 23567 15641 9997 8959 26 7449 14061 7173, 0 0 0 0 0 0 0 0 0 1
1515923515.74 11946 11017 21681 13676 11426 11816 28 8193 14940 8453, 0 0 0 0 0 0 0 0 0 1
1515923516.78 11843 11402 22453 14213 9505 11008 17 7646 14053 8305, 0 0 0 0 0 0 0 0 0 1
1515923517.81 12861 12233 22072 11553 8544 9318 25 11367 14043 5132, 0 0 0 0 0 0 0 0 0 1
1515923518.85 11440 13822 21665 11689 7531 8891 64 8837 11677 4563, 0 0 0 0 0 0 0 0 0 1
1515923519.94 11755 12075 22161 13003 6886 7644 356 6879 13271 8152, 0 0 0 0 0 0 0 0 0 1
1515923521.0 9526 12968 22583 15208 7723 5359 701 6582 11520 7484, 0 0 0 0 0 0 0 0 0 1
1515923522.07 12048 20851 37777 30192 14178 7999 847 8599 21954 17569, 0 0 0 0 0 0 0 0 0 1
1515923523.1 7881 12718 24075 19307 9911 6552 175 4612 14516 11379, 0 0 0 0 0 0 0 0 0 1
1515923524.14 8516 11647 23815 20850 11368 6997 501 5202 13830 13497, 0 0 0 0 0 0 0 0 0 1
1515923525.2 8788 9073 22787 21759 9869 5924 159 5314 13979 11541, 0 0 0 0 0 0 0 0 0 1
1515923526.25 7760 8286 18714 21914 10022 7264 824 5815 13512 13085, 0 0 0 0 0 0 0 0 0 1
1515923527.28 9253 6179 13489 16514 9068 8365 802 7401 11853 9981, 0 0 0 0 0 0 0 0 0 1
1515923528.38 8944 7950 14883 14362 9572 10856 135 6265 10505 7933, 0 0 0 0 0 0 0 0 0 1
1515923529.45 10980 6636 11979 14626 11529 13569 410 7009 8595 3859, 0 0 0 0 0 0 0 0 0 1
1515923530.49 11501 8700 16220 14093 8793 10639 268 7161 10695 5194, 0 0 0 0 0 0 0 0 0 1
1515923531.56 15933 12302 22113 22980 12823 15504 897 9033 15867 10414, 0 0 0 0 0 0 0 0 0 1
1515923532.6 11636 7600 16919 17133 10361 11691 440 8383 13317 6411, 0 0 0 0 0 0 0 0 0 1
1515923533.65 11315 9967 19298 18274 9668 11274 206 7589 11360 4979, 0 0 0 0 0 0 0 0 0 1
1515923534.71 11537 10076 17463 17772 8631 11251 382 7334 11531 6387, 0 0 0 0 0 0 0 0 0 1
1515923535.74 11601 9105 19733 16455 6253 8043 191 6550 11372 7326, 0 0 0 0 0 0 0 0 0 1
1515923536.79 11123 8530 17355 19721 8846 8368 39 5481 12134 7808, 0 0 0 0 0 0 0 0 0 1
1515923537.86 11806 7534 18093 18071 7778 7403 273 8850 14197 6525, 0 0 0 0 0 0 0 0 0 1
1515923538.94 10710 7759 19512 19222 8039 6897 768 10576 16434 8247, 0 0 0 0 0 0 0 0 0 1
1515923539.98 11497 6621 15222 16939 6986 6606 644 11626 15275 5657, 0 0 0 0 0 0 0 0 0 1
1515923541.04 8952 7396 18921 18295 7474 5798 625 10436 14671 6705, 0 0 0 0 0 0 0 0 0 1
1515923542.07 15976 12655 26441 27197 12419 13698 587 14431 19921 9386, 0 0 0 0 0 0 0 0 0 1
1515923543.14 8286 5521 16207 20113 11482 10446 529 8169 12745 7958, 0 0 0 0 0 0 0 0 0 1
1515923544.18 8555 5375 13499 18365 10725 10774 730 7568 10919 7551, 0 0 0 0 0 0 0 0 0 1
1515923545.21 7524 5548 14043 18469 11578 10231 1135 8047 12271 8846, 0 0 0 0 0 0 0 0 0 1
1515923546.24 9705 6284 13570 20929 9706 10557 1631 8521 13093 11103, 0 0 0 0 0 0 0 0 0 1
1515923547.28 10038 6024 10938 16192 10629 10194 1325 10030 11860 8657, 0 0 0 0 0 0 0 0 0 1
1515923548.32 10248 6039 10421 17043 8987 8833 1157 7569 11752 9059, 0 0 0 0 0 0 0 0 0 1
1515923549.36 11495 6033 9542 14792 7919 9002 1287 8253 13215 10040, 0 0 0 0 0 0 0 0 0 1
1515923550.44 11597 6006 11170 15162 7764 8970 1345 9720 13685 9243, 0 0 0 0 0 0 0 0 0 1
1515923551.5 11457 7152 11735 14931 5200 6879 808 6718 11465 8976, 0 0 0 0 0 0 0 0 0 1
1515923552.55 11642 8300 13724 16928 5056 8134 849 5548 11037 10827, 0 0 0 0 0 0 0 0 0 1
1515923553.62 19656 9220 16565 23656 10588 13033 1970 11185 18634 16586, 0 0 0 0 0 0 0 0 0 1
1515923554.66 13004 7240 9234 17026 7470 9349 1399 7700 11080 9502, 0 0 0 0 0 0 0 0 0 1
1515923555.76 11469 5957 9809 16617 6440 6734 400 6207 9723 7601, 0 0 0 0 0 0 0 0 0 1
1515923556.85 10230 9033 12867 15141 9082 8790 415 6093 7312 3679, 0 0 0 0 0 0 0 0 0 1
1515923557.9 10605 9504 12089 15638 8695 8914 711 5664 7441 6223, 0 0 0 0 0 0 0 0 0 1
1515923558.96 10500 8602 11396 14521 8336 7129 898 6647 6641 4500, 0 0 0 0 0 0 0 0 0 1
1515923560.0 13668 9630 12254 11604 8209 8625 396 8372 9893 4331, 0 0 0 0 0 0 0 0 0 1
1515923561.04 12606 9173 12181 9454 5388 8232 707 9803 9882 4209, 0 0 0 0 0 0 0 0 0 1
1515923562.07 17278 10231 19981 12500 5463 8848 587 13053 19246 3846, 0 0 0 0 0 0 0 0 0 1
1515923563.11 17998 16028 21008 12056 5337 8933 1461 18220 17595 9336, 0 0 0 0 0 0 0 0 0 1
1515923564.16 12978 9593 16203 11234 6648 8904 614 10013 14347 6185, 0 0 0 0 0 0 0 0 0 1
1515923565.19 14324 7669 14874 9329 5437 9560 1347 10825 14452 7667, 0 0 0 0 0 0 0 0 0 1
1515923566.28 14158 7372 12065 10229 6708 9962 765 8687 12492 6739, 0 0 0 0 0 0 0 0 0 1
1515923567.38 10279 6662 10470 10781 6405 13367 739 5135 10828 11618, 0 0 0 0 0 0 0 0 0 1
1515923568.47 13052 6095 7630 8838 8615 15143 1048 4086 8308 10713, 0 0 0 0 0 0 0 0 0 1
1515923569.5 9770 4647 5620 6312 5595 13319 548 3917 7545 9141, 0 0 0 0 0 0 0 0 0 1
1515923570.54 7866 3998 5841 6912 6925 11768 65 3801 7027 6086, 0 0 0 0 0 0 0 0 0 1
1515923571.56 11612 4435 6009 8123 9253 17300 288 3669 7516 8939, 0 0 0 0 0 0 0 0 0 1
1515923572.68 17245 7888 12240 12154 12735 27416 424 5129 12222 14057, 0 0 0 0 0 0 0 0 0 1
1515923573.77 11068 4765 7971 7545 6551 13100 227 3898 8116 6411, 0 0 0 0 0 0 0 0 0 1
1515923574.88 9366 5665 9086 8475 5694 12435 5 4312 8975 6029, 0 0 0 0 0 0 0 0 0 1
1515923575.95 12065 6560 11410 10515 8984 13660 80 4789 10461 7909, 0 0 0 0 0 0 0 0 0 1
1515923577.02 13548 8614 12653 10906 7010 13862 224 5194 10284 8997, 0 0 0 0 0 0 0 0 0 1
1515923578.08 14734 9137 10096 8426 6058 12815 339 6115 9293 5233, 0 0 0 0 0 0 0 0 0 1
1515923579.12 22430 14391 17626 13613 7626 17564 484 10112 15997 10480, 0 0 0 0 0 0 0 0 0 1
1515923580.16 13225 6723 12298 9285 5980 14954 537 7522 10446 7480, 0 0 0 0 0 0 0 0 0 1
1515923581.25 10424 8020 14025 11444 7060 13418 528 6326 10925 8376, 0 0 0 0 0 0 0 0 0 1
1515923582.28 16142 5871 11094 7653 6836 14947 863 9473 10288 4660, 0 0 0 0 0 0 0 0 0 1
1515923583.32 14401 6541 12585 6700 6456 12998 301 8052 10923 4558, 0 0 0 0 0 0 0 0 0 1
1515923584.35 12268 8093 15304 9172 5410 11177 272 9219 12136 5908, 0 0 0 0 0 0 0 0 0 1
1515923585.42 11709 7331 12615 9407 7901 12430 542 9320 12027 5710, 0 0 0 0 0 0 0 0 0 1
1515923586.47 11482 7788 14490 11267 6727 10739 504 9488 13780 6900, 0 0 0 0 0 0 0 0 0 1
1515923587.51 10049 8847 13496 12668 8380 9032 916 10946 13186 6396, 0 0 0 0 0 0 0 0 0 1
1515923588.56 9792 9043 12209 14158 8158 8972 1009 8884 12549 7457, 0 0 0 0 0 0 0 0 0 1
1515923589.61 10990 7527 12736 13528 8525 10306 1162 10078 14064 10198, 0 0 0 0 0 0 0 0 0 1
1515923590.67 15190 12062 14817 22060 10693 13630 1684 9034 15440 14035, 0 0 0 0 0 0 0 0 0 1
1515923591.79 9100 8924 9449 14193 7755 9885 987 6157 9700 9890, 0 0 0 0 0 0 0 0 0 1
1515923592.82 11019 9558 11048 12561 6052 7913 983 6962 12193 10096, 0 0 0 0 0 0 0 0 0 1
1515923593.89 9785 6694 10206 12550 5489 9788 409 4832 9219 10006, 0 0 0 0 0 0 0 0 0 1
1515923594.93 7829 7429 13019 14777 6755 9049 224 4471 11242 11248, 0 0 0 0 0 0 0 0 0 1
1515923595.96 8623 6864 11782 14265 7461 10841 401 4812 10581 12497, 0 0 0 0 0 0 0 0 0 1
1515923597.0 13539 6991 11565 11756 7180 14436 215 5564 10842 9537, 0 0 0 0 0 0 0 0 0 1
1515923598.04 12947 8483 11634 8499 5495 13343 93 6333 10613 7304, 0 0 0 0 0 0 0 0 0 1
1515923599.1 13368 7428 12529 11143 5384 14552 296 5310 10450 10687, 0 0 0 0 0 0 0 0 0 1
1515923600.14 15067 5228 9039 10217 4761 14734 863 8321 10647 11012, 0 0 0 0 0 0 0 0 0 1
1515923601.22 15536 7568 13277 17756 8084 20011 798 8054 15798 18388, 0 0 0 0 0 0 0 0 0 1
1515923602.26 12599 6216 7433 10381 6722 15528 240 5263 9041 10240, 0 0 0 0 0 0 0 0 0 1
1515923603.3 11748 8245 6641 10630 4713 16594 603 5165 8287 12055, 0 0 0 0 0 0 0 0 0 1
1515923604.37 12044 8212 9457 8616 5843 15955 611 6046 9686 10916, 0 0 0 0 0 0 0 0 0 1
1515923605.42 10810 6052 7023 11343 8609 16438 548 3914 7764 12372, 0 0 0 0 0 0 0 0 0 1
1515923606.49 12955 5845 5950 8751 7581 17094 518 4935 7700 9363, 0 0 0 0 0 0 0 0 0 1
1515923607.55 12231 5936 7164 10289 8048 16010 743 5830 7941 8137, 0 0 0 0 0 0 0 0 0 1
1515923608.6 13143 6278 6915 9634 7738 15946 1066 4413 4539 6206, 0 0 0 0 0 0 0 0 0 1
1515923609.71 10893 6046 6938 11750 8497 12232 1019 5277 5385 6770, 0 0 0 0 0 0 0 0 0 1
1515923610.74 15423 5407 9631 15329 12058 19160 581 6032 9349 9688, 0 0 0 0 0 0 0 0 0 1
1515923611.77 10861 3704 5389 9727 5989 10292 41 3813 6479 5297, 0 0 0 0 0 0 0 0 0 1
1515923612.82 9783 2147 3234 9476 5416 8705 7 2031 3638 4564, 0 0 0 0 0 0 0 0 0 1
1515923613.89 7950 3312 3415 10798 2594 6436 7 847 4086 5567, 0 0 0 0 0 0 0 0 0 1
1515923614.94 7594 5298 5542 8567 3424 5547 12 1997 4597 5075, 0 0 0 0 0 0 0 0 0 1
1515923615.99 9538 6217 7096 10459 2554 6088 218 3080 5329 7588, 0 0 0 0 0 0 0 0 0 1
1515923617.03 10049 6493 6128 7603 2325 4479 433 4283 7328 6323, 0 0 0 0 0 0 0 0 0 1
1515923618.07 8552 6342 6652 11431 6164 7543 1150 4915 6889 9473, 0 0 0 0 0 0 0 0 0 1
1515923619.12 11433 6775 8567 11359 6572 7202 920 5609 8977 10356, 0 0 0 0 0 0 0 0 0 1
1515923620.15 12880 6440 9080 13521 5735 6354 1698 7832 10989 12325, 0 0 0 0 0 0 0 0 0 1
1515923621.22 19356 11274 19207 23079 7835 8739 1402 8728 18962 18853, 0 0 0 0 0 0 0 0 0 1
1515923622.27 13073 8473 12880 15258 8325 11121 1707 6877 13346 15819, 0 0 0 0 0 0 0 0 0 1
1515923623.33 12906 8516 13885 13800 5748 9135 822 6894 13396 13518, 0 0 0 0 0 0 0 0 0 1
1515923624.37 13578 7473 9683 10578 4973 7694 799 8857 11535 8600, 0 0 0 0 0 0 0 0 0 1
1515923625.4 12333 8485 10090 11347 6876 8196 748 8923 10518 7379, 0 0 0 0 0 0 0 0 0 1
1515923626.44 13376 6845 12527 13176 6226 5890 576 11193 14309 8042, 0 0 0 0 0 0 0 0 0 1
1515923627.48 7850 7637 11542 14366 6057 4460 724 8074 12246 8337, 0 0 0 0 0 0 0 0 0 1
1515923628.53 11496 6577 9164 12538 5513 4418 74 8226 10834 5351, 0 0 0 0 0 0 0 0 0 1
1515923629.58 8480 8670 13762 11988 5999 4413 11 7314 11641 6655, 0 0 0 0 0 0 0 0 0 1
1515923630.61 10407 10636 15189 11091 5344 5773 168 9901 13288 5732, 0 0 0 0 0 0 0 0 0 1
1515923631.64 9424 9629 15766 12873 7270 4235 352 8780 12976 7277, 0 0 0 0 0 0 0 0 0 1
1515923632.67 10443 9040 14498 11177 6174 7247 420 9022 12793 7175, 0 0 0 0 0 0 0 0 0 1
1515923633.7 14654 12648 19878 15533 7495 5382 803 13757 17180 6344, 0 0 0 0 0 0 0 0 0 1
1515923634.74 9385 9871 13148 9275 3530 4145 536 7741 12154 6129, 0 0 0 0 0 0 0 0 0 1
1515923635.78 8725 9622 13269 9620 4493 3218 1244 8968 12724 7774, 0 0 0 0 0 0 0 0 0 1
1515923636.81 9859 9244 11828 10639 4164 4031 914 7961 11273 6455, 0 0 0 0 0 0 0 0 0 1
1515923637.84 7708 7025 10079 11474 5503 5462 811 3976 7309 6167, 0 0 0 0 0 0 0 0 0 1
1515923638.88 9923 8750 9432 11567 5451 5776 968 3808 7316 6830, 0 0 0 0 0 0 0 0 0 1
1515923639.94 10070 5014 6246 10150 4379 7605 979 4300 6094 6177, 0 0 0 0 0 0 0 0 0 1
1515923640.97 10617 5632 6173 9865 4663 7947 1355 7244 8209 7944, 0 0 0 0 0 0 0 0 0 1
1515923641.99 11707 6701 7785 10128 3623 6922 1461 9601 9371 7322, 0 0 0 0 0 0 0 0 0 1
1515923643.04 11999 8637 9315 7868 4430 7335 383 6522 8412 5079, 0 0 0 0 0 0 0 0 0 1
1515923644.09 13086 10272 10094 6413 3914 5973 54 6478 8966 4457, 0 0 0 0 0 0 0 0 0 1
1515923645.14 13023 9924 11930 5197 4510 6761 12 8397 10585 3824, 0 0 0 0 0 0 0 0 0 1
1515923646.17 14479 10227 11714 6039 4640 5599 10 8827 11909 4858, 0 0 0 0 0 0 0 0 0 1
1515923647.2 13373 12917 13020 3535 2567 4362 8 8961 11642 3122, 0 0 0 0 0 0 0 0 0 1
1515923648.26 21977 18826 17570 7149 5070 10131 16 10965 15617 6015, 0 0 0 0 0 0 0 0 0 1
1515923649.31 12616 12804 12987 3613 3730 6579 8 7556 9854 2328, 0 0 0 0 0 0 0 0 0 1
1515923650.34 14748 13450 12392 3076 3236 7680 18 6266 8350 2123, 0 0 0 0 0 0 0 0 0 1
1515923651.37 13895 11308 11095 3481 2314 7333 12 6748 9263 2545, 0 0 0 0 0 0 0 0 0 1
1515923652.4 14117 10635 13754 4048 3835 7813 9 8506 11665 3189, 0 0 0 0 0 0 0 0 0 1
1515923653.43 14037 11628 15204 5597 4441 7768 11 8711 12864 4181, 0 0 0 0 0 0 0 0 0 1
1515923654.48 14982 11693 14227 2311 3222 9874 11 8187 12790 4620, 0 0 0 0 0 0 0 0 0 1
1515923655.56 15595 11102 14793 4934 3427 8265 9 7887 13038 5181, 0 0 0 0 0 0 0 0 0 1
1515923656.62 16590 10242 12866 2728 3165 9614 8 9263 12786 3558, 0 0 0 0 0 0 0 0 0 1
1515923657.69 16875 9621 12064 2813 2818 8907 8 7629 11195 3581, 0 0 0 0 0 0 0 0 0 1
1515923658.72 16916 8334 10752 1729 1895 7784 9 8049 9613 1566, 0 0 0 0 0 0 0 0 0 1
1515923659.75 28186 14511 17882 3204 3115 12675 15 13864 17548 3773, 0 0 0 0 0 0 0 0 0 1
1515923660.78 18302 10015 12390 1326 1903 7769 12 9994 11679 1712, 0 0 0 0 0 0 0 0 0 1
1515923661.81 16206 9247 11232 1808 2476 8033 16 8635 10661 2053, 0 0 0 0 0 0 0 0 0 1
1515923662.84 15274 9788 13555 3911 2639 5404 12 10287 12834 2724, 0 0 0 0 0 0 0 0 0 1
1515923663.87 15840 7988 13726 3653 3163 5658 7 10611 12346 1903, 0 0 0 0 0 0 0 0 0 1
1515923664.9 12963 6824 10022 2515 2965 6284 11 8584 9589 1391, 0 0 0 0 0 0 0 0 0 1
1515923665.94 9420 6148 9980 3452 4290 8183 11 7794 9220 2245, 0 0 0 0 0 0 0 0 0 1
1515923666.97 8839 6579 8185 5837 5387 11131 581 7159 8773 5327, 0 0 0 0 0 0 0 0 0 1
1515923668.02 10012 9393 11528 7648 6689 13143 388 7159 10084 5978, 0 0 0 0 0 0 0 0 0 1
1515923669.06 10720 8125 9317 9637 6544 14769 545 4756 6516 6871, 0 0 0 0 0 0 0 0 0 1
1515923670.16 9127 7906 10371 11027 8312 14203 591 5190 7026 7601, 0 0 0 0 0 0 0 0 0 1
1515923671.24 9685 5612 8511 8937 5698 14648 939 6295 7359 7782, 0 0 0 0 0 0 0 0 0 1
1515923672.28 13207 11555 15356 13700 11177 17632 1516 8396 9860 8426, 0 0 0 0 0 0 0 0 0 1
1515923673.33 9961 6616 7879 7556 7017 14557 879 5819 6448 5458, 0 0 0 0 0 0 0 0 0 1
1515923674.4 9148 7442 8079 7773 7302 11975 660 5034 5703 4221, 0 0 0 0 0 0 0 0 0 1
1515923675.47 9169 7335 11183 10017 8128 12118 854 5960 8322 6742, 0 0 0 0 0 0 0 0 0 1
1515923676.53 7693 8970 13049 11292 7343 10408 535 5852 9422 8149, 0 0 0 0 0 0 0 0 0 1
1515923677.55 9715 7368 13301 12447 7626 11866 450 4747 9666 10150, 0 0 0 0 0 0 0 0 0 1
1515923678.61 10557 6405 10844 11669 7452 13475 532 4308 8253 9322, 0 0 0 0 0 0 0 0 0 1
1515923679.67 9181 6424 10749 10475 7989 13373 756 5680 8124 7247, 0 0 0 0 0 0 0 0 0 1
1515923680.71 10789 6219 7773 5382 6203 13670 368 5592 6502 4967, 0 0 0 0 0 0 0 0 0 1
1515923681.77 7241 6392 8559 6945 6057 12403 14 2958 5061 4643, 0 0 0 0 0 0 0 0 0 1
1515923682.8 10892 10393 12455 7828 9165 21087 389 8116 11860 11080, 0 0 0 0 0 0 0 0 0 1
1515923683.86 6350 8170 9787 9109 7571 11921 887 6296 8470 8043, 0 0 0 0 0 0 0 0 0 1
1515923685.01 5634 8517 8481 5984 6886 12336 339 5061 7551 6081, 0 0 0 0 0 0 0 0 0 1
1515923686.07 7203 6751 8844 7692 7646 12015 422 5296 8030 6362, 0 0 0 0 0 0 0 0 0 1
1515923687.17 9319 8105 10389 8787 8498 15241 112 4716 8218 5960, 0 0 0 0 0 0 0 0 0 1
1515923688.23 12057 5273 8857 7025 9073 15779 15 4444 7608 3627, 0 0 0 0 0 0 0 0 0 1
1515923689.3 20640 7554 10502 10744 8905 17012 19 7946 9951 3342, 0 0 0 0 0 0 0 0 0 1
1515923690.36 13453 5917 7030 5485 9517 17265 216 5971 7668 3767, 0 0 0 0 0 0 0 0 0 1
1515923691.44 12400 6332 8843 8120 6510 13981 390 5680 7734 4188, 0 0 0 0 0 0 0 0 0 1
1515923692.51 14938 4717 5555 8787 8834 16539 714 4626 4676 3018, 0 0 0 0 0 0 0 0 0 1
1515923693.54 13077 4043 7776 11688 7319 16927 826 4180 4565 4137, 0 0 0 0 0 0 0 0 0 1
1515923694.59 11125 3334 7913 12202 9508 14729 812 5038 6449 4758, 0 0 0 0 0 0 0 0 0 1
1515923695.63 11229 4092 9608 13073 8997 14768 1339 7463 8610 6980, 0 0 0 0 0 0 0 0 0 1
1515923696.68 9943 4884 11186 11705 7225 12658 921 6757 9982 7707, 0 0 0 0 0 0 0 0 0 1
1515923697.71 12142 4645 10302 12040 9758 13196 951 7888 10307 6191, 0 0 0 0 0 0 0 0 0 1
1515923698.8 9076 5213 10190 10630 8196 13619 592 7530 10603 6133, 0 0 0 0 0 0 0 0 0 1
1515923699.86 12732 7167 15505 17029 9898 21290 834 8437 15656 12567, 0 0 0 0 0 0 0 0 0 1
1515923700.92 8875 5565 13442 12797 5196 10364 735 6416 11762 8986, 0 0 0 0 0 0 0 0 0 1
1515923701.99 9459 5192 9102 12522 7092 10395 916 6551 9446 8384, 0 0 0 0 0 0 0 0 0 1
1515923703.08 10066 6121 8707 11587 5719 8953 511 6477 9880 6839, 0 0 0 0 0 0 0 0 0 1
1515923704.18 10123 5983 11111 12948 6877 8982 567 5918 11537 8855, 0 0 0 0 0 0 0 0 0 1
1515923705.21 9212 5785 7871 12784 6031 7600 924 4709 7877 8522, 0 0 0 0 0 0 0 0 0 1
1515923706.24 8300 6619 8308 10639 5176 5956 639 3934 7871 7001, 0 0 0 0 0 0 0 0 0 1
1515923707.27 8960 4826 5132 8218 4382 6131 771 4059 5166 5312, 0 0 0 0 0 0 0 0 0 1
1515923708.32 14128 9882 9246 13127 7486 9847 795 6204 8649 8038, 0 0 0 0 0 0 0 0 0 1
1515923709.36 11287 8267 10844 12231 7968 7635 579 5392 8598 5902, 0 0 0 0 0 0 0 0 0 1
1515923710.4 9620 8949 11535 13903 6113 5767 872 5160 8803 8955, 0 0 0 0 0 0 0 0 0 1
1515923711.44 9561 7556 9920 11420 5774 5293 708 6675 8487 5676, 0 0 0 0 0 0 0 0 0 1
1515923712.49 8923 7496 11098 12357 5110 5437 679 6763 9339 7856, 0 0 0 0 0 0 0 0 0 1
1515923713.52 10919 7946 11423 11096 4480 4612 634 7442 10126 6643, 0 0 0 0 0 0 0 0 0 1
1515923714.6 8067 7917 12598 15618 7608 4899 1035 6535 10966 9241, 0 0 0 0 0 0 0 0 0 1
1515923715.64 7435 6332 8884 16482 7921 6653 1455 5324 9218 9712, 0 0 0 0 0 0 0 0 0 1
1515923716.71 8127 6428 8199 14208 7326 6083 1177 4338 6552 7083, 0 0 0 0 0 0 0 0 0 1
1515923717.76 10125 5426 10591 12869 7793 8097 1002 6038 9481 7290, 0 0 0 0 0 0 0 0 0 1
1515923718.83 11906 5798 10768 12391 7676 9171 776 6066 10234 7965, 0 0 0 0 0 0 0 0 0 1
1515923719.93 22067 9848 15527 14786 12471 16103 595 11121 16045 7161, 0 0 0 0 0 0 0 0 0 1
1515923721.02 13072 4775 7695 11941 8110 9330 910 6062 9314 6114, 0 0 0 0 0 0 0 0 0 1
1515923722.08 13358 4982 6650 13230 10322 11899 427 4346 8028 5017, 0 0 0 0 0 0 0 0 0 1
1515923723.13 12079 4796 7909 13145 9669 11410 613 3649 5800 4088, 0 0 0 0 0 0 0 0 0 1
1515923724.16 10643 5737 7129 12286 7688 10154 629 2799 5264 4339, 0 0 0 0 0 0 0 0 0 1
1515923725.22 10387 7379 9857 13640 7198 10193 1043 3978 8205 7453, 0 0 0 0 0 0 0 0 0 1
1515923726.29 10119 6691 8314 13276 7185 9714 965 4322 7051 5632, 0 0 0 0 0 0 0 0 0 1
1515923727.34 12884 11585 10774 11677 7100 11703 767 5699 7657 6482, 0 0 0 0 0 0 0 0 0 1
1515923728.39 17615 9338 13557 16594 8601 13112 431 4964 12079 7426, 0 0 0 0 0 0 0 0 0 1
1515923729.43 12600 11380 11975 12862 5664 5553 684 5777 10784 7843, 0 0 0 0 0 0 0 0 0 1
1515923730.47 9659 9900 11271 13533 5527 4445 332 3674 10652 7972, 0 0 0 0 0 0 0 0 0 1
1515923731.5 10006 9027 12444 11137 4520 4851 613 5602 9328 5564, 0 0 0 0 0 0 0 0 0 1
1515923732.54 9021 10469 13341 10751 4349 5221 541 6006 10092 5699, 0 0 0 0 0 0 0 0 0 1
1515923733.57 9305 11064 12161 9560 4241 5552 668 4970 8492 5532, 0 0 0 0 0 0 0 0 0 1
1515923734.62 9381 10426 13200 7582 3190 5916 338 5463 9283 4822, 0 0 0 0 0 0 0 0 0 1
1515923735.67 9244 10946 10478 4251 2707 5205 221 5665 7180 2184, 0 0 0 0 0 0 0 0 0 1
1515923736.74 9650 10893 11152 4669 2860 5133 11 7092 9118 2057, 0 0 0 0 0 0 0 0 0 1
1515923737.81 12518 11628 12239 3482 2896 6156 5 8981 10380 1425, 0 0 0 0 0 0 0 0 0 1
1515923738.86 12939 13211 12396 3128 3207 5820 10 10461 10399 1595, 0 0 0 0 0 0 0 0 0 1
1515923739.92 16474 10161 12658 3869 3461 10016 33 7911 12001 2555, 0 0 0 0 0 0 0 0 0 1
1515923740.96 11381 7739 11204 4732 3299 6601 282 9145 11759 3537, 0 0 0 0 0 0 0 0 0 1
1515923741.99 10226 8763 10453 2799 2636 6986 6 8333 10108 1799, 0 0 0 0 0 0 0 0 0 1
1515923743.04 12179 9045 11040 2939 3313 8397 28 8915 11359 2650, 0 0 0 0 0 0 0 0 0 1
1515923744.07 13364 9634 14464 6894 4833 9532 18 8402 12605 4354, 0 0 0 0 0 0 0 0 0 1
1515923745.13 13409 10206 12093 5665 3853 8869 9 7138 10537 3415, 0 0 0 0 0 0 0 0 0 1
1515923746.17 12330 9569 11438 6789 4012 8961 12 5557 9580 4072, 0 0 0 0 0 0 0 0 0 1
1515923747.22 13342 9843 13584 6064 2672 8219 8 8394 13207 4834, 0 0 0 0 0 0 0 0 0 1
1515923748.29 13569 9031 13197 6687 3163 8091 144 8981 12812 4797, 0 0 0 0 0 0 0 0 0 1
1515923749.4 10012 8581 12417 7267 4148 7013 309 7304 11638 5932, 0 0 0 0 0 0 0 0 0 1
1515923750.47 13297 10709 13841 11096 7427 11190 815 10160 13349 7629, 0 0 0 0 0 0 0 0 0 1
1515923751.56 7985 6036 8475 10094 5786 8473 423 6204 8335 7153, 0 0 0 0 0 0 0 0 0 1
1515923752.66 8076 4750 8953 11131 6213 8172 194 5063 8147 7597, 0 0 0 0 0 0 0 0 0 1
1515923753.75 9671 6468 10465 12588 6448 7929 222 4924 8229 5958, 0 0 0 0 0 0 0 0 0 1
1515923754.81 7557 5565 8562 10538 5853 6588 308 5336 8778 7539, 0 0 0 0 0 0 0 0 0 1
1515923755.9 4188 4776 7423 8398 5405 5365 362 3918 5683 4678, 0 0 0 0 0 0 0 0 0 1
1515923756.95 7627 7947 13068 16352 7953 6673 432 7772 11927 8421, 0 0 0 0 0 0 0 0 0 1
1515923758.0 5889 5321 8552 11410 6773 6743 504 6383 9322 7059, 0 0 0 0 0 0 0 0 0 1
1515923759.03 10365 7030 11314 7089 5645 9236 136 9209 10707 4749, 0 0 0 0 0 0 0 0 0 1
1515923760.09 11040 10107 11208 4738 4982 8780 17 8099 9345 2771, 0 0 0 0 0 0 0 0 0 1
1515923761.17 15377 10273 11584 2550 3884 10161 13 10378 11781 2496, 0 0 0 0 0 0 0 0 0 1
1515923762.21 15090 11279 12948 4869 4107 10156 55 7540 11863 6185, 0 0 0 0 0 0 0 0 0 1
1515923763.26 14368 11923 15986 7352 5171 6865 149 11384 16102 5217, 0 0 0 0 0 0 0 0 0 1
1515923764.34 13472 11707 16875 8745 5295 5790 179 10162 16836 7237, 0 0 0 0 0 0 0 0 0 1
1515923765.38 11536 11278 15240 7444 6641 7752 19 8286 15258 7010, 0 0 0 0 0 0 0 0 0 1
1515923766.41 16834 15583 18799 10671 8431 12112 224 10066 18304 9109, 0 0 0 0 0 0 0 0 0 1
1515923767.45 9345 9878 11418 6449 6025 10472 429 7942 11765 5625, 0 0 0 0 0 0 0 0 0 1
1515923768.51 10498 9713 12045 7865 5715 11457 184 6720 11088 5864, 0 0 0 0 0 0 0 0 0 1
1515923769.55 8071 10177 14063 9431 5499 9739 247 5068 11333 8425, 0 0 0 0 0 0 0 0 0 1
1515923770.6 9046 7812 10513 11490 5907 6795 718 4254 8170 7139, 0 0 0 0 0 0 0 0 0 1
1515923771.65 8605 7135 11228 12164 7519 9292 810 4742 7474 6287, 0 0 0 0 0 0 0 0 0 1
1515923772.7 9754 7080 11916 14475 7382 6353 676 4529 8718 7054, 0 0 0 0 0 0 0 0 0 1
1515923773.75 9954 8770 11218 12120 6872 6911 678 5758 9645 7394, 0 0 0 0 0 0 0 0 0 1
1515923774.79 10534 7957 9839 11794 5972 7242 216 4161 8178 6276, 0 0 0 0 0 0 0 0 0 1
1515923775.82 11182 8296 8811 7145 4828 6891 85 5797 8802 3868, 0 0 0 0 0 0 0 0 0 1
1515923776.86 12927 7447 7795 6526 5230 8851 40 5538 7809 2393, 0 0 0 0 0 0 0 0 0 1
1515923777.91 15563 8126 7940 4104 4860 8782 15 8934 9408 511, 0 0 0 0 0 0 0 0 0 1
1515923779.01 21702 10907 10111 4005 4621 9205 20 10627 12748 2175, 0 0 0 0 0 0 0 0 0 1
1515923780.04 11850 6109 5591 2686 2737 8641 11 4360 5459 1134, 0 0 0 0 0 0 0 0 0 1
1515923781.16 13580 5648 3947 2048 2752 8090 11 3703 4753 1080, 0 0 0 0 0 0 0 0 0 1
1515923782.2 16640 7382 5612 1856 3729 9601 11 4773 5439 695, 0 0 0 0 0 0 0 0 0 1
1515923783.28 14848 6618 5312 1195 1970 6548 13 5185 5589 433, 0 0 0 0 0 0 0 0 0 1
1515923784.33 13869 8194 6017 1734 3250 7666 9 4620 5444 856, 0 0 0 0 0 0 0 0 0 1
1515923785.38 12541 7275 5997 3411 2783 6415 60 3847 5149 1709, 0 0 0 0 0 0 0 0 0 1
1515923786.44 10239 6263 5460 4905 3505 7631 98 2465 4161 2859, 0 0 0 0 0 0 0 0 0 1
1515923787.5 12909 10807 8613 10432 5544 7326 591 5275 8783 5880, 0 0 0 0 0 0 0 0 0 1
1515923788.55 6318 5962 6764 8702 3358 3576 534 2747 5629 5132, 0 0 0 0 0 0 0 0 0 1
1515923789.59 8192 5601 7247 8359 4431 4634 284 3142 5546 4333, 0 0 0 0 0 0 0 0 0 1
1515923790.64 7648 3966 6256 9487 3414 3683 330 3093 5232 3376, 0 0 0 0 0 0 0 0 0 1
1515923791.68 8569 2788 5719 11736 4598 4446 389 2862 4353 3237, 0 0 0 0 0 0 0 0 0 1
1515923792.75 8001 3151 5304 10035 3939 3244 152 3034 4745 2560, 0 0 0 0 0 0 0 0 0 1
1515923793.81 8442 3262 6721 12178 3556 4262 490 4286 5111 4967, 0 0 0 0 0 0 0 0 0 1
1515923794.88 10234 4871 7051 12915 3470 4931 637 4144 6220 6244, 0 0 0 0 0 0 0 0 0 1
1515923795.93 9646 5127 7290 12759 4817 5017 984 5414 6783 7885, 0 0 0 0 0 0 0 0 0 1
1515923797.0 11602 6146 11180 24431 7750 7128 1654 6906 9037 13694, 0 0 0 0 0 0 0 0 0 1
1515923798.02 6052 6665 9863 15962 5685 5770 700 4551 8750 9369, 0 0 0 0 0 0 0 0 0 1
1515923799.05 6102 5789 10559 15771 5500 4031 1184 7665 10131 9572, 0 0 0 0 0 0 0 0 0 1
1515923800.11 7311 5015 10454 14872 6473 5583 1388 8455 9963 6992, 0 0 0 0 0 0 0 0 0 1
1515923801.18 5758 6786 11625 16014 5655 5273 1534 6538 9964 9886, 0 0 0 0 0 0 0 0 0 1
1515923802.22 6841 7334 12463 16000 6571 5941 1860 8700 11532 9554, 0 0 0 0 0 0 0 0 0 1
1515923803.26 6319 7937 13540 15391 5389 4729 2029 9174 13068 11441, 0 0 0 0 0 0 0 0 0 1
1515923804.31 6565 7395 11141 15452 7532 5474 791 5939 9612 7299, 0 0 0 0 0 0 0 0 0 1
1515923805.4 7784 8264 11536 13973 5456 6396 819 5495 9834 8375, 0 0 0 0 0 0 0 0 0 1
1515923806.44 9344 10398 12559 13825 5776 7268 243 6394 9981 7564, 0 0 0 0 0 0 0 0 0 1
1515923807.52 11926 15046 17567 17681 8657 10329 588 8059 13134 10318, 0 0 0 0 0 0 0 0 0 1
1515923808.59 6443 10126 11683 13570 7170 6736 439 4059 8488 7944, 0 0 0 0 0 0 0 0 0 1
1515923809.65 6971 7327 8436 10549 6965 6678 293 2223 6901 6905, 0 0 0 0 0 0 0 0 0 1
1515923810.72 7704 9302 11078 10365 7576 6795 96 2067 7824 6919, 0 0 0 0 0 0 0 0 0 1
1515923811.77 7807 8684 9466 12384 8195 7690 351 2216 6713 6765, 0 0 0 0 0 0 0 0 0 1
1515923812.8 8902 8447 8532 12590 7547 7245 674 2839 6735 7281, 0 0 0 0 0 0 0 0 0 1
1515923813.84 10637 7813 7678 8425 5302 6755 747 3342 7073 6901, 0 0 0 0 0 0 0 0 0 1
1515923814.89 9170 7736 8035 10430 5804 7368 1276 4400 8079 8322, 0 0 0 0 0 0 0 0 0 1
1515923815.95 8137 6768 6157 9580 4280 7861 996 3726 6993 7467, 0 0 0 0 0 0 0 0 0 1
1515923817.0 15381 8780 8000 13368 7830 14223 1403 4719 8228 9839, 0 0 0 0 0 0 0 0 0 1
1515923818.06 10145 6078 3885 9243 7004 12559 1823 4413 5283 7276, 0 0 0 0 0 0 0 0 0 1
1515923819.12 9240 4340 6882 10362 9327 12472 1618 5831 7661 7042, 0 0 0 0 0 0 0 0 0 1
1515923820.19 9508 3779 6338 9905 10997 13298 1836 6850 8247 7892, 0 0 0 0 0 0 0 0 0 1
1515923821.25 6397 5238 6630 9257 11910 12598 1360 5510 7361 6436, 0 0 0 0 0 0 0 0 0 1
1515923822.29 7069 5059 9102 11847 14150 13661 718 4044 7895 7841, 0 0 0 0 0 0 0 0 0 1
1515923823.35 8512 2811 5688 8942 12148 15237 939 6047 7031 6134, 0 0 0 0 0 0 0 0 0 1
1515923824.46 6949 5047 8043 10006 13314 14239 404 3722 6823 5067, 0 0 0 0 0 0 0 0 0 1
1515923825.5 11366 4287 8547 14945 12493 15323 923 6268 10402 8235, 0 0 0 0 0 0 0 0 0 1
1515923826.58 10562 7706 11105 8182 14542 17584 211 6002 9164 6235, 0 0 0 0 0 0 0 0 0 1
1515923827.64 9223 4713 10974 9719 11851 13971 25 5422 8981 5419, 0 0 0 0 0 0 0 0 0 1
1515923828.68 10194 5042 11040 9304 12375 13124 24 7142 9917 4740, 0 0 0 0 0 0 0 0 0 1
1515923829.74 8071 5167 11223 11008 13007 11819 66 5379 9216 5039, 0 0 0 0 0 0 0 0 0 1
1515923830.79 6734 6745 12097 9588 10879 11046 87 6036 9462 4762, 0 0 0 0 0 0 0 0 0 1
1515923831.83 8145 6536 11243 9905 11794 10573 551 6689 9059 6339, 0 0 0 0 0 0 0 0 0 1
1515923832.86 8397 7484 9483 10939 12279 10585 219 4696 7467 5080, 0 0 0 0 0 0 0 0 0 1
1515923833.89 9792 5900 8547 11148 11842 12347 578 4785 7597 6584, 0 0 0 0 0 0 0 0 0 1
1515923834.93 7113 3643 6175 12171 15652 12896 79 3440 6003 6356, 0 0 0 0 0 0 0 0 0 1
1515923835.98 8476 4388 6853 14601 13902 12421 293 4280 6823 7448, 0 0 0 0 0 0 0 0 0 1
1515923837.04 11201 4638 5919 13407 12402 15839 295 3680 5434 9643, 0 0 0 0 0 0 0 0 0 1
1515923838.1 5839 4541 6349 10474 16618 17921 600 1722 5394 9851, 0 0 0 0 0 0 0 0 0 1
1515923839.13 6258 4206 7279 11910 13184 12650 728 3267 7637 9298, 0 0 0 0 0 0 0 0 0 1
1515923840.2 8244 5509 8878 11103 12409 13832 367 4077 8313 7895, 0 0 0 0 0 0 0 0 0 1
1515923841.26 7133 4098 7427 10363 11651 11717 790 4433 8158 7832, 0 0 0 0 0 0 0 0 0 1
1515923842.37 7494 5560 9958 9231 8735 12189 879 5930 9367 9673, 0 0 0 0 0 0 0 0 0 1
1515923843.41 7289 5392 11372 11679 8983 11961 1726 7027 12840 13163, 0 0 0 0 0 0 0 0 0 1
1515923844.45 7030 6985 12360 12465 9271 9559 1482 8998 12788 10888, 0 0 0 0 0 0 0 0 0 1
1515923845.51 6887 6713 13210 14248 10932 10532 606 5667 12300 11530, 0 0 0 0 0 0 0 0 0 1
1515923846.56 13213 6729 14127 22699 11627 16031 1214 8217 15825 18894, 0 0 0 0 0 0 0 0 0 1
1515923847.6 6743 5706 9417 15916 11250 10105 620 5569 10677 9909, 0 0 0 0 0 0 0 0 0 1
1515923848.63 8140 3840 8350 16129 13498 12514 833 5986 8961 8544, 0 0 0 0 0 0 0 0 0 1
1515923849.68 8637 6025 11410 16292 13069 12793 591 5458 10502 9274, 0 0 0 0 0 0 0 0 0 1
1515923850.73 9576 5829 10805 15885 12088 11246 727 6025 10172 8210, 0 0 0 0 0 0 0 0 0 1
1515923851.79 10088 5619 10325 12191 12765 12627 826 7718 10700 6374, 0 0 0 0 0 0 0 0 0 1
1515923852.85 9767 5645 9942 15941 11508 11552 767 8093 10914 7888, 0 0 0 0 0 0 0 0 0 1
1515923853.91 8730 6828 12169 15412 10487 11623 547 7971 11663 7946, 0 0 0 0 0 0 0 0 0 1
1515923854.99 10358 7444 13859 14878 8916 10111 459 9409 13272 8311, 0 0 0 0 0 0 0 0 0 1
1515923856.07 10055 8293 12534 12487 12176 12442 8 7600 11024 5376, 0 0 0 0 0 0 0 0 0 1
1515923857.11 12399 13356 18744 20194 17613 18706 15 8544 13300 8777, 0 0 0 0 0 0 0 0 0 1
1515923858.17 6977 8321 13735 14994 12663 11390 5 4373 9243 6787, 0 0 0 0 0 0 0 0 0 1
1515923859.21 4662 7341 12211 16377 14556 10443 11 4150 8437 7636, 0 0 0 0 0 0 0 0 0 1
1515923860.25 5173 5786 10393 15801 9497 7914 343 4592 8775 8559, 0 0 0 0 0 0 0 0 0 1
1515923861.31 4828 7037 10923 14470 6026 7120 215 3697 9809 10760, 0 0 0 0 0 0 0 0 0 1
1515923862.35 6295 7176 9750 12337 5862 9386 8 4285 11118 10049, 0 0 0 0 0 0 0 0 0 1
1515923863.42 7739 8644 9981 12467 4742 10063 10 5237 11114 9222, 0 0 0 0 0 0 0 0 0 1
1515923864.49 8147 7766 9253 10311 4001 11013 6 5228 9206 5737, 0 0 0 0 0 0 0 0 0 1
1515923865.53 8640 7686 10878 9346 4174 9067 8 7404 11231 5249, 0 0 0 0 0 0 0 0 0 1
1515923866.6 14363 11872 16101 15542 4059 13547 150 12555 17768 7128, 0 0 0 0 0 0 0 0 0 1
1515923867.65 9035 8438 12825 11118 4591 7465 337 10711 14664 5884, 0 0 0 0 0 0 0 0 0 1
1515923868.71 7572 7059 8880 9693 4973 9377 384 6970 9742 5225, 0 0 0 0 0 0 0 0 0 1
1515923869.82 6864 7526 7547 9473 6412 10774 385 5224 6611 4438, 0 0 0 0 0 0 0 0 0 1
1515923870.85 7515 5472 6115 11113 7775 12349 310 4436 7193 6086, 0 0 0 0 0 0 0 0 0 1
1515923871.89 8767 6174 7972 8178 8353 12734 438 5650 9364 6355, 0 0 0 0 0 0 0 0 0 1
1515923872.94 8717 5039 8042 9584 8199 11790 218 5483 9491 7386, 0 0 0 0 0 0 0 0 0 1
1515923873.98 8163 7698 9775 8893 8917 12451 365 5293 8811 6758, 0 0 0 0 0 0 0 0 0 1
1515923875.01 8106 8452 12785 10169 7955 9305 268 7710 11672 7128, 0 0 0 0 0 0 0 0 0 1
1515923876.05 8607 8100 12207 10526 9674 10373 8 7237 11090 5502, 0 0 0 0 0 0 0 0 0 1
1515923877.12 13874 10853 16277 16311 11025 13848 8 7673 12343 7386, 0 0 0 0 0 0 0 0 0 1
1515923878.18 9339 6323 9540 12539 10323 12755 3 4475 7321 3550, 0 0 0 0 0 0 0 0 0 1
1515923879.22 11089 5042 10125 12025 9552 10608 21 6033 10406 4751, 0 0 0 0 0 0 0 0 0 1
1515923880.27 11610 4470 9379 10710 8017 8149 76 7453 10388 3475, 0 0 0 0 0 0 0 0 0 1
1515923881.32 11200 4206 7014 11847 7037 7315 284 4733 7878 4074, 0 0 0 0 0 0 0 0 0 1
1515923882.36 11068 5928 8994 13539 10031 8115 625 6598 9737 5553, 0 0 0 0 0 0 0 0 0 1
1515923883.4 9404 4897 8441 13400 8139 8766 605 3909 8284 6279, 0 0 0 0 0 0 0 0 0 1
1515923884.44 9083 5315 6123 10809 9446 10073 812 3110 9857 9213, 0 0 0 0 0 0 0 0 0 1
1515923885.47 9581 5681 8109 10517 9812 10968 921 3830 11132 10175, 0 0 0 0 0 0 0 0 0 1
1515923886.55 11163 7034 10132 11354 11722 10481 435 4350 10740 7993, 0 0 0 0 0 0 0 0 0 1
1515923887.62 11377 6184 9651 14099 12364 9858 1138 5934 9725 8088, 0 0 0 0 0 0 0 0 0 1
1515923888.69 11796 10776 16025 27477 20042 12605 1011 5367 15715 15063, 0 0 0 0 0 0 0 0 0 1
1515923889.73 8838 8511 10214 14461 12527 10622 327 2605 8173 6538, 0 0 0 0 0 0 0 0 0 1
1515923890.79 7828 6523 9500 14573 12050 9699 692 3819 8307 6567, 0 0 0 0 0 0 0 0 0 1
1515923891.85 8727 7546 11515 12841 9970 9180 510 4064 9940 7420, 0 0 0 0 0 0 0 0 0 1
1515923892.91 7225 6323 9413 14510 10269 9549 434 3791 9140 7724, 0 0 0 0 0 0 0 0 0 1
1515923893.95 9888 5509 9141 11748 7870 9232 710 4467 8247 7827, 0 0 0 0 0 0 0 0 0 1
1515923894.99 8236 6868 9653 12106 7210 8227 1077 6770 9706 8229, 0 0 0 0 0 0 0 0 0 1
1515923896.06 9655 6735 8900 10906 6041 7421 458 5211 8113 6534, 0 0 0 0 0 0 0 0 0 1
1515923897.13 10153 7457 9196 9892 4972 6797 782 5860 9165 7168, 0 0 0 0 0 0 0 0 0 1
1515923898.21 14430 10186 13575 14885 8928 12857 1668 9047 14165 13131, 0 0 0 0 0 0 0 0 0 1
1515923899.29 9402 5416 7128 9549 10062 12536 253 3279 7484 7456, 0 0 0 0 0 0 0 0 0 1
1515923900.34 8189 5224 7306 9151 9331 11281 475 4161 8147 8233, 0 0 0 0 0 0 0 0 0 1
1515923901.37 6563 4580 6077 9332 10353 10594 593 3903 7859 7191, 0 0 0 0 0 0 0 0 0 1
1515923902.44 6290 4472 5458 9163 9179 10988 905 4141 6689 6713, 0 0 0 0 0 0 0 0 0 1
1515923903.48 7810 4042 6721 11439 12481 11861 62 2376 7104 5944, 0 0 0 0 0 0 0 0 0 1
1515923904.54 9629 5930 9015 10598 9975 10161 87 4416 9203 6262, 0 0 0 0 0 0 0 0 0 1
1515923905.61 10396 5836 10181 10638 10861 12968 38 3705 8100 5724, 0 0 0 0 0 0 0 0 0 1
1515923906.63 16340 8232 14053 15643 14390 18978 215 6727 12668 8197, 0 0 0 0 0 0 0 0 0 1
1515923907.7 12230 7922 12255 8934 7820 10663 77 5249 10382 6039, 0 0 0 0 0 0 0 0 0 1
1515923908.74 10940 8135 10553 7783 7486 10932 101 4555 9944 5784, 0 0 0 0 0 0 0 0 0 1
1515923909.78 12337 6699 9717 8895 7831 9609 22 6102 10253 4534, 0 0 0 0 0 0 0 0 0 1
1515923910.84 11114 5152 9253 8196 7245 9508 139 5666 10209 5789, 0 0 0 0 0 0 0 0 0 1
1515923911.89 11148 5367 8801 8183 6851 6807 152 5510 10059 5956, 0 0 0 0 0 0 0 0 0 1
1515923912.94 10221 7565 11819 9649 8012 6147 53 6173 10836 4883, 0 0 0 0 0 0 0 0 0 1
1515923914.0 10107 6417 10095 13511 10312 6609 127 2932 9310 6874, 0 0 0 0 0 0 0 0 0 1
1515923915.04 10337 7238 10571 13324 10067 8771 74 2527 9663 7422, 0 0 0 0 0 0 0 0 0 1
1515923916.08 8563 8987 12419 16329 9847 8255 105 2735 11429 9067, 0 0 0 0 0 0 0 0 0 1
1515923917.12 10290 6605 8499 15357 10737 7696 278 4064 9347 6179, 0 0 0 0 0 0 0 0 0 1
1515923918.17 15673 9946 13799 21872 13300 10850 471 4614 14516 11331, 0 0 0 0 0 0 0 0 0 1
1515923919.21 10867 7700 10727 12536 7356 6306 605 6710 10124 5268, 0 0 0 0 0 0 0 0 0 1
1515923920.24 9705 7274 8465 10254 7534 8843 381 4857 8571 4856, 0 0 0 0 0 0 0 0 0 1
1515923921.34 9121 6182 6626 8849 7941 10830 288 3889 6103 3468, 0 0 0 0 0 0 0 0 0 1
1515923922.4 11265 5719 7525 9706 7753 11329 219 5249 8103 4276, 0 0 0 0 0 0 0 0 0 1
1515923923.46 11074 6909 9789 10858 6693 10816 434 4397 9253 6534, 0 0 0 0 0 0 0 0 0 1
1515923924.52 11132 6777 5572 8484 7504 9882 380 3992 6008 3153, 0 0 0 0 0 0 0 0 0 1
1515923925.62 12079 5053 4480 8411 8520 11191 343 5644 7890 3276, 0 0 0 0 0 0 0 0 0 1
1515923926.68 13445 8028 8604 15733 13714 17123 854 7106 10384 8010, 0 0 0 0 0 0 0 0 0 1
1515923927.76 9921 5918 3873 10058 7420 9877 353 3229 5137 3556, 0 0 0 0 0 0 0 0 0 1
1515923928.81 10791 3860 3934 8283 7719 11134 678 5231 7530 4873, 0 0 0 0 0 0 0 0 0 1
1515923929.84 11369 4436 5949 8854 6282 10541 873 5877 7767 5781, 0 0 0 0 0 0 0 0 0 1
1515923930.87 12493 4206 8230 8692 4983 7911 130 6752 9413 4849, 0 0 0 0 0 0 0 0 0 1
1515923931.9 11629 4930 7503 7998 8264 9711 205 5021 8225 5209, 0 0 0 0 0 0 0 0 0 1
1515923932.94 14870 3757 8024 8755 8437 10436 293 6315 9625 4822, 0 0 0 0 0 0 0 0 0 1
1515923933.97 15892 5169 9058 7958 7600 9735 391 7518 10660 4706, 0 0 0 0 0 0 0 0 0 1
1515923935.02 13622 5349 8937 8014 8536 11884 310 5575 9476 5149, 0 0 0 0 0 0 0 0 0 1
1515923936.07 10885 6961 11347 10698 10622 13608 116 7174 10210 4643, 0 0 0 0 0 0 0 0 0 1
1515923937.12 11306 5505 6487 8643 9163 11675 286 4680 5898 3946, 0 0 0 0 0 0 0 0 0 1
1515923938.21 12693 5660 8319 7094 8716 10200 212 6909 7809 3544, 0 0 0 0 0 0 0 0 0 1
1515923939.26 13741 8374 12034 14016 13243 15387 6 6745 9972 7446, 0 0 0 0 0 0 0 0 0 1
1515923940.29 8077 6210 8152 9110 7709 8442 7 2889 5087 5542, 0 0 0 0 0 0 0 0 0 1
1515923941.38 7481 6665 8514 11146 5974 7777 20 3521 6532 6442, 0 0 0 0 0 0 0 0 0 1
1515923942.41 7262 7865 10360 13416 6665 9214 592 4618 8608 10001, 0 0 0 0 0 0 0 0 0 1
1515923943.47 8298 9117 10681 12408 6601 8613 431 4368 8291 7243, 0 0 0 0 0 0 0 0 0 1
1515923944.5 9010 8107 10804 12558 8176 9511 363 4087 7740 6521, 0 0 0 0 0 0 0 0 0 1
1515923945.59 8769 8086 9387 13353 8392 10163 348 4853 8726 6016, 0 0 0 0 0 0 0 0 0 1
1515923946.63 6811 6014 7638 11676 9909 10003 402 3022 6177 5840, 0 0 0 0 0 0 0 0 0 1
1515923947.68 10866 6342 8967 11537 7912 10255 299 3393 8214 6927, 0 0 0 0 0 0 0 0 0 1
1515923948.75 14657 9627 12091 15096 10653 15380 706 6966 10397 6744, 0 0 0 0 0 0 0 0 0 1
1515923949.81 10527 7597 11063 8285 4459 10734 195 5505 8558 5825, 0 0 0 0 0 0 0 0 0 1
1515923950.86 11246 6198 9415 7966 4483 9138 233 5783 8046 6046, 0 0 0 0 0 0 0 0 0 1
1515923951.92 11096 7368 11275 9702 5666 7197 10 5928 9966 6208, 0 0 0 0 0 0 0 0 0 1
1515923952.95 8415 6072 10104 12434 7373 7977 3 5252 9535 7192, 0 0 0 0 0 0 0 0 0 1
1515923954.04 7633 5146 9924 12407 6215 5414 28 5224 8730 6201, 0 0 0 0 0 0 0 0 0 1
1515923955.11 8605 4214 8936 12790 7263 7126 297 5311 8334 5150, 0 0 0 0 0 0 0 0 0 1
1515923956.14 9796 6078 11256 12721 5816 5013 526 8553 10108 4296, 0 0 0 0 0 0 0 0 0 1
1515923957.2 7672 5497 9347 16180 5811 3155 552 5530 8240 6137, 0 0 0 0 0 0 0 0 0 1
1515923958.23 12109 7521 15546 21023 4335 2841 1175 11188 14246 10549, 0 0 0 0 0 0 0 0 0 1
1515923959.27 8781 5014 9431 11598 4118 2350 1330 7904 9768 6620, 0 0 0 0 0 0 0 0 0 1
1515923960.31 8622 4580 8554 11140 3679 2336 1749 7067 9259 7452, 0 0 0 0 0 0 0 0 0 1
1515923961.4 9519 3401 6820 11154 3371 4426 1574 5271 6721 6203, 0 0 0 0 0 0 0 0 0 1
1515923962.45 12077 3306 5764 7121 3355 3661 771 4554 6013 3799, 0 0 0 0 0 0 0 0 0 1
1515923963.54 12393 3901 5707 7654 2829 4720 783 4641 5700 3430, 0 0 0 0 0 0 0 0 0 1
1515923964.6 9151 4384 5133 5167 3506 4648 412 2551 3796 2506, 0 0 0 0 0 0 0 0 0 1
1515923965.69 8978 4742 6332 6565 3601 4435 379 3018 5012 3520, 0 0 0 0 0 0 0 0 0 1
1515923966.77 10163 5779 8674 13102 7891 7500 1099 5157 7925 7191, 0 0 0 0 0 0 0 0 0 1
1515923967.81 8480 3947 6394 9474 5887 7355 823 4655 7043 6756, 0 0 0 0 0 0 0 0 0 1
1515923968.88 9012 3195 5832 10503 7604 8911 864 3661 5471 5648, 0 0 0 0 0 0 0 0 0 1
1515923969.92 8005 4568 7225 10795 7199 9262 1420 5019 6912 7286, 0 0 0 0 0 0 0 0 0 1
1515923970.99 5943 4831 8149 12255 6807 7583 1356 4378 8528 9812, 0 0 0 0 0 0 0 0 0 1
1515923972.06 7674 6261 9657 16077 6713 7427 1113 4276 6931 8197, 0 0 0 0 0 0 0 0 0 1
1515923973.13 7745 4683 8361 14041 6368 8108 758 4419 7030 7405, 0 0 0 0 0 0 0 0 0 1
1515923974.17 7535 5825 9021 15029 6918 8314 750 4720 8964 8711, 0 0 0 0 0 0 0 0 0 1
1515923975.26 8014 5549 8777 13634 7183 7689 172 3664 9194 7189, 0 0 0 0 0 0 0 0 0 1
1515923976.31 17197 7245 13600 18216 8260 12187 122 8128 14162 6559, 0 0 0 0 0 0 0 0 0 1
1515923977.34 8284 6070 7503 13374 5510 6488 227 5143 9159 4722, 0 0 0 0 0 0 0 0 0 1
1515923978.38 8477 5509 8770 9965 5313 7007 419 6000 9628 4884, 0 0 0 0 0 0 0 0 0 1
1515923979.43 7569 7365 11016 12530 5722 6602 259 3903 9769 6631, 0 0 0 0 0 0 0 0 0 1
1515923980.48 7886 6659 7360 9216 6001 6556 499 2883 7213 5827, 0 0 0 0 0 0 0 0 0 1
1515923981.56 8977 6357 6535 8843 5587 6794 148 3025 6407 3806, 0 0 0 0 0 0 0 0 0 1
1515923982.61 11928 6851 9198 8723 4816 7251 431 5679 10313 6226, 0 0 0 0 0 0 0 0 0 1
1515923983.64 9219 4966 6726 9406 4221 5961 336 5487 8703 5080, 0 0 0 0 0 0 0 0 0 1
1515923984.68 7504 4341 5474 9080 3125 4509 82 3976 8299 5697, 0 0 0 0 0 0 0 0 0 1
1515923985.74 6767 4430 4001 8075 2252 2944 874 5216 6495 5067, 0 0 0 0 0 0 0 0 0 1
1515923986.77 12062 9027 12639 13221 5598 7586 740 7954 14003 11001, 0 0 0 0 0 0 0 0 0 1
1515923987.81 7936 6538 9000 7362 3379 4898 710 5068 9054 7818, 0 0 0 0 0 0 0 0 0 1
1515923988.85 7949 7079 9103 6717 2442 3753 1019 6738 9636 7175, 0 0 0 0 0 0 0 0 0 1
1515923989.87 8184 7768 12553 9327 4006 4320 750 6971 11537 6843, 0 0 0 0 0 0 0 0 0 1
1515923990.9 8086 5448 8833 9411 3157 4929 867 5854 9849 6639, 0 0 0 0 0 0 0 0 0 1
1515923991.94 7950 7538 11590 13014 4309 4491 1358 5609 10041 8533, 0 0 0 0 0 0 0 0 0 1
1515923992.99 9588 6833 8442 9662 4695 4914 247 3695 7149 4259, 0 0 0 0 0 0 0 0 0 1
1515923994.04 7669 6918 9415 8458 1994 3767 367 4169 8096 5018, 0 0 0 0 0 0 0 0 0 1
1515923995.06 9046 7566 12323 9644 4580 6968 453 6392 10532 5824, 0 0 0 0 0 0 0 0 0 1
1515923996.09 9199 6815 10433 11699 5510 8101 653 4557 8774 7020, 0 0 0 0 0 0 0 0 0 1
1515923997.17 12742 4896 8773 9815 4618 10494 545 5710 8034 4978, 0 0 0 0 0 0 0 0 0 1
1515923998.22 10512 4911 7572 10782 5007 9419 427 3314 6348 5011, 0 0 0 0 0 0 0 0 0 1
1515923999.31 17285 9818 11304 11875 6200 12748 71 2428 10067 7120, 0 0 0 0 0 0 0 0 0 1
1515924000.39 11752 5637 6515 9685 6499 10815 43 2404 6881 7162, 0 0 0 0 0 0 0 0 0 1
1515924001.45 12063 5898 8984 7452 2956 7778 18 2965 8220 5819, 0 0 0 0 0 0 0 0 0 1
1515924002.49 12867 4470 6568 9428 5692 9926 53 3213 5508 3218, 0 0 0 0 0 0 0 0 0 1
1515924003.55 11795 5858 7120 7922 4343 6495 319 4544 5962 4154, 0 0 0 0 0 0 0 0 0 1
1515924004.6 9161 7084 8912 11070 4741 5461 902 6857 6879 3997, 0 0 0 0 0 0 0 0 0 1
1515924005.63 9889 7473 12851 12415 5582 5222 1461 10740 10398 5196, 0 0 0 0 0 0 0 0 0 1
1515924006.67 7541 7343 13033 13537 6454 4664 880 8708 10111 4709, 0 0 0 0 0 0 0 0 0 1
1515924007.71 12138 10896 22943 19485 11144 7986 1063 12231 17372 8977, 0 0 0 0 0 0 0 0 0 1
1515924008.74 4496 3223 5973 5384 3426 3489 683 4929 6166 3830, 0 0 0 0 0 0 0 0 0 1
1515924009.79 15473 10023 19692 15866 7236 9581 696 10584 16437 10912, 0 0 0 0 0 0 0 0 0 1
1515924010.84 12030 6393 12234 9233 3248 5151 739 8276 12478 7841, 0 0 0 0 0 0 0 0 0 1
1515924011.91 12864 7717 9792 7866 2670 6404 908 6498 10593 7888, 0 0 0 0 0 0 0 0 0 1
1515924012.96 12546 6083 6982 8607 4630 7501 998 7951 9187 7095, 0 0 0 0 0 0 0 0 0 1
1515924014.0 12555 4923 5766 7314 4091 8670 1186 7947 8617 6713, 0 0 0 0 0 0 0 0 0 1
1515924015.06 12389 6721 7136 7202 2822 5843 972 7225 9501 7711, 0 0 0 0 0 0 0 0 0 1
1515924016.09 13567 7245 8153 6780 1046 4019 788 8382 10025 7575, 0 0 0 0 0 0 0 0 0 1
1515924017.15 10890 6268 5955 6685 2107 4250 371 5504 6641 4488, 0 0 0 0 0 0 0 0 0 1
1515924018.18 7729 7771 7747 9379 4514 6604 1035 6266 7454 6088, 0 0 0 0 0 0 0 0 0 1
1515924019.22 8120 6218 8889 9977 5442 5937 407 4928 7992 5692, 0 0 0 0 0 0 0 0 0 1
1515924020.28 7630 7723 11107 10505 6557 5911 737 6338 9830 6055, 0 0 0 0 0 0 0 0 0 1
1515924021.31 12610 10673 16505 14240 6484 5675 537 11431 16887 7579, 0 0 0 0 0 0 0 0 0 1
1515924022.36 7124 6530 11001 8566 4103 3384 177 7412 11195 5320, 0 0 0 0 0 0 0 0 0 1
1515924023.39 9869 7630 12247 9187 5210 5245 312 7451 13914 7896, 0 0 0 0 0 0 0 0 0 1
1515924024.43 9517 6615 7200 8268 3363 4725 279 5285 9332 5802, 0 0 0 0 0 0 0 0 0 1
1515924025.48 10709 5795 6630 5498 3838 5863 470 8176 10269 3862, 0 0 0 0 0 0 0 0 0 1
1515924026.51 8961 6681 9054 8832 5600 7198 394 7386 10475 5326, 0 0 0 0 0 0 0 0 0 1
1515924027.6 7437 6707 9347 8473 4441 5729 207 5281 9502 6416, 0 0 0 0 0 0 0 0 0 1
1515924028.64 6032 6278 9568 11430 2975 5064 814 3366 9776 11468, 0 0 0 0 0 0 0 0 0 1
1515924029.69 7992 6494 9036 13373 3504 6061 1027 4369 11920 13748, 0 0 0 0 0 0 0 0 0 1
1515924030.78 7457 7309 12779 11404 3327 4939 477 3786 13200 12111, 0 0 0 0 0 0 0 0 0 1
1515924031.85 11611 6279 7425 11408 2101 4655 859 6505 11179 8864, 0 0 0 0 0 0 0 0 0 1
1515924032.92 10076 5053 7898 10595 5625 8651 1056 5659 10503 9747, 0 0 0 0 0 0 0 0 0 1
1515924033.97 8031 4118 6619 8394 3470 4120 601 4609 9276 6487, 0 0 0 0 0 0 0 0 0 1
1515924035.01 8790 3628 8332 7721 4694 6964 398 5471 10017 5761, 0 0 0 0 0 0 0 0 0 1
1515924036.04 10820 4357 7564 8589 5157 6693 119 5288 10200 5264, 0 0 0 0 0 0 0 0 0 1
1515924037.12 10694 2805 6075 8940 4578 5238 187 4622 8468 4408, 0 0 0 0 0 0 0 0 0 1
1515924038.14 9705 3515 6414 8867 4803 5983 345 5513 9830 5349, 0 0 0 0 0 0 0 0 0 1
1515924039.19 10898 4684 9016 9132 5544 6460 480 7624 11505 5362, 0 0 0 0 0 0 0 0 0 1
1515924040.22 9442 5414 9683 9272 4698 5928 484 6986 12041 6478, 0 0 0 0 0 0 0 0 0 1
1515924041.27 8475 5746 7742 10354 4757 3716 942 7179 9608 5384, 0 0 0 0 0 0 0 0 0 1
1515924042.31 8504 3624 7499 10256 4669 6203 684 6343 8856 5450, 0 0 0 0 0 0 0 0 0 1
1515924043.42 9973 3974 7002 12539 8036 9219 1049 7856 10264 7385, 0 0 0 0 0 0 0 0 0 1
1515924044.46 7295 3292 8102 7873 3616 5687 471 6918 10321 5804, 0 0 0 0 0 0 0 0 0 1
1515924045.52 7228 4659 9082 8224 5124 6488 572 6956 11825 6999, 0 0 0 0 0 0 0 0 0 1
1515924046.61 6929 4091 7849 7693 4333 6993 610 5128 9808 6920, 0 0 0 0 0 0 0 0 0 1
1515924047.65 8293 4386 6784 5632 3249 6867 203 4487 8095 4895, 0 0 0 0 0 0 0 0 0 1
1515924048.7 10678 3085 5974 5523 4698 9543 8 4609 7178 3784, 0 0 0 0 0 0 0 0 0 1
1515924049.75 11286 4865 8185 6332 5329 12146 3 3790 6317 3602, 0 0 0 0 0 0 0 0 0 1
1515924050.8 12844 4394 6529 5733 5037 14578 5 4085 6171 3183, 0 0 0 0 0 0 0 0 0 1
1515924051.86 11195 3830 5309 4071 4618 14827 6 3416 5061 2415, 0 0 0 0 0 0 0 0 0 1
1515924052.9 15869 6307 10494 11884 10395 20988 6 4993 9832 6858, 0 0 0 0 0 0 0 0 0 1
1515924053.93 9800 3653 6462 6051 6681 14810 2 3493 5801 4453, 0 0 0 0 0 0 0 0 0 1
1515924055.01 9204 5003 9178 8320 8261 11005 4 5379 8105 5457, 0 0 0 0 0 0 0 0 0 1
1515924056.07 10269 5141 8090 7837 7360 9976 53 4712 7419 4734, 0 0 0 0 0 0 0 0 0 1
1515924057.12 10062 4867 5900 8294 6456 11216 68 3297 4703 4844, 0 0 0 0 0 0 0 0 0 1
1515924058.19 10041 6645 6872 7763 4398 11289 45 3756 6290 3860, 0 0 0 0 0 0 0 0 0 1
1515924059.24 9449 5804 6919 6107 4884 13271 37 3109 5696 4266, 0 0 0 0 0 0 0 0 0 1
1515924060.29 6913 6548 7693 6216 4996 12270 20 3339 5687 3568, 0 0 0 0 0 0 0 0 0 1
1515924061.35 8487 5708 8805 5165 5513 10792 63 4520 7184 3205, 0 0 0 0 0 0 0 0 0 1
1515924062.41 9335 10378 13911 11563 9750 14905 8 6863 11853 5021, 0 0 0 0 0 0 0 0 0 1
1515924063.46 5202 9803 8933 7542 6790 10199 256 4730 6651 2747, 0 0 0 0 0 0 0 0 0 1
1515924064.51 6364 7959 9749 5370 5959 9870 389 5365 7159 3517, 0 0 0 0 0 0 0 0 0 1
1515924065.55 6837 7112 11146 6683 6003 10206 578 6682 8081 5467, 0 0 0 0 0 0 0 0 0 1
1515924066.6 6917 5355 9639 9752 5232 9218 1054 5605 7858 8305, 0 0 0 0 0 0 0 0 0 1
1515924067.65 6083 5549 9647 8554 6291 10677 556 5109 8820 6774, 0 0 0 0 0 0 0 0 0 1
1515924068.7 6456 5503 10043 9573 5940 10543 448 3433 7752 7934, 0 0 0 0 0 0 0 0 0 1
1515924069.73 9198 4171 7453 7732 5089 11397 397 3667 8268 8378, 0 0 0 0 0 0 0 0 0 1
1515924070.78 9252 5518 7313 9899 5109 9638 939 5723 9986 10096, 0 0 0 0 0 0 0 0 0 1
1515924071.82 10342 5402 7336 8079 4441 8099 733 7659 9888 6123, 0 0 0 0 0 0 0 0 0 1
1515924072.85 10953 6182 6907 8079 4277 9321 904 7064 9430 6822, 0 0 0 0 0 0 0 0 0 1
1515924073.88 17544 8077 10441 12888 7255 13431 1055 10005 12536 8504, 0 0 0 0 0 0 0 0 0 1
1515924074.94 10842 5706 10961 8903 4649 8951 877 7313 10097 6746, 0 0 0 0 0 0 0 0 0 1
1515924076.01 9633 5462 9023 12304 5278 9477 1099 6222 10616 9230, 0 0 0 0 0 0 0 0 0 1
1515924077.04 10629 6622 12510 11358 5381 7827 541 7050 11265 6274, 0 0 0 0 0 0 0 0 0 1
1515924078.12 7211 4859 6832 11673 4133 7056 878 5132 8608 7213, 0 0 0 0 0 0 0 0 0 1
1515924079.19 8084 5184 9435 12485 4378 7272 764 4260 9115 8811, 0 0 0 0 0 0 0 0 0 1
1515924080.24 9420 7517 12138 11312 3249 6673 486 5310 11183 9001, 0 0 0 0 0 0 0 0 0 1
1515924081.33 10140 5833 7223 9791 3890 8189 452 4114 7307 6927, 0 0 0 0 0 0 0 0 0 1
1515924082.39 11458 7330 9339 10480 6399 8574 239 4733 8460 5103, 0 0 0 0 0 0 0 0 0 1
1515924083.45 16355 9097 13948 18894 9574 13276 218 6021 13686 11492, 0 0 0 0 0 0 0 0 0 1
1515924084.52 9887 3803 4849 9187 8612 10995 554 4466 6460 5747, 0 0 0 0 0 0 0 0 0 1
1515924085.57 8087 4760 5820 9830 8499 10477 44 3985 7302 5481, 0 0 0 0 0 0 0 0 0 1
1515924086.63 7399 4150 5322 6754 6722 8914 239 3632 6085 4218, 0 0 0 0 0 0 0 0 0 1
1515924087.68 8605 5865 7877 7669 8060 9023 5 5327 6912 3497, 0 0 0 0 0 0 0 0 0 1
1515924088.73 8332 7536 7781 7663 8789 11160 8 3798 5024 3216, 0 0 0 0 0 0 0 0 0 1
1515924089.79 8641 8765 6734 7471 7839 8483 3 3287 4285 2674, 0 0 0 0 0 0 0 0 0 1
1515924090.83 11561 8550 8774 5489 3721 5967 30 4778 6324 1910, 0 0 0 0 0 0 0 0 0 1
1515924091.87 11787 8437 8742 6139 3278 6414 307 5959 7151 3648, 0 0 0 0 0 0 0 0 0 1
1515924092.92 17731 13210 11924 9811 5984 10436 656 9547 10591 5539, 0 0 0 0 0 0 0 0 0 1
1515924093.97 11357 7911 9969 8168 6306 7939 497 8438 9488 3619, 0 0 0 0 0 0 0 0 0 1
1515924095.01 12569 9948 9469 7625 4172 7649 446 8321 9699 3773, 0 0 0 0 0 0 0 0 0 1
1515924096.07 11182 8040 7908 3974 2873 7625 429 8439 8933 2836, 0 0 0 0 0 0 0 0 0 1
1515924097.12 12705 5359 6704 5626 3150 8646 407 7112 7871 4142, 0 0 0 0 0 0 0 0 0 1
1515924098.16 10425 6401 7627 6254 3045 7571 548 6224 7142 5104, 0 0 0 0 0 0 0 0 0 1
1515924099.23 12865 7050 7811 6412 3024 6420 100 5841 7069 3468, 0 0 0 0 0 0 0 0 0 1
1515924100.25 9122 5382 7538 8917 4717 7581 188 4515 6315 5099, 0 0 0 0 0 0 0 0 0 1
1515924101.29 7327 5861 8041 10484 5766 6385 242 5144 7513 4230, 0 0 0 0 0 0 0 0 0 1
1515924102.34 10219 5748 10596 10178 5330 5521 398 7993 10924 5088, 0 0 0 0 0 0 0 0 0 1
1515924103.42 10459 5843 11121 11122 4266 4892 544 9790 13092 6488, 0 0 0 0 0 0 0 0 0 1
1515924104.47 17888 12384 17781 13311 3782 4951 820 15571 18616 7554, 0 0 0 0 0 0 0 0 0 1
1515924105.54 12046 6245 10921 9457 2222 3936 111 9586 12222 5058, 0 0 0 0 0 0 0 0 0 1
1515924106.6 11149 6997 9137 9716 3217 5175 46 6745 9247 5632, 0 0 0 0 0 0 0 0 0 1
1515924107.7 7958 8546 8659 10182 4017 4998 404 5169 7789 6119, 0 0 0 0 0 0 0 0 0 1
1515924108.77 8277 9828 9320 10706 3951 5033 407 6066 9350 7056, 0 0 0 0 0 0 0 0 0 1
1515924109.8 8619 8374 9392 8986 4621 6468 480 6336 8856 5596, 0 0 0 0 0 0 0 0 0 1
1515924110.88 7565 7570 8284 9162 4305 8692 254 4372 7668 6231, 0 0 0 0 0 0 0 0 0 1
1515924111.97 10408 10648 14305 14911 4998 11882 424 7583 14699 11477, 0 0 0 0 0 0 0 0 0 1
1515924113.01 8729 7777 6310 6780 6928 10518 533 5157 6567 4478, 0 0 0 0 0 0 0 0 0 1
1515924114.04 6501 5874 5117 8061 6727 8774 516 3835 5601 5670, 0 0 0 0 0 0 0 0 0 1
1515924115.09 7506 5842 8091 7238 3741 10018 518 5158 7666 5833, 0 0 0 0 0 0 0 0 0 1
1515924116.13 7065 5138 7962 8850 3666 10867 6 3886 6579 6138, 0 0 0 0 0 0 0 0 0 1
1515924117.18 6225 6055 8484 8176 5131 8315 9 3713 6846 5689, 0 0 0 0 0 0 0 0 0 1
1515924118.22 5904 6158 7900 8681 3253 4593 339 4846 6980 4210, 0 0 0 0 0 0 0 0 0 1
1515924119.25 5773 6457 8354 9210 3565 3526 421 5216 8415 4900, 0 0 0 0 0 0 0 0 0 1
1515924120.31 7254 4662 6123 11836 4782 5103 695 3998 6677 5477, 0 0 0 0 0 0 0 0 0 1
1515924121.35 7237 5443 5974 10612 6514 7570 480 3786 7069 5981, 0 0 0 0 0 0 0 0 0 1
1515924122.38 7699 5994 8667 11782 6117 8089 370 4670 8821 7766, 0 0 0 0 0 0 0 0 0 1
1515924123.46 7765 4467 6607 13005 7507 10546 432 4426 8512 7442, 0 0 0 0 0 0 0 0 0 1
1515924124.49 10540 8287 9574 15316 8554 13726 537 7306 12100 10512, 0 0 0 0 0 0 0 0 0 1
1515924125.57 4606 6862 8319 11325 6089 7862 564 4998 8802 7553, 0 0 0 0 0 0 0 0 0 1
1515924126.61 6265 9065 6035 8663 4190 7361 575 4055 6234 6451, 0 0 0 0 0 0 0 0 0 1
1515924127.64 5852 7696 7525 8303 5496 6683 685 5954 7113 5198, 0 0 0 0 0 0 0 0 0 1
1515924128.68 7268 5239 6192 11789 6810 8390 1137 6423 7387 6521, 0 0 0 0 0 0 0 0 0 1
1515924129.73 8379 4818 6562 9800 5834 8267 1432 9027 8440 5194, 0 0 0 0 0 0 0 0 0 1
1515924130.77 7463 6658 9714 11454 5365 5318 798 7783 8911 4441, 0 0 0 0 0 0 0 0 0 1
1515924131.81 9102 6746 9963 7831 4780 6711 702 8875 9991 3761, 0 0 0 0 0 0 0 0 0 1
1515924132.86 8829 8198 10217 11561 8837 10911 665 5838 8103 5699, 0 0 0 0 0 0 0 0 0 1
1515924133.89 8925 8422 10161 9282 9513 11622 499 6117 8559 4972, 0 0 0 0 0 0 0 0 0 1
1515924134.96 10236 6168 9420 8209 8645 12714 31 6130 8976 4585, 0 0 0 0 0 0 0 0 0 1
1515924136.02 11685 8979 10933 12486 11466 19272 5 7769 11950 6228, 0 0 0 0 0 0 0 0 0 1
1515924137.07 6457 5630 7467 8398 7182 12844 48 4081 8182 5623, 0 0 0 0 0 0 0 0 0 1
1515924138.12 5664 5534 8273 9569 7173 11654 121 4384 9380 6662, 0 0 0 0 0 0 0 0 0 1
1515924139.2 5136 5191 8389 10416 7380 12104 172 3813 9286 7332, 0 0 0 0 0 0 0 0 0 1
1515924140.25 6552 5819 7955 9848 6728 9277 447 4601 9408 6780, 0 0 0 0 0 0 0 0 0 1
1515924141.28 7530 5205 9699 9498 4741 7032 597 5349 11688 8459, 0 0 0 0 0 0 0 0 0 1
1515924142.34 7875 5220 8947 11653 5790 7224 452 5775 10240 6460, 0 0 0 0 0 0 0 0 0 1
1515924143.39 9173 4828 8268 14146 6831 7234 670 6512 10883 7262, 0 0 0 0 0 0 0 0 0 1
1515924144.42 7963 3106 5806 13843 6475 5554 615 4582 8518 6887, 0 0 0 0 0 0 0 0 0 1
1515924145.48 6683 2707 4322 12861 4328 5084 768 4502 7588 6624, 0 0 0 0 0 0 0 0 0 1
1515924146.51 14020 6264 8243 16149 9229 7827 960 7517 11979 8388, 0 0 0 0 0 0 0 0 0 1
1515924147.57 7877 5630 4526 9658 6444 9297 488 3189 5387 4544, 0 0 0 0 0 0 0 0 0 1
1515924148.62 7192 6361 5169 9061 5935 9745 149 1878 4544 3959, 0 0 0 0 0 0 0 0 0 1
1515924149.66 7848 6319 5350 8207 5383 8895 235 3323 5873 3994, 0 0 0 0 0 0 0 0 0 1
1515924150.69 7612 7950 7840 6742 6059 9267 296 3190 4131 3314, 0 0 0 0 0 0 0 0 0 1
1515924151.73 9191 7826 6791 7559 6114 9125 480 3875 4830 3483, 0 0 0 0 0 0 0 0 0 1
1515924152.78 8971 7462 5774 7352 7648 9711 258 2461 4189 3926, 0 0 0 0 0 0 0 0 0 1
1515924153.82 8962 5471 5448 7915 7806 8859 594 3201 4681 3794, 0 0 0 0 0 0 0 0 0 1
1515924154.88 5795 7314 6184 9149 8572 9738 127 1479 4020 4138, 0 0 0 0 0 0 0 0 0 1
1515924155.95 6818 5014 5965 9183 8454 12016 10 1961 5504 4744, 0 0 0 0 0 0 0 0 0 1
1515924156.99 7189 5451 8399 10807 9029 11249 29 1861 6014 6267, 0 0 0 0 0 0 0 0 0 1
1515924158.04 12493 9205 10549 16152 11541 12823 281 3631 9600 8688, 0 0 0 0 0 0 0 0 0 1
1515924159.07 7073 6614 7474 11892 6988 6774 223 2919 5188 4800, 0 0 0 0 0 0 0 0 0 1
1515924160.13 7089 6064 7680 12812 5240 6849 198 2948 6034 5672, 0 0 0 0 0 0 0 0 0 1
1515924161.19 8533 5608 8091 10043 4616 4847 508 4708 7618 4681, 0 0 0 0 0 0 0 0 0 1
1515924162.22 7880 7283 9986 11711 4754 3641 252 4986 9565 6324, 0 0 0 0 0 0 0 0 0 1
1515924163.28 6652 6935 8913 11905 5948 5868 201 3530 7767 7453, 0 0 0 0 0 0 0 0 0 1
1515924164.34 7326 8076 11159 10308 4525 5267 122 5378 10920 7892, 0 0 0 0 0 0 0 0 0 1
1515924165.37 6139 6192 9298 11048 3367 3876 731 6820 9891 8944, 0 0 0 0 0 0 0 0 0 1
1515924166.4 7009 6905 10493 9970 3871 4132 457 7368 10963 6235, 0 0 0 0 0 0 0 0 0 1
1515924167.45 6585 7422 11761 11034 3940 3736 439 8206 11013 6348, 0 0 0 0 0 0 0 0 0 1
1515924168.5 6342 6263 10226 12350 4013 4098 226 6384 9205 4151, 0 0 0 0 0 0 0 0 0 1
1515924169.53 8414 10229 16327 19643 9004 6412 767 8603 11923 7890, 0 0 0 0 0 0 0 0 0 1
1515924170.58 4972 6957 9924 14426 5155 4241 761 3710 7190 5868, 0 0 0 0 0 0 0 0 0 1
1515924171.61 6928 4982 10104 13719 4855 4802 338 4304 7449 4362, 0 0 0 0 0 0 0 0 0 1
1515924172.68 9297 7432 12361 12543 4141 4815 508 4866 9924 6655, 0 0 0 0 0 0 0 0 0 1
1515924173.71 7310 7892 13373 12254 5012 4044 60 5403 12617 7391, 0 0 0 0 0 0 0 0 0 1
1515924174.75 7145 6285 7751 9564 5152 3686 307 5036 7222 3127, 0 0 0 0 0 0 0 0 0 1
1515924175.83 7332 6948 10453 11560 4753 3254 320 4619 9086 5559, 0 0 0 0 0 0 0 0 0 1
1515924176.89 4731 5894 8000 14080 6582 5068 125 2785 6114 4652, 0 0 0 0 0 0 0 0 0 1
1515924177.93 5969 5053 9524 14788 6346 5096 463 3625 8190 8045, 0 0 0 0 0 0 0 0 0 1
1515924178.98 5915 4323 7194 13056 7585 6574 694 3387 6183 5670, 0 0 0 0 0 0 0 0 0 1
1515924180.03 7778 3817 4696 10266 6026 8695 477 3208 6378 6825, 0 0 0 0 0 0 0 0 0 1
1515924181.06 13025 3495 5725 11302 9679 13610 382 5859 7652 5794, 0 0 0 0 0 0 0 0 0 1
1515924182.1 9773 3657 5783 8063 6974 8539 34 4176 6044 2720, 0 0 0 0 0 0 0 0 0 1
1515924183.13 12731 6234 9185 7915 5331 6566 394 7237 9922 3890, 0 0 0 0 0 0 0 0 0 1
1515924184.17 12271 6481 9362 7122 4107 4739 344 7552 10373 3818, 0 0 0 0 0 0 0 0 0 1
1515924185.31 11908 7612 11499 9871 4504 6039 447 5115 10528 6742, 0 0 0 0 0 0 0 0 0 1
1515924186.38 9776 8480 10756 7662 2293 2977 176 6505 9392 3413, 0 0 0 0 0 0 0 0 0 1
1515924187.45 7153 7599 8561 6860 3062 1726 485 5514 8754 4685, 0 0 0 0 0 0 0 0 0 1
1515924188.49 7578 9293 11975 6916 3509 2660 491 6682 10631 5679, 0 0 0 0 0 0 0 0 0 1
1515924189.53 7712 9234 9545 6100 3499 5351 536 5814 9310 5475, 0 0 0 0 0 0 0 0 0 1
1515924190.59 9569 9886 11338 12291 8319 12344 992 4285 10514 9550, 0 0 0 0 0 0 0 0 0 1
1515924191.65 7559 5944 8060 8982 6741 8822 349 1612 5593 5012, 0 0 0 0 0 0 0 0 0 1
1515924192.7 8130 5577 6072 6853 6342 9971 112 1199 3735 2868, 0 0 0 0 0 0 0 0 0 1
1515924193.76 5269 6228 8170 7072 7532 10524 10 2114 4612 2542, 0 0 0 0 0 0 0 0 0 1
1515924194.84 7117 6633 8307 7238 5721 9111 18 3122 6663 4691, 0 0 0 0 0 0 0 0 0 1
1515924195.95 8008 5386 8577 6194 6784 9992 10 5245 8191 4604, 0 0 0 0 0 0 0 0 0 1
1515924197.02 7843 6148 9787 6700 6127 9895 11 6117 8366 4375, 0 0 0 0 0 0 0 0 0 1
1515924198.08 12999 3434 6555 10832 6215 10770 22 8586 9888 5338, 0 0 0 0 0 0 0 0 0 1
1515924199.12 8042 3675 8801 7675 5837 8323 217 4364 6402 4560, 0 0 0 0 0 0 0 0 0 1
1515924200.22 10045 4806 10207 8557 3613 6584 605 7361 9867 6635, 0 0 0 0 0 0 0 0 0 1
1515924201.26 7544 4376 7853 6464 2272 5245 657 5862 7401 5267, 0 0 0 0 0 0 0 0 0 1
1515924202.29 6601 6105 11070 9505 1873 4084 1232 6395 8751 9377, 0 0 0 0 0 0 0 0 0 1
1515924203.34 6145 8847 12831 9287 2088 4105 825 5990 9368 9282, 0 0 0 0 0 0 0 0 0 1
1515924204.4 4704 8607 11429 11970 3793 4866 1153 5008 8653 10693, 0 0 0 0 0 0 0 0 0 1
1515924205.44 3633 10403 11325 12501 3566 4776 340 2390 6617 8857, 0 0 0 0 0 0 0 0 0 1
1515924206.49 5220 9829 11966 11696 5164 5371 385 2839 7118 8421, 0 0 0 0 0 0 0 0 0 1
1515924207.57 7554 10541 12539 9374 4369 6513 399 4007 7080 5954, 0 0 0 0 0 0 0 0 0 1
1515924208.65 7748 13623 11528 14123 6511 7313 481 6073 9655 7749, 0 0 0 0 0 0 0 0 0 1
1515924209.69 6038 7496 6781 10390 3404 5050 243 3329 6554 5786, 0 0 0 0 0 0 0 0 0 1
1515924210.76 6469 6243 6882 9887 3073 3826 575 4519 8485 5853, 0 0 0 0 0 0 0 0 0 1
1515924211.79 6043 7043 7337 8072 2367 3498 536 5402 8505 4712, 0 0 0 0 0 0 0 0 0 1
1515924212.85 8054 5119 6146 8803 5038 6599 837 6030 9642 6489, 0 0 0 0 0 0 0 0 0 1
1515924213.91 9107 6593 7838 9559 5929 7913 1477 7869 11386 8698, 0 0 0 0 0 0 0 0 0 1
1515924215.0 7973 5259 8068 9363 7190 9390 699 5644 10557 8777, 0 0 0 0 0 0 0 0 0 1
1515924216.1 7624 3381 4367 8903 8303 10136 1135 6343 7557 5956, 0 0 0 0 0 0 0 0 0 1
1515924217.14 11710 6072 9528 14445 12798 15312 1659 9996 11390 7363, 0 0 0 0 0 0 0 0 0 1
1515924218.19 7261 3225 5803 7833 8706 11322 739 5678 6690 4532, 0 0 0 0 0 0 0 0 0 1
1515924219.23 8788 3455 6445 6568 8170 12727 511 6964 7815 3657, 0 0 0 0 0 0 0 0 0 1
1515924220.27 6893 5121 6537 7583 6451 10223 180 3735 5240 3238, 0 0 0 0 0 0 0 0 0 1
1515924221.32 3930 2831 3565 9096 8328 11025 492 1744 2428 3670, 0 0 0 0 0 0 0 0 0 1
1515924222.38 5643 4112 6668 11042 9564 12405 386 2792 4983 5251, 0 0 0 0 0 0 0 0 0 1
1515924223.43 6644 3545 4485 10387 9026 11748 466 2178 3609 4374, 0 0 0 0 0 0 0 0 0 1
1515924224.48 3785 2776 5367 11685 10274 12763 607 2173 3679 5083, 0 0 0 0 0 0 0 0 0 1
1515924225.52 5423 4277 3791 11603 8404 10521 478 3041 4389 4314, 0 0 0 0 0 0 0 0 0 1
1515924226.55 6170 3243 3211 8287 7925 11070 190 3807 4680 4264, 0 0 0 0 0 0 0 0 0 1
1515924227.6 5748 4004 2727 9723 7081 11879 5 2571 4513 4865, 0 0 0 0 0 0 0 0 0 1
1515924228.67 9703 5492 5636 13284 10230 19939 675 4623 6336 8937, 0 0 0 0 0 0 0 0 0 1
1515924229.72 7357 4099 4331 7828 6583 13888 576 3508 4949 6455, 0 0 0 0 0 0 0 0 0 1
1515924230.78 5911 3374 4266 8112 5055 13244 328 2079 4890 6063, 0 0 0 0 0 0 0 0 0 1
1515924231.88 4876 5768 6889 6744 4281 9651 454 3430 7130 6857, 0 0 0 0 0 0 0 0 0 1
1515924232.93 7211 3853 5262 6996 5310 10852 693 3604 6161 6584, 0 0 0 0 0 0 0 0 0 1
1515924233.99 6731 5018 6771 7278 4547 11441 871 5502 8529 6852, 0 0 0 0 0 0 0 0 0 1
1515924235.05 7452 5137 8596 9242 4607 11810 590 5035 9653 8092, 0 0 0 0 0 0 0 0 0 1
1515924236.09 7349 5140 6369 8847 3078 10861 912 6463 9350 7887, 0 0 0 0 0 0 0 0 0 1
1515924237.17 12521 9747 16172 12087 2180 10109 583 10270 17576 11783, 0 0 0 0 0 0 0 0 0 1
1515924238.26 6482 5857 10097 8512 2394 8600 794 6019 9972 7620, 0 0 0 0 0 0 0 0 0 1
1515924239.37 7124 6527 10103 8663 2254 4275 348 5244 8925 7138, 0 0 0 0 0 0 0 0 0 1
1515924240.38 4442 5523 10205 10071 1670 3717 645 5581 10683 10076, 0 0 0 0 0 0 0 0 0 1
1515924241.41 5381 3242 8126 11955 1403 2276 547 5657 9827 7909, 0 0 0 0 0 0 0 0 0 1
1515924242.48 4957 6972 12241 12204 2587 3493 922 6953 13220 11410, 0 0 0 0 0 0 0 0 0 1
1515924243.52 6182 6655 11434 12107 3786 4305 527 6707 10638 7628, 0 0 0 0 0 0 0 0 0 1
1515924244.56 7155 5978 8607 12240 2664 3949 290 3897 8367 8350, 0 0 0 0 0 0 0 0 0 1
1515924245.62 5775 7614 11149 13350 4175 4157 417 4343 10225 10161, 0 0 0 0 0 0 0 0 0 1
1515924246.66 11117 9272 13142 19609 5911 7122 21 3268 12868 13222, 0 0 0 0 0 0 0 0 0 1
1515924247.71 6844 6917 11234 12828 4900 4253 10 3758 9553 7021, 0 0 0 0 0 0 0 0 0 1
1515924248.74 5992 6759 12446 12259 4441 2887 234 5553 10273 5951, 0 0 0 0 0 0 0 0 0 1
1515924249.78 7224 5268 9509 10743 5461 4503 421 4849 7788 4196, 0 0 0 0 0 0 0 0 0 1
1515924250.9 8229 6506 10782 8655 3222 4480 227 5643 9641 4674, 0 0 0 0 0 0 0 0 0 1
1515924251.96 8423 6118 9889 9756 2762 3810 692 6570 9501 5614, 0 0 0 0 0 0 0 0 0 1
1515924253.01 8292 7310 8481 8496 3012 4279 1537 6459 8444 7206, 0 0 0 0 0 0 0 0 0 1
1515924254.07 8641 7703 8998 6876 2295 4079 659 4437 8030 6001, 0 0 0 0 0 0 0 0 0 1
1515924255.12 8394 7438 9469 8884 3479 6192 1080 5501 7166 5821, 0 0 0 0 0 0 0 0 0 1
1515924256.18 9001 6969 9441 9322 3378 6141 390 3509 6293 4442, 0 0 0 0 0 0 0 0 0 1
1515924257.2 16391 9764 11783 12219 4324 8618 1541 9697 11716 7548, 0 0 0 0 0 0 0 0 0 1
1515924258.24 8586 5656 8072 8890 2773 6620 590 4738 7658 5823, 0 0 0 0 0 0 0 0 0 1
1515924259.29 9309 6095 10012 8826 2927 6458 435 6369 8899 4847, 0 0 0 0 0 0 0 0 0 1
1515924260.34 8105 4986 7754 9882 3918 6687 622 4649 5893 4842, 0 0 0 0 0 0 0 0 0 1
1515924261.41 8275 4857 6464 10257 4575 6342 170 2310 2850 2758, 0 0 0 0 0 0 0 0 0 1
1515924262.45 9052 4583 7700 11586 5387 7025 29 2570 3996 3943, 0 0 0 0 0 0 0 0 0 1
1515924263.49 8519 4520 4860 10198 5410 7658 72 2568 3699 3654, 0 0 0 0 0 0 0 0 0 1
1515924264.53 6333 5895 6718 10028 5125 5390 48 2590 3730 2573, 0 0 0 0 0 0 0 0 0 1
1515924265.59 6042 7558 9519 11844 4895 5029 54 3283 5717 4300, 0 0 0 0 0 0 0 0 0 1
1515924266.63 5822 6625 9227 13080 4711 4430 107 1941 4116 5403, 0 0 0 0 0 0 0 0 0 1
1515924267.66 3671 6977 6846 12711 4126 3717 262 2512 4375 6330, 0 0 0 0 0 0 0 0 0 1
1515924268.71 6123 7372 8396 19609 5716 6105 827 4660 7777 9781, 0 0 0 0 0 0 0 0 0 1
1515924269.77 5908 2467 3832 11922 4907 5562 1104 4745 5280 7243, 0 0 0 0 0 0 0 0 0 1
1515924270.82 5724 3608 6305 10618 5281 5004 720 4537 7449 7578, 0 0 0 0 0 0 0 0 0 1
1515924271.87 5515 3186 6813 11661 4691 6474 840 4205 8182 8779, 0 0 0 0 0 0 0 0 0 1
1515924272.91 4696 3919 8059 10934 5035 5653 447 3960 9453 8998, 0 0 0 0 0 0 0 0 0 1
1515924273.96 5839 6653 12727 11985 4114 5543 645 4721 13637 12119, 0 0 0 0 0 0 0 0 0 1
1515924275.01 6452 7180 13306 9131 3093 4237 568 6274 13759 11058, 0 0 0 0 0 0 0 0 0 1
1515924276.08 6335 6600 11482 8319 3180 3165 765 7201 13383 10061, 0 0 0 0 0 0 0 0 0 1
1515924277.13 6013 7796 12810 7061 1511 1977 576 8638 13839 9158, 0 0 0 0 0 0 0 0 0 1
1515924278.19 6817 7426 11741 6014 2284 2748 718 7659 12538 7952, 0 0 0 0 0 0 0 0 0 1
1515924279.24 9841 11528 16514 8235 2842 2959 1109 12235 17585 8700, 0 0 0 0 0 0 0 0 0 1
1515924280.29 6466 7462 10351 5524 2505 2757 333 6341 10439 5193, 0 0 0 0 0 0 0 0 0 1
1515924281.34 8049 7634 13321 6365 3521 3799 434 8481 13346 6638, 0 0 0 0 0 0 0 0 0 1
1515924282.4 7792 7637 13316 7416 3881 3328 607 9909 13775 6034, 0 0 0 0 0 0 0 0 0 1
1515924283.44 6892 8546 14064 8766 4921 3139 308 8881 13371 6646, 0 0 0 0 0 0 0 0 0 1
1515924284.46 4114 6758 10449 9126 4122 1985 495 6159 10253 6647, 0 0 0 0 0 0 0 0 0 1
1515924285.52 5092 7233 10572 11564 5439 3644 338 5890 10194 6459, 0 0 0 0 0 0 0 0 0 1
1515924286.6 6482 4665 7789 10534 3827 2542 518 5455 7778 4468, 0 0 0 0 0 0 0 0 0 1
1515924287.64 8094 6905 10479 10739 3119 1852 435 7348 11728 7190, 0 0 0 0 0 0 0 0 0 1
1515924288.69 7457 4185 7682 12379 4518 2259 200 4420 8265 6341, 0 0 0 0 0 0 0 0 0 1
1515924289.71 11295 5335 8355 16569 6098 5146 943 7535 11745 9560, 0 0 0 0 0 0 0 0 0 1
1515924290.75 8497 5426 5759 8445 1614 2896 387 4087 7540 5913, 0 0 0 0 0 0 0 0 0 1
1515924291.81 9688 4087 5515 9003 2428 4234 785 4643 6924 5805, 0 0 0 0 0 0 0 0 0 1
1515924292.87 8813 5465 6246 8793 1043 2773 754 4191 7572 6959, 0 0 0 0 0 0 0 0 0 1
1515924293.92 7214 5237 6069 7161 2080 3450 709 3949 7307 6043, 0 0 0 0 0 0 0 0 0 1
1515924294.97 9202 4088 3735 8325 1310 2984 939 4173 7350 7639, 0 0 0 0 0 0 0 0 0 1
1515924296.02 7878 5013 6214 7991 3897 6340 715 3495 5480 5467, 0 0 0 0 0 0 0 0 0 1
1515924297.07 9019 4663 5452 9524 3206 4615 1490 5043 6600 6605, 0 0 0 0 0 0 0 0 0 1
1515924298.13 8318 6463 8882 10377 4889 5155 676 4509 6795 5788, 0 0 0 0 0 0 0 0 0 1
1515924299.18 7555 6947 9146 13769 4738 5690 1102 4703 8459 9027, 0 0 0 0 0 0 0 0 0 1
1515924300.22 8452 6430 10156 12066 5772 7607 112 5146 8513 5852, 0 0 0 0 0 0 0 0 0 1
1515924301.25 7370 9182 13189 18234 5847 8293 630 4409 12187 13398, 0 0 0 0 0 0 0 0 0 1
1515924302.29 4413 7298 11910 10522 3243 5526 854 4264 8475 10047, 0 0 0 0 0 0 0 0 0 1
1515924303.34 7749 8088 12085 10695 3540 5348 1355 7965 11659 9940, 0 0 0 0 0 0 0 0 0 1
1515924304.4 8927 7996 10243 7870 4570 6834 852 7212 8763 5070, 0 0 0 0 0 0 0 0 0 1
1515924305.44 8771 8444 10196 8475 4027 4309 1052 8492 9301 5011, 0 0 0 0 0 0 0 0 0 1
1515924306.52 9209 6310 5561 9663 3269 3433 1259 6323 5559 5257, 0 0 0 0 0 0 0 0 0 1
1515924307.58 6608 7279 5271 9230 1201 2177 1020 4693 4507 5025, 0 0 0 0 0 0 0 0 0 1
1515924308.65 7642 7268 5523 5017 1373 1390 752 4212 4432 3360, 0 0 0 0 0 0 0 0 0 1
1515924309.69 8337 7372 6925 6184 1181 2634 1035 4365 4299 3649, 0 0 0 0 0 0 0 0 0 1
1515924310.76 6269 7889 7241 5355 1411 2548 623 3820 4211 2847, 0 0 0 0 0 0 0 0 0 1
1515924311.79 10757 8935 8659 8524 3574 4353 666 5594 6089 2601, 0 0 0 0 0 0 0 0 0 1
1515924312.82 9977 7983 9357 6642 3125 4452 535 5515 6324 2476, 0 0 0 0 0 0 0 0 0 1
1515924313.85 8088 6396 7559 7459 5107 6490 373 3444 5014 2868, 0 0 0 0 0 0 0 0 0 1
1515924314.9 8207 5827 7642 7792 4640 5833 464 4542 5814 3307, 0 0 0 0 0 0 0 0 0 1
1515924315.99 7896 3756 5845 7614 4583 6912 131 3724 5059 2567, 0 0 0 0 0 0 0 0 0 1
1515924317.08 8257 4159 6805 9027 3736 6651 211 3318 5688 4033, 0 0 0 0 0 0 0 0 0 1
1515924318.12 6713 3934 6314 10601 4593 6244 234 3414 5930 4980, 0 0 0 0 0 0 0 0 0 1
1515924319.18 7096 4807 6720 11216 4382 6277 14 3943 6468 4272, 0 0 0 0 0 0 0 0 0 1
1515924320.22 8191 5299 7927 10509 5168 5480 86 5238 7052 3404, 0 0 0 0 0 0 0 0 0 1
1515924321.26 11033 6047 10601 18448 4933 4822 6 8389 12583 5281, 0 0 0 0 0 0 0 0 0 1
1515924322.3 7900 7192 10533 9205 4420 5227 10 7161 9217 4140, 0 0 0 0 0 0 0 0 0 1
1515924323.33 8936 6508 11271 8874 4109 4573 9 9434 12279 3402, 0 0 0 0 0 0 0 0 0 1
1515924324.37 8393 5245 9492 7892 2601 4228 3 8813 12044 4035, 0 0 0 0 0 0 0 0 0 1
1515924325.4 7990 6856 10363 10973 3723 3571 4 7124 10652 4593, 0 0 0 0 0 0 0 0 0 1
1515924326.44 9676 6827 7744 7306 2950 3197 7 5813 7589 2914, 0 0 0 0 0 0 0 0 0 1
1515924327.49 9665 5756 7994 8209 2436 4076 3 6118 7813 2885, 0 0 0 0 0 0 0 0 0 1
1515924328.53 9000 6736 7880 9458 2980 4876 28 5487 7314 3047, 0 0 0 0 0 0 0 0 0 1
1515924329.56 8506 5326 6145 9845 2832 5120 285 5101 6211 3661, 0 0 0 0 0 0 0 0 0 1
1515924330.65 8519 4116 6204 9467 3815 5541 251 4261 5133 4323, 0 0 0 0 0 0 0 0 0 1
1515924331.71 11579 6129 10457 11096 6151 8384 589 8416 9053 6413, 0 0 0 0 0 0 0 0 0 1
1515924332.74 11579 4623 6802 12695 3217 4441 228 7321 8396 5110, 0 0 0 0 0 0 0 0 0 1
1515924333.8 9800 4973 10932 16953 3596 5272 179 6887 9976 4587, 0 0 0 0 0 0 0 0 0 1
1515924334.87 11512 9494 11779 12006 2962 4556 471 6235 9926 9297, 0 0 0 0 0 0 0 0 0 1
1515924335.94 10271 4299 7109 7523 2262 3566 286 6949 8482 5125, 0 0 0 0 0 0 0 0 0 1
1515924336.99 7831 4605 7115 5542 2576 3973 478 6806 8995 5013, 0 0 0 0 0 0 0 0 0 1
1515924338.07 9279 4983 7392 6320 2914 5310 389 6263 8563 5686, 0 0 0 0 0 0 0 0 0 1
1515924339.1 6096 4527 5365 7283 1674 3672 294 2754 6688 7211, 0 0 0 0 0 0 0 0 0 1
1515924340.14 5601 5074 6710 8274 3155 4015 2 2517 7036 6778, 0 0 0 0 0 0 0 0 0 1
1515924341.18 4419 4633 8357 10795 3916 5783 246 2437 7890 8913, 0 0 0 0 0 0 0 0 0 1
1515924342.25 5545 4938 6850 9704 2916 4483 475 3104 5727 7416, 0 0 0 0 0 0 0 0 0 1
1515924343.32 7080 5876 5975 10150 3247 4557 587 3409 4974 4797, 0 0 0 0 0 0 0 0 0 1
1515924344.34 9480 9631 7212 15326 5580 7580 877 5160 6509 5100, 0 0 0 0 0 0 0 0 0 1
1515924345.42 5659 6883 7099 9717 2964 3017 342 3735 5943 4044, 0 0 0 0 0 0 0 0 0 1
1515924346.46 4431 5796 6639 11228 3787 2706 299 4025 6703 5895, 0 0 0 0 0 0 0 0 0 1
1515924347.49 5287 7207 6550 12325 1887 2038 488 3713 6512 7758, 0 0 0 0 0 0 0 0 0 1
1515924348.56 4146 7478 8830 10988 1612 3026 410 2517 5528 8267, 0 0 0 0 0 0 0 0 0 1
1515924349.6 5289 6951 9598 11270 1655 2327 191 3617 7447 6331, 0 0 0 0 0 0 0 0 0 1
1515924350.66 5231 7141 7673 8159 515 2444 595 5231 7018 6466, 0 0 0 0 0 0 0 0 0 1
1515924351.78 5854 6410 8179 7228 1520 2854 109 1878 4397 5130, 0 0 0 0 0 0 0 0 0 1
1515924352.84 12085 10478 12265 11027 2244 6307 450 5769 10497 10954, 0 0 0 0 0 0 0 0 0 1
1515924353.89 7717 6524 7460 7196 1573 3692 153 3597 7492 5745, 0 0 0 0 0 0 0 0 0 1
1515924354.97 8816 4796 4642 6116 1809 3489 96 2700 3892 2797, 0 0 0 0 0 0 0 0 0 1
1515924356.02 7468 3737 6262 9765 3141 4053 191 2299 3944 4312, 0 0 0 0 0 0 0 0 0 1
1515924357.06 7051 3852 6545 9371 2810 3251 562 2954 4995 4949, 0 0 0 0 0 0 0 0 0 1
1515924358.1 4932 3580 7247 11339 1862 2377 876 5080 7237 6602, 0 0 0 0 0 0 0 0 0 1
1515924359.15 8382 4989 8748 9809 2673 4356 1326 7046 7881 5821, 0 0 0 0 0 0 0 0 0 1
1515924360.21 8798 6315 10546 8678 2623 3385 1395 8718 9513 5868, 0 0 0 0 0 0 0 0 0 1
1515924361.24 3856 4999 8198 8468 1580 1192 1179 6706 7482 5037, 0 0 0 0 0 0 0 0 0 1
1515924362.3 4608 6898 9650 10908 2437 2455 1933 8443 8716 6387, 0 0 0 0 0 0 0 0 0 1
1515924363.33 10965 9777 16521 16628 4004 6536 1671 9935 12672 9324, 0 0 0 0 0 0 0 0 0 1
1515924364.4 8329 5790 10252 11817 2916 5682 481 4365 7334 6412, 0 0 0 0 0 0 0 0 0 1
1515924365.45 10154 6348 9564 10742 2342 5457 399 3272 5669 6033, 0 0 0 0 0 0 0 0 0 1
1515924366.5 7696 6174 10234 12128 2384 4493 253 2041 4218 5519, 0 0 0 0 0 0 0 0 0 1
1515924367.56 6656 5377 10135 9735 2616 5545 435 1969 4883 6495, 0 0 0 0 0 0 0 0 0 1
1515924368.61 6286 3968 10368 13499 2973 5506 447 2287 3401 6521, 0 0 0 0 0 0 0 0 0 1
1515924369.65 6291 3696 8451 8080 2205 4131 275 1460 3279 3213, 0 0 0 0 0 0 0 0 0 1
1515924370.77 5852 6038 9260 9444 3174 4881 585 1639 3116 4125, 0 0 0 0 0 0 0 0 0 1
1515924371.8 4404 6077 8700 8168 2315 4010 648 2113 4612 5310, 0 0 0 0 0 0 0 0 0 1
1515924372.92 9282 11529 13930 9889 3102 5290 29 5473 9446 5397, 0 0 0 0 0 0 0 0 0 1
1515924373.98 6537 8998 12885 8268 2334 1995 6 5126 8829 4801, 0 0 0 0 0 0 0 0 0 1
1515924375.03 6171 7835 9607 7323 1938 1877 8 3641 6750 4052, 0 0 0 0 0 0 0 0 0 1
1515924376.06 8281 7802 11963 8927 2389 2905 4 5269 9830 5513, 0 0 0 0 0 0 0 0 0 1
1515924377.09 6974 5666 9139 7536 2059 3836 11 4275 8927 4857, 0 0 0 0 0 0 0 0 0 1
1515924378.14 8416 7450 14277 6140 2004 3851 7 7681 11601 3930, 0 0 0 0 0 0 0 0 0 1
1515924379.19 8909 7241 12420 6443 2067 2393 15 8958 10933 2015, 0 0 0 0 0 0 0 0 0 1
1515924380.22 8638 6653 10728 6263 1489 2767 47 7874 9177 1475, 0 0 0 0 0 0 0 0 0 1
1515924381.33 8317 6388 11774 6919 2586 2957 226 7932 10781 3569, 0 0 0 0 0 0 0 0 0 1
1515924382.36 13984 11657 13366 10982 4282 6981 233 10755 16073 6074, 0 0 0 0 0 0 0 0 0 1
1515924383.41 9900 7601 11518 7525 3409 5201 545 6681 10372 5354, 0 0 0 0 0 0 0 0 0 1
1515924384.45 9187 8996 11395 7370 3355 4708 981 9476 11586 5430, 0 0 0 0 0 0 0 0 0 1
1515924385.5 10768 7873 10046 8008 3255 5497 819 6803 10516 6707, 0 0 0 0 0 0 0 0 0 1
1515924386.56 9156 8295 8462 7097 2615 4133 463 4983 9695 6332, 0 0 0 0 0 0 0 0 0 1
1515924387.6 9230 7895 7332 7423 3234 4460 931 3481 7757 7064, 0 0 0 0 0 0 0 0 0 1
1515924388.63 11192 7286 8830 9552 1765 3585 1131 3945 7110 6550, 0 0 0 0 0 0 0 0 0 1
1515924389.71 7325 7620 8859 9754 2293 3635 979 3370 7383 7221, 0 0 0 0 0 0 0 0 0 1
1515924390.75 8435 4418 5338 8982 1631 4611 621 4204 7891 6619, 0 0 0 0 0 0 0 0 0 1
1515924391.8 8184 2226 4714 7248 2268 5638 308 3823 6521 5552, 0 0 0 0 0 0 0 0 0 1
1515924392.87 11046 4387 6705 8630 2958 6155 580 4765 5972 4745, 0 0 0 0 0 0 0 0 0 1
1515924393.92 15229 6433 9342 12872 4670 9519 735 7032 9371 6795, 0 0 0 0 0 0 0 0 0 1
1515924394.98 10004 1985 3697 7688 2956 5854 156 3314 4578 4085, 0 0 0 0 0 0 0 0 0 1
1515924396.04 8409 2257 4903 10099 5896 6763 12 2707 3834 2684, 0 0 0 0 0 0 0 0 0 1
1515924397.11 9680 3320 6372 7456 3458 4976 6 4677 5763 2036, 0 0 0 0 0 0 0 0 0 1
1515924398.2 9215 1975 4239 7357 3402 4924 25 3200 3859 1945, 0 0 0 0 0 0 0 0 0 1
1515924399.24 7486 2993 4317 7910 3682 4691 41 1369 3158 2856, 0 0 0 0 0 0 0 0 0 1
1515924400.29 8877 3580 5380 5142 2628 4458 40 2627 4982 3112, 0 0 0 0 0 0 0 0 0 1
1515924401.33 7828 3090 6448 5213 2210 3262 111 3536 6610 3819, 0 0 0 0 0 0 0 0 0 1
1515924402.4 12063 5798 10314 10572 3875 6370 666 7779 12330 8207, 0 0 0 0 0 0 0 0 0 1
1515924403.44 8249 3366 6247 7432 3225 5891 621 4798 8135 7104, 0 0 0 0 0 0 0 0 0 1
1515924404.49 7767 3565 5256 8689 3463 5085 474 5269 8224 7086, 0 0 0 0 0 0 0 0 0 1
1515924405.55 10002 4203 8336 7109 2736 5095 704 7339 9671 7086, 0 0 0 0 0 0 0 0 0 1
1515924406.61 9006 4843 5679 9662 3714 5281 980 5743 6812 6586, 0 0 0 0 0 0 0 0 0 1
1515924407.64 9782 3388 5726 7848 4341 4552 534 5003 6241 5099, 0 0 0 0 0 0 0 0 0 1
1515924408.67 6346 1740 3190 8191 4408 5225 1206 4396 3767 4321, 0 0 0 0 0 0 0 0 0 1
1515924409.7 7424 2207 4460 7850 4008 4611 681 3977 5174 4720, 0 0 0 0 0 0 0 0 0 1
1515924410.78 7034 2222 3424 8276 3750 5103 591 2748 3615 4816, 0 0 0 0 0 0 0 0 0 1
1515924411.88 5793 2481 2735 7305 5146 6089 286 1443 2071 3473, 0 0 0 0 0 0 0 0 0 1
1515924412.94 10008 5006 7234 13134 6899 9201 137 3869 6703 7012, 0 0 0 0 0 0 0 0 0 1
1515924413.97 6035 4610 6587 10737 5866 6017 58 3061 5883 5152, 0 0 0 0 0 0 0 0 0 1
1515924415.03 5754 5167 6863 11519 6215 4537 502 3804 5921 5761, 0 0 0 0 0 0 0 0 0 1
1515924416.08 6059 4115 3882 9870 4105 5195 929 4071 5862 6855, 0 0 0 0 0 0 0 0 0 1
1515924417.12 5787 5015 6061 10617 3813 4591 814 4290 7701 7940, 0 0 0 0 0 0 0 0 0 1
1515924418.19 7227 4254 4790 8258 4903 4461 528 4793 7282 5515, 0 0 0 0 0 0 0 0 0 1
1515924419.26 5964 5484 7250 12348 5741 5000 1100 4863 7109 7885, 0 0 0 0 0 0 0 0 0 1
1515924420.32 6982 8183 9279 9349 3673 3257 1324 8877 11001 6839, 0 0 0 0 0 0 0 0 0 1
1515924421.43 5575 6309 6540 9034 3852 2017 824 5416 9478 6875, 0 0 0 0 0 0 0 0 0 1
1515924422.54 11615 5956 11203 11405 3869 2604 1604 9586 14681 10354, 0 0 0 0 0 0 0 0 0 1
1515924423.6 5174 3698 6106 9266 2749 1133 518 4287 9274 7067, 0 0 0 0 0 0 0 0 0 1
1515924424.65 5774 3961 7381 10402 3943 1477 515 5412 9601 6964, 0 0 0 0 0 0 0 0 0 1
1515924425.71 4163 3175 6123 8889 4379 1703 397 3651 7457 5971, 0 0 0 0 0 0 0 0 0 1
1515924426.77 6755 3087 6394 8458 2645 2533 830 5991 7848 5309, 0 0 0 0 0 0 0 0 0 1
1515924427.82 6976 2675 5016 8667 2725 3176 984 6518 7425 4801, 0 0 0 0 0 0 0 0 0 1
1515924428.85 5711 3423 7130 10269 1665 2351 262 3805 7082 5481, 0 0 0 0 0 0 0 0 0 1
1515924429.91 6210 4166 5624 10784 3575 4048 172 3525 4677 3363, 0 0 0 0 0 0 0 0 0 1
1515924430.96 8416 8928 10898 11955 5143 8772 73 4069 5756 3339, 0 0 0 0 0 0 0 0 0 1
1515924432.0 5750 7856 8574 8836 3935 5289 343 3757 4874 2964, 0 0 0 0 0 0 0 0 0 1
1515924433.08 8426 7670 6951 8593 3834 6549 520 4291 6196 5946, 0 0 0 0 0 0 0 0 0 1
1515924434.18 5364 7251 5381 6827 3725 4640 786 3271 4169 3958, 0 0 0 0 0 0 0 0 0 1
1515924435.29 6988 7846 9137 7269 5138 8602 556 4921 7056 4846, 0 0 0 0 0 0 0 0 0 1
1515924436.32 5836 7186 7292 5621 3042 5725 459 4059 6477 4183, 0 0 0 0 0 0 0 0 0 1
1515924437.37 5915 6345 7323 6141 2628 4865 818 4978 6112 4707, 0 0 0 0 0 0 0 0 0 1
1515924438.44 8943 9624 13451 12089 5100 7420 423 6542 12700 8477, 0 0 0 0 0 0 0 0 0 1
1515924439.47 4716 5444 7648 8923 7732 7589 489 2517 6243 6112, 0 0 0 0 0 0 0 0 0 1
1515924440.51 4665 5626 10165 11861 6491 5754 455 3065 9031 7327, 0 0 0 0 0 0 0 0 0 1
1515924441.55 6405 3621 7640 10195 7107 7729 196 2895 5452 3517, 0 0 0 0 0 0 0 0 0 1
1515924442.64 5984 4466 7490 10077 6854 7660 285 2206 4964 4612, 0 0 0 0 0 0 0 0 0 1
1515924443.7 8352 6202 6587 10608 4105 6393 413 4497 7511 6153, 0 0 0 0 0 0 0 0 0 1
1515924444.77 9526 5179 5045 10009 2785 6102 469 3829 7469 7091, 0 0 0 0 0 0 0 0 0 1
1515924445.89 11075 5054 6730 10223 2521 5808 299 4398 7877 5818, 0 0 0 0 0 0 0 0 0 1
1515924446.94 15291 5567 8555 11084 2262 6427 214 5696 9888 7528, 0 0 0 0 0 0 0 0 0 1
1515924448.0 8396 4621 5869 7572 2363 4827 459 3984 6572 5046, 0 0 0 0 0 0 0 0 0 1
1515924449.07 10306 5190 5429 5586 2132 3873 352 4411 5884 3696, 0 0 0 0 0 0 0 0 0 1
1515924450.11 9401 5126 5526 5904 2387 3478 648 4231 6260 4681, 0 0 0 0 0 0 0 0 0 1
1515924451.15 6210 5291 5152 6382 2070 2205 410 2936 5027 5423, 0 0 0 0 0 0 0 0 0 1
1515924452.23 5533 5417 8134 8704 3292 3416 29 2374 6944 5777, 0 0 0 0 0 0 0 0 0 1
1515924453.29 6659 6976 11383 8514 3194 5234 444 4012 10163 8819, 0 0 0 0 0 0 0 0 0 1
1515924454.35 8024 8048 11892 9368 3157 5426 1042 5062 9568 8936, 0 0 0 0 0 0 0 0 0 1
1515924455.4 6702 8267 10479 8551 3672 3176 883 5665 8563 6369, 0 0 0 0 0 0 0 0 0 1
1515924456.49 10978 7472 11752 15446 6577 6282 1964 7677 12520 13706, 0 0 0 0 0 0 0 0 0 1
1515924457.52 9620 5144 7394 8994 4620 6187 1321 6863 9076 8041, 0 0 0 0 0 0 0 0 0 1
1515924458.58 7353 5473 7594 10873 4176 3966 1614 7027 7672 7322, 0 0 0 0 0 0 0 0 0 1
1515924459.62 7702 5049 7035 8366 3245 5669 1163 5256 5856 7425, 0 0 0 0 0 0 0 0 0 1
1515924460.66 6230 3857 5801 8749 2086 3471 1435 5485 5004 7818, 0 0 0 0 0 0 0 0 0 1
1515924461.7 7075 3469 5908 10017 2015 3274 1366 5650 5572 7716, 0 0 0 0 0 0 0 0 0 1
1515924462.73 10060 2256 5635 8145 1810 2954 1179 5970 5620 5326, 0 0 0 0 0 0 0 0 0 1
1515924463.77 10798 4531 7728 8217 1904 3352 614 6293 7350 5145, 0 0 0 0 0 0 0 0 0 1
1515924464.8 10719 5895 8743 8476 3105 3678 934 7099 7446 4115, 0 0 0 0 0 0 0 0 0 1
1515924465.86 11483 6382 9155 7389 3665 5646 602 5780 6478 3148, 0 0 0 0 0 0 0 0 0 1
1515924466.9 9154 6618 7567 7940 4432 4492 323 4641 6105 2710, 0 0 0 0 0 0 0 0 0 1
1515924467.96 9800 5550 6582 9227 6288 5572 363 4115 5949 3590, 0 0 0 0 0 0 0 0 0 1
1515924469.0 14377 10039 10888 14303 8691 8692 605 7832 10060 5753, 0 0 0 0 0 0 0 0 0 1
1515924470.04 10338 6057 6348 8141 4042 6103 295 5302 7011 3469, 0 0 0 0 0 0 0 0 0 1
1515924471.07 8042 5658 5464 7409 4416 7310 94 3424 4188 1551, 0 0 0 0 0 0 0 0 0 1
1515924472.1 8346 5639 8486 9276 6124 7800 173 3163 5641 3462, 0 0 0 0 0 0 0 0 0 1
1515924473.15 6919 6771 7542 11505 5214 5631 489 3341 4410 3652, 0 0 0 0 0 0 0 0 0 1
1515924474.2 6935 6903 8923 8923 4595 4775 218 4465 5666 2688, 0 0 0 0 0 0 0 0 0 1
1515924475.25 5868 6719 4563 5738 2168 3898 6 2792 3479 1844, 0 0 0 0 0 0 0 0 0 1
1515924476.31 5371 6631 6880 8902 3450 3277 4 3502 5416 3218, 0 0 0 0 0 0 0 0 0 1
1515924477.39 6003 6796 8072 8203 3386 3804 20 4079 7382 3383, 0 0 0 0 0 0 0 0 0 1
1515924478.43 6713 6652 8078 11251 3395 4409 336 2757 7858 6102, 0 0 0 0 0 0 0 0 0 1
1515924479.49 10318 9406 16756 15892 7914 9967 42 3582 13986 10541, 0 0 0 0 0 0 0 0 0 1
1515924480.52 8361 6299 9787 11579 3878 5092 304 2745 8613 7282, 0 0 0 0 0 0 0 0 0 1
1515924481.58 8542 6538 10847 10537 2528 4573 688 5436 11802 9291, 0 0 0 0 0 0 0 0 0 1
1515924482.62 7315 7302 12167 8379 2242 4480 316 4453 10598 8158, 0 0 0 0 0 0 0 0 0 1
1515924483.66 8618 5369 9636 7359 1997 2528 404 5754 9572 5678, 0 0 0 0 0 0 0 0 0 1
1515924484.7 9117 4697 8736 6311 2821 5346 61 4967 8131 4178, 0 0 0 0 0 0 0 0 0 1
1515924485.74 11576 4254 8064 3801 1651 4500 556 6894 7690 3108, 0 0 0 0 0 0 0 0 0 1
1515924486.81 8092 7021 9205 5459 1333 2373 886 7322 9750 6310, 0 0 0 0 0 0 0 0 0 1
1515924487.87 10059 6399 8624 5968 1979 3594 1005 7975 8318 5251, 0 0 0 0 0 0 0 0 0 1
1515924488.91 10104 6425 7312 8578 3162 3890 1022 7052 8368 7250, 0 0 0 0 0 0 0 0 0 1
1515924489.97 8755 5349 8360 7872 3863 5754 695 8077 7884 3914, 0 0 0 0 0 0 0 0 0 1
1515924491.01 16044 9441 15236 14311 5692 6802 1899 12291 13425 9754, 0 0 0 0 0 0 0 0 0 1
1515924492.05 10064 6312 9081 11262 4228 5166 485 6653 8191 5980, 0 0 0 0 0 0 0 0 0 1
1515924493.08 10430 6588 7459 7582 4000 5533 641 5969 6134 2612, 0 0 0 0 0 0 0 0 0 1
1515924494.19 9637 5377 7951 8470 5028 4237 671 5142 5341 2233, 0 0 0 0 0 0 0 0 0 1
1515924495.24 10278 6772 7771 9056 3330 4244 1058 6412 6074 2816, 0 0 0 0 0 0 0 0 0 1
1515924496.29 8816 5857 4829 7147 2522 2788 596 4439 4554 1903, 0 0 0 0 0 0 0 0 0 1
1515924497.33 9451 5341 6871 6768 2942 3136 133 6411 7373 2031, 0 0 0 0 0 0 0 0 0 1
1515924498.36 8765 5717 7511 5973 2928 3432 172 7097 8345 2692, 0 0 0 0 0 0 0 0 0 1
1515924499.4 8029 6734 10279 7198 3050 3776 446 8581 10782 5212, 0 0 0 0 0 0 0 0 0 1
1515924500.44 6486 5730 9354 7331 1381 1992 699 7994 10716 6528, 0 0 0 0 0 0 0 0 0 1
1515924501.47 7555 3262 7321 7217 778 3630 511 6805 9691 7829, 0 0 0 0 0 0 0 0 0 1
1515924502.51 11586 7661 12437 11623 4829 8407 1234 11345 16219 13239, 0 0 0 0 0 0 0 0 0 1
1515924503.55 8393 5175 6854 7951 3811 6691 895 8300 9408 7693, 0 0 0 0 0 0 0 0 0 1
1515924504.61 8527 6316 6771 7424 2979 5623 1133 5523 7987 8165, 0 0 0 0 0 0 0 0 0 1
1515924505.66 5684 4793 6874 9319 3982 3802 762 4715 7592 7769, 0 0 0 0 0 0 0 0 0 1
1515924506.71 6895 6345 7695 6947 4076 4601 252 3943 7467 5980, 0 0 0 0 0 0 0 0 0 1
1515924507.78 6699 5615 6503 6378 4819 6308 468 3626 6719 6382, 0 0 0 0 0 0 0 0 0 1
1515924508.85 6181 6998 7622 8196 4510 5471 534 4078 6872 6549, 0 0 0 0 0 0 0 0 0 1
1515924509.94 6013 4796 6044 8774 7360 6988 645 3897 6505 5698, 0 0 0 0 0 0 0 0 0 1
1515924510.99 6646 3849 6391 7875 6636 7635 540 4195 6117 4026, 0 0 0 0 0 0 0 0 0 1
1515924512.03 8934 5999 10616 14889 9875 9786 1380 8578 11516 10900, 0 0 0 0 0 0 0 0 0 1
1515924513.1 6620 4183 6986 10118 3236 4697 1619 6657 8588 7923, 0 0 0 0 0 0 0 0 0 1
1515924514.17 5604 5955 8739 13034 4417 3719 1245 5696 10158 9531, 0 0 0 0 0 0 0 0 0 1
1515924515.2 7192 6126 10503 12730 4289 4836 1140 6412 9959 7654, 0 0 0 0 0 0 0 0 0 1
1515924516.23 6099 5788 10174 14825 4621 5386 696 4148 9775 8000, 0 0 0 0 0 0 0 0 0 1
1515924517.29 10098 4532 7792 10457 4523 7659 1258 4406 7596 6969, 0 0 0 0 0 0 0 0 0 1
1515924518.34 10385 5184 8980 10346 5787 7566 1056 4815 7534 5931, 0 0 0 0 0 0 0 0 0 1
1515924519.42 12621 4416 7495 10493 5396 7987 1018 4094 7257 6331, 0 0 0 0 0 0 0 0 0 1
1515924520.45 15271 3452 4720 7339 5013 9586 1050 4389 4974 4422, 0 0 0 0 0 0 0 0 0 1
1515924521.5 10378 2001 3025 12115 6248 8075 1173 3969 4621 5639, 0 0 0 0 0 0 0 0 0 1
1515924522.53 11830 5706 6818 15676 10973 11038 1777 5132 6591 8305, 0 0 0 0 0 0 0 0 0 1
1515924523.57 9107 3241 5355 11630 6188 7183 1200 4104 5350 6168, 0 0 0 0 0 0 0 0 0 1
1515924524.61 7752 4040 7844 13930 8050 6366 883 3334 6857 7884, 0 0 0 0 0 0 0 0 0 1
1515924525.65 7030 5339 9915 12304 9035 5152 793 4912 8770 6669, 0 0 0 0 0 0 0 0 0 1
1515924526.71 6737 6147 13029 14946 8521 4025 516 4308 11451 8697, 0 0 0 0 0 0 0 0 0 1
1515924527.75 7405 6279 12074 13758 8520 4228 277 3730 9456 6553, 0 0 0 0 0 0 0 0 0 1
1515924528.79 8865 6481 12252 11369 8741 4655 346 5913 9582 4712, 0 0 0 0 0 0 0 0 0 1
1515924529.84 8073 7101 11916 10926 7524 4580 267 6371 10515 4952, 0 0 0 0 0 0 0 0 0 1
1515924530.9 9516 8774 15693 11760 6335 4869 358 8438 13866 6480, 0 0 0 0 0 0 0 0 0 1
1515924531.94 9211 10617 14949 9081 4152 3757 377 8901 13612 5835, 0 0 0 0 0 0 0 0 0 1
1515924532.97 7913 8327 12096 9028 4465 2876 304 7215 12201 5896, 0 0 0 0 0 0 0 0 0 1
1515924534.0 8256 7245 13652 11212 4547 2516 619 9250 13867 6806, 0 0 0 0 0 0 0 0 0 1
1515924535.03 9118 8384 13534 10373 4794 3171 874 9093 12446 7134, 0 0 0 0 0 0 0 0 0 1
1515924536.08 15317 12382 21551 16695 4797 4827 1585 16647 22397 12174, 0 0 0 0 0 0 0 0 0 1
1515924537.11 9850 7915 12563 9441 2728 4227 1126 10972 12730 6209, 0 0 0 0 0 0 0 0 0 1
1515924538.15 10138 5143 8710 10211 4268 6409 1168 8810 8958 6122, 0 0 0 0 0 0 0 0 0 1
1515924539.18 9968 4378 7459 12371 4018 6810 883 7324 8110 6987, 0 0 0 0 0 0 0 0 0 1
1515924540.2 9580 4904 7853 9902 5303 8237 1033 7150 7184 5341, 0 0 0 0 0 0 0 0 0 1
1515924541.24 9778 4131 8696 9842 4934 7445 863 7716 9248 6917, 0 0 0 0 0 0 0 0 0 1
1515924542.29 10121 6361 10980 11690 5622 7013 905 7846 10917 7089, 0 0 0 0 0 0 0 0 0 1
1515924543.34 9684 6786 10207 9450 5885 7519 142 6050 9854 7860, 0 0 0 0 0 0 0 0 0 1
1515924544.38 10130 5472 8789 9007 7216 8682 107 5724 9802 7490, 0 0 0 0 0 0 0 0 0 1
1515924545.41 11344 5151 9892 8048 10175 11605 10 6350 10419 6548, 0 0 0 0 0 0 0 0 0 1
1515924546.47 9895 5927 10469 9133 11783 10236 163 6075 11371 6997, 0 0 0 0 0 0 0 0 0 1
1515924547.52 10656 6112 10562 8801 9890 9635 434 6642 10248 5720, 0 0 0 0 0 0 0 0 0 1
1515924548.54 8384 6235 11118 10770 12439 8448 422 5234 8795 4868, 0 0 0 0 0 0 0 0 0 1
1515924549.6 12465 6956 16478 19025 17190 9649 1018 9541 15070 8720, 0 0 0 0 0 0 0 0 0 1
1515924550.66 7812 4379 9175 11936 10621 6451 466 5235 7865 4580, 0 0 0 0 0 0 0 0 0 1
1515924551.69 7513 3800 5679 12694 9912 6912 808 3862 5104 4901, 0 0 0 0 0 0 0 0 0 1
1515924552.77 6046 3041 4511 11651 11780 8149 382 2042 3134 3155, 0 0 0 0 0 0 0 0 0 1
1515924553.81 7155 2209 4101 12438 8832 7836 164 962 2374 3130, 0 0 0 0 0 0 0 0 0 1
1515924554.87 5112 3433 6147 14982 7954 5770 47 939 3087 3350, 0 0 0 0 0 0 0 0 0 1
1515924555.9 7617 4404 7752 12715 7670 6272 36 2960 6351 5198, 0 0 0 0 0 0 0 0 0 1
1515924556.94 9131 5674 9472 16035 6650 6006 359 3647 8805 9400, 0 0 0 0 0 0 0 0 0 1
1515924557.96 6925 6566 9323 16874 6519 3639 704 4139 9838 10458, 0 0 0 0 0 0 0 0 0 1
1515924559.02 8419 6099 6422 14222 2762 2181 528 2960 6513 9724, 0 0 0 0 0 0 0 0 0 1
1515924560.07 7317 7815 7872 8722 2546 3581 700 3937 7464 7427, 0 0 0 0 0 0 0 0 0 1
1515924561.1 11560 11796 14754 15056 5094 5081 1392 8064 15324 11878, 0 0 0 0 0 0 0 0 0 1
1515924562.16 8909 5995 8034 10502 3209 4860 1131 8378 11880 8443, 0 0 0 0 0 0 0 0 0 1
1515924563.19 9190 4304 6533 9176 3570 5293 1538 7231 9668 8479, 0 0 0 0 0 0 0 0 0 1
1515924564.24 9627 5053 7353 10070 2783 4373 2007 9041 10133 8052, 0 0 0 0 0 0 0 0 0 1
1515924565.34 9617 5712 8009 8236 4462 5758 1347 7867 9080 6450, 0 0 0 0 0 0 0 0 0 1
1515924566.4 10034 6421 8141 9170 5769 6995 1285 7686 9386 6072, 0 0 0 0 0 0 0 0 0 1
1515924567.46 10947 9045 10999 10090 4921 5450 799 6456 10508 6746, 0 0 0 0 0 0 0 0 0 1
1515924568.51 9004 9079 12206 12493 5320 5508 1087 6622 10692 7925, 0 0 0 0 0 0 0 0 0 1
1515924569.58 10979 7788 12717 11522 4463 3920 535 7302 12207 7573, 0 0 0 0 0 0 0 0 0 1
1515924570.62 13627 9780 18945 16693 6546 6865 398 9549 17354 10766, 0 0 0 0 0 0 0 0 0 1
1515924571.65 8277 6212 12370 11855 5639 4067 331 6676 12026 8475, 0 0 0 0 0 0 0 0 0 1
1515924572.71 6832 6597 11561 10008 4244 3372 324 5522 10708 8436, 0 0 0 0 0 0 0 0 0 1
1515924573.74 7630 6468 10497 11082 5525 5432 412 4042 8595 7045, 0 0 0 0 0 0 0 0 0 1
1515924574.78 6461 7117 11336 11374 5138 4571 344 3675 9691 9880, 0 0 0 0 0 0 0 0 0 1
1515924575.81 4558 5513 8429 12310 5427 5234 457 3581 10484 11496, 0 0 0 0 0 0 0 0 0 1
1515924576.85 5323 5153 8761 15273 7220 5619 425 3599 9160 11066, 0 0 0 0 0 0 0 0 0 1
1515924577.92 6290 7985 11540 13683 9676 8282 1 3076 11578 11004, 0 0 0 0 0 0 0 0 0 1
1515924578.98 7248 6907 11312 12589 10947 8700 5 3856 10235 8018, 0 0 0 0 0 0 0 0 0 1
1515924580.05 6513 7620 9335 11204 10019 8497 5 3531 8390 6727, 0 0 0 0 0 0 0 0 0 1
1515924581.1 5605 5727 10727 14097 10558 5778 41 3401 9067 6475, 0 0 0 0 0 0 0 0 0 1
1515924582.15 9335 9257 16044 18749 17057 9707 720 5489 10483 7210, 0 0 0 0 0 0 0 0 0 1
1515924583.19 7001 5174 9883 12879 12577 6109 707 4774 7211 4561, 0 0 0 0 0 0 0 0 0 1
1515924584.24 7449 4471 8582 13151 14279 7237 364 3642 7136 4809, 0 0 0 0 0 0 0 0 0 1
1515924585.3 7371 4911 9105 14089 14013 6799 768 5000 7348 5046, 0 0 0 0 0 0 0 0 0 1
1515924586.35 6305 7048 11177 14036 13589 6729 569 5104 9495 6960, 0 0 0 0 0 0 0 0 0 1
1515924587.38 6700 7681 10495 16022 11555 6502 647 4954 9189 8062, 0 0 0 0 0 0 0 0 0 1
1515924588.43 7012 8172 11784 15340 10526 7890 787 4891 9684 9086, 0 0 0 0 0 0 0 0 0 1
1515924589.47 7198 8582 13070 13456 7963 7138 925 5153 11763 11292, 0 0 0 0 0 0 0 0 0 1
1515924590.51 5058 6898 11160 11507 5806 7654 111 2133 10007 11520, 0 0 0 0 0 0 0 0 0 1
1515924591.55 2863 6898 9451 7179 2577 5533 8 32 5420 7489, 0 0 0 0 0 0 0 0 0 1
1515924592.58 2857 6898 6906 3878 2577 3914 11 30 2571 2863, 0 0 0 0 0 0 0 0 0 1
1515924593.61 2857 6898 6906 3878 2577 3914 11 30 2571 2863, 0 0 0 0 0 0 0 0 0 1
1515924594.63 2857 6898 6906 3878 2577 3914 11 30 2571 2863, 0 0 0 0 0 0 0 0 0 1
1515924595.65 2857 6898 6906 3878 2577 3914 11 30 2571 2863, 0 0 0 0 0 0 0 0 0 1
1515924596.67 2857 6898 6906 3878 2577 3914 11 30 2571 2863, 0 0 0 0 0 0 0 0 0 1
1515924597.69 2857 6898 6906 3878 2577 3914 11 30 2571 2863, 0 0 0 0 0 0 0 0 0 1
1515924598.7 2857 6898 6906 3878 2577 3914 11 30 2571 2863, 0 0 0 0 0 0 0 0 0 1
