1513879409.36 10147 6838 16853 16534 14054 14118 2378 5320 5 1233
1513879410.36 26022 18013 34850 28044 25483 36234 5368 10222 32 3172
1513879411.37 27445 17376 33757 24535 25632 38600 5651 12153 28 3121
1513879412.37 28016 16805 33322 25807 23342 37991 5813 10577 38 3438
1513879413.38 21696 17200 33023 26520 23342 31960 7698 12641 44 4841
1513879414.38 22402 17777 32155 28803 25475 33648 9106 12328 43 7406
1513879415.38 21895 17251 33205 26227 22359 34568 10715 13665 63 6512
1513879416.38 21094 17932 32315 24086 19928 30907 8736 13335 59 4507
1513879417.38 20652 18471 34516 25334 20179 27648 7293 13595 65 4662
1513879418.38 20442 17167 36148 29331 22968 25790 6875 15625 87 4125
1513879419.38 19390 18184 33856 28832 20682 24302 7639 14646 117 3930
1513879420.39 19796 17494 30606 28625 19612 24775 8578 11618 116 6056
1513879421.39 19320 17427 28876 26150 16972 27275 12363 9808 118 9844
1513879422.39 19971 17896 33203 27779 18258 27214 9331 12444 135 6957
1513879423.39 22089 20027 33038 29794 19452 26957 7356 9411 147 5954
1513879424.39 22456 19226 33105 25966 15119 29035 7606 9632 149 5834
1513879425.39 21866 19629 31012 23439 16931 27837 8980 11347 166 6846
1513879426.39 22202 16427 30133 21045 15052 27077 9370 12818 180 7502
1513879427.4 23282 15239 32135 22478 16893 30702 9821 14395 165 7444
1513879428.4 25129 16259 30783 22535 16823 31791 10759 15625 170 7954
1513879429.4 21019 15690 30470 21687 17362 32201 12128 14258 188 9263
1513879430.4 19185 16677 31688 20352 15372 27931 12071 15979 256 8753
1513879431.4 17864 14590 31086 19774 14196 25170 12338 15847 252 8642
1513879432.4 19110 15990 34259 24622 18501 26005 9359 17005 341 5686
1513879433.41 21323 15726 31749 21698 16978 26073 7960 14970 271 4594
1513879434.41 23413 16677 33457 19145 16981 28762 7739 15861 368 4249
1513879435.41 20958 16395 32619 19474 17902 29460 8797 15821 326 5552
1513879436.41 19431 16522 31594 16703 15108 27310 8863 15625 246 5131
1513879437.41 22725 16130 32292 15480 17333 31045 7646 17876 240 4161
1513879438.41 26261 17475 32761 15067 18610 33178 8707 19458 211 3678
1513879439.41 22963 18814 32078 16141 19572 29402 7401 16997 218 2822
1513879440.41 24190 18088 31551 15081 19752 30884 7544 15640 228 3821
1513879441.41 22454 17220 30603 15205 14334 23694 7486 15696 217 4117
1513879442.42 23645 17919 30925 13666 14680 24487 6320 16087 226 2464
1513879443.42 25890 17770 31618 14298 19670 28109 7408 18370 276 2623
1513879444.42 25669 17784 34062 15709 18624 28385 5522 17868 255 1586
1513879445.42 27535 18747 29433 11821 18545 32595 5564 14202 229 1660
1513879446.42 23807 16629 27087 12799 16227 30265 5688 12867 221 1716
1513879447.42 18072 16020 28167 10124 14690 26440 5845 12627 162 1635
1513879448.43 17993 17931 27589 8720 15932 26611 6336 12841 150 1464
1513879449.43 20279 12978 24365 9844 14661 27727 6339 11817 187 2178
1513879450.43 24002 14690 21877 8940 15691 31425 5503 10469 194 2300
1513879451.43 21892 10782 24296 11083 9914 24049 5888 12058 179 3707
1513879452.44 22789 14120 23974 13339 12064 28529 6902 10634 164 2991
1513879453.44 18572 10670 21634 13327 12055 24591 5897 11920 159 3609
1513879454.45 24289 13363 24069 14717 17122 30245 5337 14229 169 2598
1513879455.46 26069 16316 29166 16427 16339 26915 4573 15615 139 1609
1513879456.46 24460 15773 24941 14941 18084 26208 4648 14459 111 2501
1513879457.46 23380 13306 22437 12216 14554 23540 3684 13162 124 1805
1513879458.46 20887 12575 23288 15451 17484 23978 2905 12243 127 484
1513879459.46 20115 9280 23451 21700 21177 24589 4231 12360 114 1370
1513879460.46 20760 10540 22381 16429 21008 28740 4679 11764 97 1490
1513879461.47 20348 10378 28175 12675 16993 29373 5538 16247 118 1162
1513879462.47 28422 14381 28485 15661 20087 35063 4482 15186 167 1190
1513879463.47 29677 13344 24043 17790 21079 33742 3699 12754 185 1883
1513879464.47 25389 17671 32625 18860 17989 29292 6677 16618 183 2643
1513879465.47 22291 14996 30084 17493 18735 30037 7989 14619 170 5078
1513879466.47 20593 14881 30673 16889 14178 25194 10980 18453 183 7135
1513879467.47 22375 16496 34035 19888 16738 27537 10433 17746 199 5060
1513879468.48 21387 16871 34446 21125 15344 27881 10229 15511 264 5889
1513879469.48 16727 14634 33860 23948 17194 23959 8020 12576 252 4671
1513879470.48 16991 15719 36498 23103 14839 22876 9346 15571 198 5000
1513879471.48 15217 15349 32239 21729 16666 22390 9236 11769 182 5915
1513879472.48 18019 15942 33322 21115 17318 25176 8182 13025 192 5901
1513879473.48 16885 15243 32298 23014 16239 27032 11960 12391 215 9078
1513879474.48 20960 16772 32998 23515 15732 29972 11260 11919 189 8200
1513879475.48 23493 18331 35160 25059 15677 26291 11401 16178 181 8696
1513879476.49 20060 19924 33574 27175 16906 22230 8996 10937 194 7094
1513879477.49 22405 19522 33044 30631 16774 20465 8351 11368 189 6964
1513879478.49 28810 22423 37304 23807 13072 20649 4737 17542 193 3113
1513879479.49 24670 21340 35770 27437 17320 23411 6821 15138 164 4472
1513879480.5 20732 20636 33505 29114 16888 17888 6745 10921 180 4880
1513879481.5 17633 15941 27876 31169 22946 20931 4583 6287 185 3589
1513879482.5 16372 14784 33179 33648 26311 22950 4352 8725 146 4232
1513879483.5 14868 16222 38269 37169 20624 17892 5212 10614 140 4976
1513879484.5 15744 16497 33998 35463 24924 25681 6352 7563 149 5517
1513879485.5 18840 13497 30644 34518 24252 29177 8384 8614 153 7342
1513879486.5 16737 13291 30631 33537 23434 24569 7611 7904 182 6023
1513879487.51 25529 15305 30775 28921 22946 31284 3960 9252 140 2799
1513879488.52 27035 13186 25688 25805 24579 32863 2996 8039 141 1760
1513879489.52 26231 14405 29682 23608 20931 31692 4261 11521 126 2278
1513879490.52 26972 17552 28048 20194 20355 34561 7825 10831 165 2197
1513879491.52 28954 16466 26235 18956 23075 38819 7971 13154 135 3222
1513879492.52 31175 16725 25897 18907 19994 34152 6982 13431 141 4596
1513879493.52 22867 14999 27085 18596 23689 33307 11629 17466 132 6641
1513879494.53 23349 17958 26211 16755 19180 32576 10923 10417 165 5965
1513879495.53 21880 17588 27823 20874 21562 32949 9162 8011 135 4701
1513879496.53 19601 16676 25764 16324 14154 26595 8860 9936 153 3701
1513879497.53 21069 19675 29100 18889 20878 27525 8303 9803 134 3932
1513879498.54 19789 18945 28208 16009 17496 25319 8687 10643 132 4131
1513879499.54 17102 16839 29484 17571 19433 25032 9307 13144 99 3471
1513879500.54 22898 17050 29126 15873 18707 32120 12315 14370 126 4947
1513879501.54 23964 16750 30462 13933 15422 30913 10608 16164 107 4441
1513879502.55 26246 18516 31799 14495 16621 28319 8951 21076 74 3125
1513879503.55 29926 17239 33198 18669 16972 30071 5491 20762 68 817
1513879504.56 31106 14633 24206 16422 18086 31098 5387 16674 56 2969
1513879505.56 29219 14100 22796 11977 13342 27517 3506 14441 41 1625
1513879506.56 21363 12650 23793 9376 9667 21410 4234 11920 89 2161
1513879507.56 27372 15488 27067 12859 17075 36267 6898 12124 95 4666
1513879508.56 29373 19435 32611 16164 20249 32623 4785 14241 103 2742
1513879509.56 27803 20927 34584 17655 17841 31151 5855 15378 99 3470
1513879510.56 23306 19056 33770 16424 15722 26765 4608 14826 148 3172
1513879511.6 19045 15547 31740 15137 15511 20817 3329 14367 131 2081
1513879512.6 22721 17309 31753 16459 14466 21764 3633 13352 114 2323
1513879513.61 28128 19194 35834 18739 18587 28120 6541 15311 116 4219
1513879514.61 14160 12273 23188 9455 8805 11883 3430 7807 125 2518
1513879515.61 8961 7574 16184 11109 9583 12256 4387 6971 115 3438
1513879516.61 13542 7631 16470 9469 7093 10620 1318 9353 115 380
1513879517.62 14127 7774 14787 7357 5108 6484 352 9504 89 136
1513879518.62 13282 9367 15903 6979 3436 4139 98 10037 86 114
1513879519.62 13955 11056 15343 6981 2969 3236 112 9945 99 141
1513879520.62 16987 13814 14130 5042 3032 4410 66 9627 100 111
1513879521.63 15383 13687 13897 4133 4881 4588 97 8021 110 133
1513879522.63 11319 10636 12928 5514 7972 4478 56 6695 105 105
1513879523.63 10966 8806 10061 4104 8056 4595 23 5519 119 90
1513879524.63 17215 9257 12774 8189 12305 13223 30 4550 95 73
1513879525.63 16017 9581 14924 9452 17273 17523 21 6156 109 75
1513879526.63 17945 11450 15368 10757 18943 16334 17 6521 96 84
1513879527.63 23117 12382 18713 12679 21056 19180 33 10791 122 125
1513879528.63 26941 17067 17945 10578 21181 21924 29 9498 60 60
1513879529.63 26988 14256 16627 14186 19652 19069 36 10000 74 73
1513879530.63 28512 15815 18739 13225 18445 20439 36 10690 65 75
1513879531.64 25509 15115 18760 14686 20446 23524 335 8766 62 62
1513879532.64 23360 19080 25292 18476 20593 18060 1544 10011 59 64
1513879533.64 25756 17215 22113 14361 19224 20008 1677 11307 39 56
1513879534.64 24243 17841 21630 13733 20817 22364 631 8891 53 58
1513879535.64 25292 16704 20225 10784 18181 22917 1284 10944 67 70
1513879536.64 23556 16794 22005 14076 22072 24839 1130 9048 63 51
1513879537.64 23004 18271 27406 16453 19613 20267 1188 13362 67 56
1513879538.64 18928 16046 21638 12667 14036 13610 1051 8193 94 107
1513879539.64 19888 14462 23653 11392 11960 11515 1401 9476 69 47
1513879540.65 16617 14244 28411 11549 11040 8929 1747 10661 64 46
1513879541.65 15125 14123 27861 12109 11492 6706 1786 8765 51 39
1513879542.65 12955 14463 31984 15853 12138 8997 2911 11881 49 61
1513879543.65 12584 12996 29207 13341 10249 9007 3000 9213 59 37
1513879544.65 16585 15528 29978 19874 17405 17652 1670 8379 56 38
1513879545.65 14022 11248 24443 20424 18406 17257 2391 6848 60 41
1513879546.65 15852 12234 22776 20987 21726 19648 2020 7305 46 34
1513879547.65 16852 11940 17212 12554 16871 19259 1975 7255 35 32
1513879548.65 20530 12481 16411 12713 17980 22479 1751 7697 36 28
1513879549.65 21739 13411 19067 13787 20810 24301 2617 8802 40 52
1513879550.66 22653 14864 19843 14391 21269 23044 1377 7866 29 35
1513879551.66 23542 14888 18941 12098 20961 24305 3180 10265 28 28
1513879552.66 25961 15868 23430 17083 18782 23935 3346 9703 26 315
1513879553.66 23102 17478 26575 20056 18972 19213 3809 11087 32 584
1513879554.66 18988 17179 29873 21244 19016 17279 3962 11362 34 742
1513879555.66 16333 15557 27930 20468 17525 18396 5506 9229 40 2478
1513879556.66 18168 12958 22133 16933 18635 27579 5896 7110 51 2471
1513879557.66 20726 15803 19647 16481 21151 29700 5962 5435 69 3471
1513879558.67 21301 15494 26058 21507 20625 29925 8951 8806 174 5933
1513879559.67 24197 15692 23183 18991 17530 33135 9780 10069 49 7041
1513879560.68 24402 17941 27014 19636 18548 32194 8366 9939 39 4563
1513879561.68 21781 14136 22696 16409 14467 24731 2994 5630 57 1445
1513879562.68 19865 12740 19159 12744 14913 28268 4250 7033 70 1583
1513879563.68 19997 15386 24490 16361 17670 30604 3911 7692 64 1299
1513879564.68 21437 15836 25085 12686 16349 31544 4701 10218 78 1898
1513879565.68 27557 20482 31004 15869 17494 29917 2835 10999 89 97
1513879566.68 29446 22203 34157 16213 15868 27509 2426 11833 89 83
1513879567.69 21481 19944 32176 18363 15183 19430 2687 10044 107 409
1513879568.69 19104 22039 35097 22129 14552 17335 5683 10974 142 3048
1513879569.69 18006 19042 40072 25433 17030 15794 3793 13560 138 1368
1513879570.69 14758 18714 39026 23493 13445 11455 1955 11866 103 324
1513879571.69 18204 19024 41200 26357 13266 13488 2387 11897 126 568
1513879572.69 18157 16869 36307 21547 11315 12220 2226 12368 126 624
1513879573.69 14779 13924 31849 19776 12012 11678 3562 9890 116 1826
1513879574.69 15887 10078 29290 17812 11488 12106 2394 11368 104 896
1513879575.69 22363 17164 33775 16611 9364 15017 5443 14624 99 1248
1513879576.7 23865 15679 31157 18268 12809 18339 5353 14999 99 745
1513879577.7 23940 15298 30508 17560 11761 18117 6112 17553 77 519
1513879578.7 21301 12844 24161 15800 12532 15465 4211 14153 71 74
1513879579.71 19337 13782 24016 15370 12962 15672 5163 14118 70 78
1513879580.71 20140 16033 23362 16027 14113 14828 2576 10529 93 71
1513879581.71 18518 15052 22367 15540 15293 14345 2064 10230 100 92
1513879582.71 19166 16752 23526 13443 14554 16450 910 10270 99 97
1513879583.71 19897 16989 23671 15962 17314 19913 1193 8243 77 48
1513879584.71 16968 14165 20161 11167 14873 15604 2162 8064 84 83
1513879585.71 19925 14041 19625 9411 15709 16068 1395 8191 91 108
1513879586.71 21969 18443 21568 10236 11274 16092 1262 7912 82 100
1513879587.71 26832 19492 28148 17146 17216 20088 1943 14096 107 117
1513879588.71 25923 19124 24438 15638 16535 18576 1338 11786 128 146
1513879589.72 22472 14726 22105 13087 13921 14706 1297 13319 123 150
1513879590.72 22903 14070 22655 10929 9852 14033 1154 11489 124 121
1513879591.72 23993 18678 31562 14721 10791 14193 1727 15722 105 88
1513879592.72 21534 17652 25984 11318 8700 12465 1655 12056 127 121
1513879593.72 21635 16290 23846 9651 8159 12452 1721 12224 144 124
1513879594.72 20859 18533 28350 13966 10026 12496 2403 12770 138 98
1513879595.72 16483 13428 27337 13882 9321 11706 2018 10484 147 101
1513879596.72 14004 13411 28357 9201 7036 11493 1279 8678 164 117
1513879597.73 14462 12960 31300 11828 6149 10556 485 8941 183 128
1513879598.73 6695 14451 30532 17294 10879 9029 936 6957 255 420
1513879599.73 7892 15623 33188 19416 9026 8083 923 8161 176 139
1513879600.73 8413 16589 32713 17405 6876 7259 976 8207 141 128
1513879601.74 10818 18212 32519 15426 7534 10146 950 7954 149 127
1513879602.74 17720 18063 36574 20555 7924 14043 1037 10623 123 117
1513879603.74 21338 18340 33742 14965 6947 14479 1675 13264 129 140
1513879604.74 18363 15370 29266 14023 7064 12565 2106 12782 87 90
1513879605.74 17970 15404 25506 10572 5687 13220 1891 11027 85 103
1513879606.75 17351 14148 20464 7780 7944 12200 1872 8820 141 107
1513879607.75 15650 12906 20882 10121 12250 13238 2178 8695 141 120
1513879608.75 13177 12248 19194 9736 14849 10108 1518 8564 130 105
1513879609.75 11673 14032 21064 9617 14411 9372 2157 9325 122 104
1513879610.75 17847 16723 20123 5866 12788 11576 723 9247 163 126
1513879611.75 22920 15674 19704 3408 12502 13028 730 12628 154 182
1513879612.75 24185 15511 20699 3878 12863 17829 1678 13187 153 937
1513879613.75 26879 14631 20918 4086 10164 21677 736 13006 137 783
1513879614.75 27147 14145 23101 5791 9543 23281 3501 15307 129 2841
1513879615.76 22260 13480 20901 7020 7525 20042 6308 11607 138 4446
1513879616.76 23897 16341 25852 9768 10196 25961 8108 13345 151 4760
1513879617.76 23909 15160 23322 9718 10992 30231 8228 12130 187 4689
1513879618.76 23133 15795 25767 8089 11376 31579 9926 14465 141 4311
1513879619.76 22099 15226 23352 5433 11422 30259 9274 15973 134 2648
1513879620.76 25073 17709 26225 6564 11349 28221 9122 19217 149 948
1513879621.76 25186 19011 24853 3798 6133 23558 8328 19347 128 1843
1513879622.77 24718 17847 25229 4007 4225 21540 8235 20443 108 750
1513879623.77 23985 17594 25471 6745 4085 15477 4680 18999 92 89
1513879624.77 27851 17744 26652 6571 3887 14535 3525 23427 88 105
1513879625.78 24483 17273 23518 8376 4636 11334 1887 15391 92 910
1513879626.78 21329 16478 26336 17666 10022 11239 3617 12813 144 2884
1513879627.78 23765 15502 22991 20706 11655 16098 4301 8979 134 2789
1513879628.78 19721 14825 24240 21907 11700 13827 6393 10288 96 3566
1513879629.78 21813 15051 20115 18410 13219 17278 4318 8216 102 2093
1513879630.81 23139 17107 19842 19926 16968 25083 8312 10941 183 4218
1513879631.81 24483 17394 21256 17863 14181 28109 13454 13814 783 8161
1513879632.81 23744 18267 23697 18820 14132 29806 11998 10498 341 6973
1513879633.82 19432 18730 29621 22871 13749 26795 11985 12422 261 7834
1513879634.82 22917 18579 30710 22100 11811 23741 9217 14917 751 6255
1513879635.82 21272 15902 31582 20907 11293 22967 8703 18263 832 5977
1513879636.82 22936 14637 30730 18782 8522 19796 11007 22387 578 6418
1513879637.82 22510 12850 30429 15421 7611 16704 6961 24191 193 2234
1513879638.82 16629 12165 31361 10632 4107 11506 3863 21865 103 514
1513879639.82 19588 13720 33565 12178 4954 12324 3216 18975 173 966
1513879640.82 23598 15368 34333 11121 3051 11810 3040 21407 135 305
1513879641.82 26409 16322 37481 10587 3719 9730 1243 24529 91 124
1513879642.82 23984 18233 38286 11543 4050 9472 2063 20635 122 141
1513879643.82 22017 19149 35914 13239 5769 12427 3650 18005 131 1412
1513879644.82 21018 17967 33053 9745 4932 12437 4656 19214 132 2428
1513879645.82 20681 16543 30409 10457 4539 14559 5054 14878 140 3585
1513879646.83 22115 17511 33062 10949 4547 15687 5611 18701 160 4261
1513879647.83 23141 14967 29257 11545 6228 18380 6129 15793 156 5286
1513879648.83 20523 11412 23500 8550 6683 20347 5926 12140 125 5066
1513879649.83 21200 13206 24589 10247 5947 21594 6889 11585 140 5559
1513879650.83 18651 11294 20840 9527 3930 20303 7386 9296 165 5961
1513879651.83 17948 13059 21767 8503 4341 18095 6690 9930 143 5099
1513879652.83 12817 12386 20487 8696 4019 14292 4828 7928 146 3988
1513879653.83 16535 11580 18784 8546 4389 14898 3610 9465 163 3640
1513879654.83 13730 14146 23937 12827 5974 12631 2678 4735 149 2484
1513879655.83 15850 14718 23276 12777 6006 19401 6080 4735 140 4857
1513879656.83 16633 13091 22897 10309 5117 20610 6072 6090 128 4560
1513879657.83 18607 13818 23132 7469 5956 23478 6874 8480 137 4822
1513879658.83 17263 15738 24521 11510 4725 21919 9916 8846 142 6754
1513879659.83 17145 13337 23838 9886 6235 26785 11147 9842 113 6525
1513879660.84 16619 14595 24142 9302 5254 24972 11408 10233 118 7352
1513879661.84 21828 15832 27430 10800 5691 27788 13728 13479 145 8044
1513879662.84 27042 13787 24935 9189 4740 32749 15237 13664 95 8827
1513879663.85 30073 15579 22618 8855 6551 35631 15489 14281 92 9269
1513879664.85 30996 14597 19593 7160 7268 37756 17077 16531 83 10255
1513879665.85 31162 11967 16239 7204 8190 38438 14383 15167 80 9583
1513879666.85 25370 12025 17172 6108 7687 27697 12443 17562 74 6595
1513879667.85 21349 11402 12927 4732 6044 24767 10068 12539 71 5895
1513879668.85 24400 14957 16658 5262 5710 24759 8938 13224 89 4277
1513879669.86 25259 14474 19640 7405 5430 23762 8003 16280 85 3795
1513879670.86 23747 15704 22944 10452 5593 20089 7029 13093 76 2180
1513879671.86 18827 16189 20260 7406 2132 14875 6294 7304 79 2913
1513879672.86 20863 17085 20168 8282 2968 12686 2585 6855 105 569
1513879673.86 23663 17286 19348 8557 3816 16609 3577 6118 117 382
1513879674.86 21016 14597 19172 8697 3005 15732 3411 6867 104 97
1513879675.86 18534 13257 19956 9497 3159 12877 2410 7962 88 87
1513879676.87 21099 15451 21285 9418 3976 12605 2624 9167 75 50
1513879677.87 22063 15625 21989 10079 5072 15566 3183 9645 88 142
1513879678.87 24700 16481 21804 8555 5496 16925 3394 12008 72 54
1513879679.87 23768 19767 26678 9115 4461 16245 3345 12414 72 28
1513879680.87 20262 15470 24948 8515 3972 12815 4273 13549 168 452
1513879681.87 21262 15747 27229 8388 2990 10527 3890 14806 90 89
1513879682.95 21262 15747 27229 8388 2990 10527 3890 14806 90 89
1513879683.95 19099 13766 34909 19468 7351 7060 2900 21769 62 150
1513879684.95 21521 15207 34068 20470 10522 11408 2812 21828 59 39
1513879685.95 17473 15525 36524 24303 12914 11079 3003 20988 44 38
1513879686.95 19202 16035 35542 25434 14799 11083 3084 20669 48 27
1513879687.95 21614 16839 35559 22517 14048 12243 2298 21101 46 25
1513879688.95 19798 15716 32520 15912 7430 9059 2478 18665 77 41
1513879689.95 19532 14168 34639 16235 4369 6903 1283 16607 90 84
1513879690.96 21233 14882 31926 13373 5495 9977 804 15586 97 84
1513879691.96 23559 16783 34874 14341 5495 11267 773 15928 91 80
1513879692.96 28639 18438 38726 17386 6930 15350 1127 16239 97 74
1513879693.96 24539 18363 33629 14556 7992 16391 2193 16324 138 152
1513879694.96 21152 17399 32846 13023 8984 18952 3202 14728 187 250
1513879695.96 17338 17618 36336 13526 6686 15186 4038 15823 172 613
1513879696.96 18295 16511 35008 14241 8923 18322 4442 14118 189 777
1513879697.96 17849 16722 34766 14834 8623 19622 4550 14013 157 1119
1513879698.96 16457 13876 33471 16240 10299 20177 4823 12096 160 1345
1513879699.96 14123 13112 33392 14773 9756 22748 8238 13814 158 3120
1513879700.96 11917 12171 34896 18699 10761 21929 6774 10950 156 2811
1513879701.96 10416 9719 28511 23411 10313 17732 6404 7191 173 3175
1513879702.96 11614 7897 25735 26252 11659 20935 9497 5301 154 6873
1513879703.96 13777 10986 25141 24680 10012 18270 9032 6701 154 6468
1513879704.97 7301 11623 24477 18796 5358 10150 6246 4643 144 3998
1513879705.97 10029 11981 29090 23093 10366 13190 4483 8212 165 2884
1513879706.97 10872 11557 36469 32741 15684 9138 2456 12439 178 1200
1513879707.97 9131 10596 35516 27551 12572 7078 2299 14111 160 1140
1513879708.97 10165 11252 35456 27795 13008 6091 2243 14859 153 851
1513879709.97 5928 9883 32176 21115 8606 2749 1508 12765 138 374
1513879710.97 4933 8708 31611 16327 5932 1042 755 13235 137 94
1513879711.97 5655 8159 31339 16950 6150 895 117 13101 142 116
1513879712.97 3650 7958 31337 19595 6249 211 34 9987 185 145
1513879713.97 2514 8106 29937 19490 3648 68 26 7285 147 90
1513879714.97 3068 8154 28515 19117 3990 296 18 7721 138 55
1513879715.97 3111 8242 28179 16244 3566 126 104 8375 127 146
1513879716.97 6227 9312 27506 16196 4863 3921 549 9073 164 251
1513879717.97 11615 7839 22991 14330 6681 12183 2325 10644 143 1281
1513879718.98 16680 10917 28470 11523 5500 23119 7196 13811 176 2606
1513879719.98 14719 13609 33010 11069 6066 23029 7252 14453 175 2315
1513879720.98 11514 12700 28071 8942 5600 19297 5575 14370 207 1774
1513879721.98 11205 16604 30324 16184 11447 15275 5301 11414 217 1579
1513879722.98 11751 13840 27577 16251 10727 15159 5736 12203 275 2384
1513879723.98 15318 16554 27900 17560 12461 18561 5925 10661 233 3255
1513879724.98 9283 13716 24982 13279 10605 15231 5778 8634 230 3457
1513879725.98 7832 13748 24212 14358 9556 13433 5020 7783 241 1389
1513879726.98 9693 14154 25470 16377 12634 16911 5684 8462 239 1738
1513879727.98 7749 13416 23253 12143 8101 13593 2897 7459 240 149
1513879728.98 11917 17270 24835 10321 6939 11780 3749 9167 201 203
1513879729.98 10484 19289 26271 8024 4741 10617 3922 8331 220 158
1513879730.98 6989 16099 23409 7484 2864 6735 4032 7344 244 209
1513879731.98 6312 13449 18990 5609 3808 8983 6380 7818 146 1293
1513879732.99 10266 12148 18270 5494 7371 19191 9920 9814 157 2134
1513879733.99 10007 10943 16508 7095 6611 18780 14330 10839 151 5493
1513879734.99 11540 10727 15660 6886 5385 22246 14658 9469 146 7732
1513879735.99 8494 7134 9941 3833 5630 27191 12560 6812 144 7638
1513879736.99 8147 7206 11275 5565 8545 28077 8905 5914 190 4372
1513879737.99 9146 6728 17000 10018 10934 26053 6758 7537 188 2550
1513879738.99 9746 5552 17769 9818 9856 23369 6179 8329 204 1576
1513879739.99 7970 4983 20234 15656 13160 22700 6956 7682 190 3410
1513879740.99 7961 7456 26211 21308 15045 21966 9092 8295 156 3896
1513879741.99 5067 8340 26494 23063 13136 13348 8947 9531 128 2620
1513879742.99 5583 9327 21262 21784 10430 7890 6819 6605 122 3426
1513879743.99 2776 8348 19175 18636 7520 3465 5089 4734 109 2338
1513879744.99 2500 7758 17578 13876 4469 2049 3414 4770 139 1103
1513879745.99 3045 8738 18705 13432 3594 2271 4225 5664 137 1403
1513879746.99 2683 7133 17108 12304 2137 1085 2681 4443 114 1231
1513879748.0 3497 4183 11562 8925 1381 875 2130 5313 125 390
1513879749.0 2294 2800 6984 4856 805 920 1718 3981 131 133
1513879750.0 3960 2990 13536 10053 2440 674 284 6129 114 89
1513879751.0 5037 5260 25442 16220 7785 4380 83 9429 120 107
1513879752.0 7972 7237 35220 22053 17082 9254 105 12938 91 116
1513879753.0 7268 6690 36096 23800 19407 8502 73 11235 86 95
1513879754.0 4702 7156 31690 18398 14034 4222 129 8765 72 136
1513879755.0 2974 7568 28983 14713 14794 2641 105 7579 94 134
1513879756.0 2827 6458 31328 10866 11827 3234 69 9276 77 83
1513879757.0 4731 6497 24808 8568 12908 3293 80 11294 91 98
1513879758.0 5667 9153 24239 6868 12878 3677 442 10860 104 101
1513879759.0 2789 8081 19975 7492 9079 1721 73 6991 121 116
1513879760.0 6115 11294 24752 10014 5925 1539 93 11008 120 100
1513879761.0 6934 11686 29755 11639 2764 184 166 13333 108 132
1513879762.02 5969 11766 28451 13001 3296 93 97 12381 105 112
1513879763.02 6894 11716 30865 17073 4394 105 66 13006 91 111
1513879764.02 5960 10421 24371 14479 5584 468 164 10939 80 184
1513879765.02 6699 9909 25821 15093 5631 1466 136 11506 69 155
1513879766.02 4465 9675 25420 13991 3254 339 69 9279 73 69
1513879767.02 2838 9046 25234 13191 3948 1118 53 7471 66 69
1513879768.02 3126 5124 24268 12727 4276 1227 63 9197 71 71
1513879769.02 3224 8744 23535 14596 5026 1847 1565 6948 81 67
1513879770.02 2306 12585 26290 12354 2513 1055 2288 6342 85 65
1513879771.02 2002 12799 27613 12916 1903 898 2421 6096 107 88
1513879772.02 4224 12495 24107 10363 2630 1258 883 5423 114 688
1513879773.03 2549 8061 16105 13117 7290 2567 2063 3638 122 2098
1513879774.03 1252 8067 16359 17993 9079 3585 3789 1611 86 3780
1513879775.03 272 4979 12979 18320 9570 2659 2995 307 86 2928
1513879776.03 518 8085 16898 22961 6869 1939 3011 709 95 2501
1513879777.03 2307 11979 22512 27182 9306 2245 4274 2543 94 2805
1513879778.03 3239 13239 21826 24488 6589 2619 3262 2482 98 2058
1513879779.03 3617 12298 19433 22392 4420 2423 4879 2948 95 3483
1513879780.03 3583 13518 21047 21977 3446 2146 5140 3125 113 3319
1513879781.03 2411 10384 16394 18002 3408 1746 4173 3073 91 2233
1513879782.03 2288 11611 22135 18278 3917 1558 3889 4192 82 2056
1513879783.05 2229 11487 21440 18906 3927 1545 3453 2154 84 2191
1513879784.05 3131 6476 12454 11333 960 1135 1846 3963 92 1348
1513879785.06 3363 8659 15146 10726 1798 897 1285 4991 111 810
1513879786.07 3351 8641 12473 9045 1850 482 944 4609 111 266
1513879787.07 2859 7750 14584 9517 1245 523 1155 5310 98 415
1513879788.07 2371 8035 17441 12345 2317 754 1840 6697 115 894
1513879789.07 3992 9157 16072 8865 1969 777 1907 7065 129 996
1513879790.07 2874 9004 20918 9311 1772 405 1213 8444 100 234
1513879791.08 2480 12229 20626 8888 2038 236 1009 6412 96 160
1513879792.08 1902 11611 20633 10109 1983 515 1006 5665 109 200
1513879793.08 1520 11400 21982 7269 572 414 643 5021 109 187
1513879794.09 1520 11400 21982 7269 572 414 643 5021 109 187
1513879795.09 2661 7350 14341 8495 2986 233 336 4839 80 183
1513879796.09 2666 2304 6145 3093 1397 998 173 3880 74 171
1513879797.09 5470 2434 5883 8154 11987 10761 169 1613 77 159
1513879798.1 5696 3813 9286 16735 18430 12307 727 526 77 699
1513879799.1 5001 6033 16194 36488 34860 14616 3937 198 56 3887
1513879800.1 4976 4904 16098 36966 32950 13502 2787 192 68 2750
1513879801.1 4528 3690 15628 34461 29787 12547 3344 790 66 3310
1513879802.11 3353 3413 11922 32228 30698 9081 2476 870 44 2277
1513879803.11 2785 3575 14556 36122 29163 10271 3988 546 58 3958
1513879804.11 782 4010 13630 36382 26353 7333 4921 773 37 2742
1513879805.12 328 3476 15408 32845 17679 3310 2780 691 62 2928
1513879806.12 371 3320 15444 29381 12671 2082 1315 821 73 1257
1513879807.12 122 3841 17112 29247 9856 1835 1097 313 76 1048
1513879808.12 94 2827 11815 16054 6869 2096 1174 252 78 1136
1513879809.13 117 1291 4700 8975 5609 2216 1579 251 90 1547
1513879810.13 118 484 2228 4818 3380 1641 1041 258 92 1029
1513879811.13 140 506 2541 2518 476 395 152 214 89 163
1513879812.13 112 496 1246 780 138 202 159 169 65 152
1513879813.13 135 464 1089 714 160 240 172 162 63 166
1513879814.13 528 338 544 1681 1668 713 199 168 69 198
1513879815.13 3636 611 2292 4769 8665 8616 160 156 63 162
1513879816.13 2067 350 1483 2936 8808 7318 181 247 59 162
1513879817.14 3478 1680 4815 8566 15140 11158 492 196 73 462
1513879818.14 3937 1341 4972 8172 20378 15119 199 200 79 188
1513879819.14 3232 1282 5657 9501 21631 13490 187 211 64 178
1513879820.14 2902 2847 8787 14737 22919 13175 1206 228 59 1182
1513879821.14 2404 2384 8903 17212 22831 11202 2040 480 94 2029
1513879822.14 2033 4208 13754 23998 23448 8303 2548 516 51 2508
1513879823.14 2291 5527 14979 27059 20987 8580 3602 617 44 3532
1513879824.15 2287 5462 15145 27381 18595 9335 3648 1327 117 3431
1513879825.16 2577 5188 17433 31963 20380 13246 4102 1738 146 3856
1513879826.16 3461 3997 16135 26681 12639 6288 4804 4383 141 4621
1513879827.16 9117 9259 22453 30842 19405 13785 5878 5372 199 4825
1513879828.16 9762 7243 19845 30459 16649 16146 8128 3453 209 7645
1513879829.16 7754 5955 19056 33750 9882 12715 10833 4809 604 10794
1513879830.16 8774 5428 23199 30512 10246 11414 5547 6893 225 5586
1513879831.16 10737 4450 20129 25258 10539 16485 9304 7979 87 8383
1513879832.16 10780 5344 22821 24028 12074 20958 9466 8963 94 8217
1513879833.16 10172 3672 21108 24533 12542 21380 7484 8257 124 6568
1513879834.16 11379 6319 25292 23246 12406 21213 7122 9977 120 5851
1513879835.16 18940 8688 25371 20011 13635 29991 9473 11515 97 7772
1513879836.17 17612 6964 18305 15028 16478 27523 6528 9693 87 6448
1513879837.17 11700 5073 16759 17386 14055 18006 6548 9117 85 6540
1513879838.17 7854 2827 9291 10919 8696 11754 5237 5569 75 5209
1513879839.17 6589 2018 6683 8023 5773 8819 4214 4423 79 4185
1513879840.17 5705 1633 2408 5186 5210 8983 5511 3006 100 5484
1513879841.18 3896 2851 3560 3007 4866 5358 1161 2547 79 518
1513879842.18 8408 12575 14524 10557 4962 4850 2578 3038 84 1835
1513879843.18 9252 15098 21440 30310 13498 11155 8740 3661 404 8109
1513879844.18 5888 13523 19806 31018 10300 12059 9847 2641 128 9330
1513879845.18 4824 13999 21066 29814 7983 9667 6906 2287 153 6349
1513879846.18 5142 11848 23440 28672 12964 9252 6524 2610 299 6449
1513879847.18 3936 10073 22217 27809 13287 9550 7295 3458 402 6873
1513879848.18 2843 8886 20296 27301 9763 7778 6388 3099 276 6131
1513879849.18 2915 8687 20641 28625 10153 8273 3766 2886 348 3930
1513879850.18 3431 6778 17558 29461 10240 8771 4085 2748 638 4529
1513879851.19 3716 5420 16448 29169 10219 6597 2746 3069 438 2984
1513879852.19 8337 5084 16924 26464 12686 10147 3912 5001 756 4491
1513879853.19 10331 3219 13012 19739 11762 11183 2389 5238 562 2762
1513879854.2 8393 3310 12963 15657 9845 7989 1644 7220 508 1978
1513879855.2 7468 3979 13011 8721 5601 5770 296 7307 68 228
1513879856.2 9749 10618 20572 8145 3810 5484 940 9133 53 178
1513879857.2 12126 13875 25818 9717 3513 4700 1744 11298 54 260
1513879858.2 9490 12958 22615 7282 1538 3114 1794 9988 52 223
1513879859.2 7811 12096 23361 9351 2350 1810 2303 11266 61 257
1513879860.2 8560 11263 20217 7288 2429 2986 3186 11521 53 212
1513879861.2 4543 8806 15539 4430 1758 2495 3205 8416 46 216
1513879862.2 4380 10112 17620 3189 1391 3136 5298 11548 56 244
1513879863.21 4274 6483 11968 2493 1014 1676 2836 9195 63 240
1513879864.21 3615 6329 10597 2755 803 1166 1914 7500 49 226
1513879865.21 3329 5650 8109 1451 546 2134 1916 5665 48 173
1513879866.21 4318 6346 19375 10091 3835 4734 3408 9067 98 271
1513879867.21 3187 6146 25416 18236 7700 4831 1115 7203 106 519
1513879868.21 5765 7674 30580 23531 8582 6247 2778 7310 88 2610
1513879869.22 4820 7108 24645 21152 10331 4664 2050 6597 72 2007
1513879870.22 3183 4480 19340 17355 9143 4921 1564 6221 59 1505
1513879871.22 5059 3308 15324 18707 9845 6551 2091 4522 69 2062
1513879872.22 2228 2601 10140 13459 7840 3458 1882 2364 49 1857
1513879873.22 7290 4611 9487 8436 7065 8058 1246 3256 34 1128
1513879874.22 6301 9495 16541 6880 3373 5433 2464 5824 46 1097
1513879875.22 8047 12136 20377 7097 3845 7488 1889 6299 46 540
1513879876.22 8812 10463 17835 4576 3287 9128 1725 6779 63 370
1513879877.22 6616 10447 15110 5629 3977 9848 1064 4435 51 125
1513879878.23 8469 10551 15106 4568 4276 10438 902 6135 56 89
1513879879.23 16096 12553 15695 4892 4481 13486 2975 10313 67 1235
1513879880.23 10724 11723 17022 11962 3314 10348 6712 8031 71 5347
1513879881.23 10964 12676 19628 16022 4063 9482 6552 8634 60 6010
1513879882.23 9483 10803 20698 19679 12907 10782 4241 8102 59 4237
1513879883.23 6527 9302 18562 19541 12503 8140 4225 6211 71 4065
1513879884.24 6108 9201 22051 27578 18732 9483 4865 6241 69 4720
1513879885.24 8061 9025 19449 25358 18461 13018 4230 2741 53 4092
1513879886.24 15005 12901 22192 24561 16224 17778 3331 2307 65 2932
1513879887.24 18015 12323 24674 24221 19302 22838 1497 3589 84 1157
1513879888.24 15921 13462 26332 20520 15333 16774 1009 4364 63 560
1513879889.24 14599 14108 29822 22864 13585 14269 540 4886 63 538
1513879890.24 13656 13896 28830 23168 13352 10788 118 1874 81 98
1513879891.25 10647 15198 31820 26187 9744 7304 607 5102 61 72
1513879892.25 9436 16012 35885 24760 6741 3980 974 8568 78 100
1513879893.25 8535 16764 36013 19258 6027 4400 1635 10121 80 73
1513879894.25 7228 15939 36046 20627 6097 4096 2600 10618 77 103
1513879895.25 5685 13190 33538 24606 12525 5213 3461 11107 59 70
1513879896.25 5848 11359 30203 23294 15092 8672 4041 10823 62 73
1513879897.25 8250 9929 27158 24888 20155 12002 3912 10578 56 80
1513879898.26 8631 10426 24202 19570 15785 11536 3860 9822 51 70
1513879899.26 7737 9113 22921 17377 12161 8517 3613 11022 57 92
1513879900.27 8011 9223 25398 19775 11196 6929 2011 9356 78 82
1513879901.27 13085 15829 32921 21750 9529 7542 3504 12278 88 105
1513879902.27 11225 17027 37616 23795 10670 7341 4005 12592 82 190
1513879903.27 8123 15644 38234 26790 12079 6730 3345 11561 62 124
1513879904.27 6402 16190 37450 26272 11157 5115 1956 9127 76 91
1513879905.27 6322 15254 33248 23262 8965 3499 2370 7796 50 63
1513879906.27 4818 15285 30871 13856 4418 1720 1480 9148 58 107
1513879907.28 4653 15285 29508 13961 5249 1696 1242 7290 55 255
1513879908.28 5754 15130 26337 16211 12163 5367 1633 7007 117 813
1513879909.28 6113 10904 16597 8492 8740 5381 497 6066 121 474
1513879910.28 5697 6902 11044 6670 6465 3754 114 4722 109 114
1513879911.28 5035 5138 7491 4037 4410 4026 589 4107 107 607
1513879912.28 12082 4974 6229 3126 12909 20730 3839 6069 108 2208
1513879913.28 10803 4188 8365 9292 12180 22900 4259 4382 106 2918
1513879914.28 11221 7228 15429 10932 6747 19913 6212 9158 148 4290
1513879915.28 9154 10241 20979 12632 6173 15231 5411 8288 118 3439
1513879916.29 7173 12971 23404 10987 5398 6413 2654 8853 135 443
1513879917.29 9571 16265 30178 18354 9077 9499 5223 9954 133 2053
1513879918.3 6962 15472 31836 18198 9077 8413 4919 11169 135 1171
1513879919.3 5903 12943 27806 18455 7236 7172 3898 7478 112 1762
1513879920.33 6526 12829 30509 21771 9432 7280 3039 7522 120 543
1513879921.33 8291 15548 34939 23581 10186 7825 3631 9777 114 455
1513879922.33 6885 16233 36499 28078 9944 3508 2296 10079 123 252
1513879923.33 7437 12978 29954 20230 9522 8279 3837 9729 233 860
1513879924.33 7331 11719 25169 19600 16212 14481 3980 7049 417 1901
1513879925.33 6440 5372 17876 23378 21593 16412 3202 3856 666 3602
1513879926.33 4533 5372 20154 28869 16496 12075 3930 3503 1059 4724
1513879927.33 2643 4629 17562 31763 17841 10492 2550 1537 402 2816
1513879928.33 4110 8867 19242 30784 12546 10180 5856 3172 563 4506
1513879929.33 6608 8374 20819 24349 12508 12332 4641 4537 650 3521
1513879930.33 7779 8482 18223 21511 10245 11798 5381 5624 662 4387
1513879931.34 14079 11494 17596 19556 11105 17479 8582 6461 652 8249
1513879932.34 15473 12685 18614 20973 12927 18258 7289 6973 75 6107
1513879933.34 19169 14164 18363 18809 16012 23839 8220 5811 58 6975
1513879934.34 18397 12137 16313 19577 22090 30366 10658 6392 68 7665
1513879935.34 17831 10902 16735 17636 22144 33255 12209 8506 60 8214
1513879936.34 15733 12030 17830 14913 20250 28176 9009 9144 70 5503
1513879937.34 20482 12860 19953 12760 16707 26319 10202 14823 56 6050
1513879938.34 21233 11409 16838 11741 13909 23149 8344 13249 43 5614
1513879939.34 25766 10771 13231 10491 15391 33263 13417 13453 44 10220
1513879940.34 25694 10673 12688 8990 14294 32581 13648 13804 20 9007
1513879941.35 21732 7489 10177 8404 13267 29083 14030 13551 17 8656
1513879942.35 24593 6979 10148 8406 16879 38355 16876 12975 17 10673
1513879943.35 22877 6802 7214 4814 15104 36943 10576 8164 35 5962
1513879944.35 22877 6802 7214 4814 15104 36943 10576 8164 35 5962
1513879945.35 6258 2069 6044 5008 6038 17309 4797 3461 29 3636
1513879946.35 15045 5926 15830 12493 10513 29176 9089 7928 62 5057
1513879947.35 12400 4933 18762 19549 15315 27020 8332 8534 97 5361
1513879948.35 10907 6458 23151 24451 17287 23128 6811 8972 88 4590
1513879949.35 8960 6316 24505 25686 16073 20923 6694 9324 210 4490
1513879950.35 10458 7475 25501 27278 16109 19859 7951 9175 93 5163
1513879951.35 10201 7192 24016 26423 15847 18908 7475 9662 84 5497
1513879952.35 10803 8007 26360 25338 15637 19194 7009 9475 83 5008
1513879953.35 7673 8426 26887 30178 14832 18968 11423 8625 70 8382
1513879954.35 7623 9941 28231 25401 14838 17569 11461 11828 61 7387
1513879955.36 6676 9455 25937 25674 14838 15995 12092 9282 53 8221
1513879956.36 5469 8381 16301 18454 10079 13756 10050 4043 53 7571
1513879957.36 3253 4177 16309 20283 9563 4709 2549 2402 102 2494
1513879958.38 3223 4155 21807 21929 9563 4711 2520 5331 118 2407
1513879959.38 6656 5169 31456 25092 5993 2077 1844 12214 77 1824
1513879960.38 5324 6011 31556 16202 3038 1171 203 13049 65 182
1513879961.39 5778 7063 35180 15176 2103 2094 139 13659 64 122
1513879962.4 5964 6608 34498 15780 1943 611 168 13937 95 158
1513879963.4 3998 4855 34476 13944 1758 253 242 12271 73 219
1513879964.4 2961 3644 33834 12308 1432 234 225 11244 78 200
1513879965.4 4555 4222 29092 10882 1604 875 185 11794 82 186
1513879966.4 3316 3233 28336 9642 1593 306 209 11178 140 251
1513879967.4 3954 2811 26166 10061 2045 295 153 11676 135 201
1513879968.4 7218 2292 22206 10418 2715 3422 174 11583 136 208
1513879969.4 11631 3893 20873 12787 5016 5972 153 10528 138 194
1513879970.4 12985 3956 20601 13941 9760 9311 379 8801 129 187
1513879971.4 10885 6559 23390 13538 10301 8474 1853 7962 138 202
1513879972.41 10305 10620 23630 13151 10916 8636 2384 7107 138 234
1513879973.42 9712 10714 24035 13342 11814 8366 2500 7194 186 205
1513879974.42 11513 10319 20010 8998 11668 12025 2581 7852 179 218
1513879975.42 15214 10846 16845 6432 10798 14870 3345 7187 169 189
1513879976.43 15622 8978 16256 7421 11846 18888 3803 8213 165 214
1513879977.43 9119 7610 12906 7930 10830 11605 3695 6938 139 185
1513879978.43 8206 7784 11275 9024 14677 11392 4317 6487 172 209
1513879979.43 8581 9026 10114 12134 13794 9264 4084 4425 178 993
1513879980.43 4472 7449 13409 19547 13344 5106 1436 1987 122 1129
1513879981.43 6375 8851 20030 24982 18489 11018 2057 2016 118 1732
1513879982.44 5097 7452 16347 24650 20125 10191 2123 2693 101 1612
1513879983.45 6679 12200 24609 27578 18959 11701 3210 6530 96 1247
1513879984.45 6508 13236 31214 33201 17383 8370 2207 5672 131 1487
1513879985.45 6217 13244 30157 28799 13828 9029 2787 6691 107 1697
1513879986.45 6066 13990 33771 27194 13964 10843 3867 9644 120 1411
1513879987.46 8494 16298 38823 27302 11968 9637 4592 13049 146 1813
1513879988.47 11638 17554 32849 20496 12223 10887 2953 10520 105 616
1513879989.47 17273 16724 31684 17849 13874 17641 1658 10642 95 186
1513879990.47 18963 16830 29075 16539 11865 16457 1468 11429 139 123
1513879991.48 17368 14805 27170 19724 15909 18369 1265 8740 69 87
1513879992.48 13934 12886 25623 17831 14063 14692 780 7749 81 105
1513879993.48 12938 12652 22158 13681 11561 15122 2088 6695 105 78
1513879994.48 11548 12925 18395 9952 8601 13935 2863 4343 101 87
1513879995.48 11530 12876 17793 8251 7542 13611 5062 7669 99 93
1513879996.48 10171 10684 13269 6985 5731 9510 2321 5095 115 83
1513879997.48 5278 6721 11280 10502 6510 4895 1253 3445 108 154
1513879998.48 2726 5670 11001 7489 2403 1862 1720 3107 90 115
1513879999.49 2056 3689 6318 5184 1508 1573 1658 1801 117 141
1513880000.49 2162 2261 3916 4400 1819 1443 468 610 81 102
1513880001.49 3115 1093 3608 11039 10701 5407 119 171 61 113
1513880002.49 5590 1696 4015 10247 13844 9113 266 1648 63 266
1513880003.49 6383 1340 3774 16896 20437 11223 1530 1816 64 1516
1513880004.5 14956 3094 4719 18338 20437 13977 1544 4360 60 1701
1513880005.5 23297 4119 4507 13849 18890 20958 1884 6168 51 1850
1513880006.5 21855 4915 4617 10834 17480 22414 1761 6044 46 1746
1513880007.51 14327 2691 4008 8804 12570 15361 2208 6425 34 2166
1513880008.51 10461 1965 4838 5502 9614 10647 105 6950 35 82
1513880009.51 9648 2398 7094 6724 6853 7049 110 7134 58 110
1513880010.51 8526 2569 4799 1643 1977 4419 154 6452 55 147
1513880011.51 5608 1848 4310 1970 1231 2128 142 5181 32 121
1513880012.51 4266 1851 3886 1365 340 449 106 4346 45 105
1513880013.51 9551 2646 3628 1427 1420 6190 115 3870 36 98
1513880014.51 12371 2282 3209 1175 1744 7960 141 3939 26 122
1513880015.51 12403 1937 3501 1074 1538 7232 81 4193 27 73
1513880016.51 12858 1708 4460 1264 1200 5470 108 6061 35 96
1513880017.52 10160 2005 4170 1267 1223 6148 135 5420 29 116
1513880018.52 11900 2905 4383 1246 1223 6146 117 6585 30 109
1513880019.52 16195 3738 5270 912 2259 8896 93 7338 27 75
1513880020.52 19430 5156 5238 707 5343 13802 43 8426 30 45
1513880021.53 23224 5639 5328 142 3056 14122 64 8662 33 64
1513880022.53 25878 4886 5109 111 3019 13808 119 9375 27 75
1513880023.53 28252 5179 5300 93 3105 15444 77 10178 17 53
1513880024.53 27074 5735 4657 127 3466 16506 73 10185 23 61
1513880025.53 25845 5743 4867 137 3473 17544 116 10378 23 76
1513880026.53 24096 6092 9283 126 4111 15877 74 15941 29 61
1513880027.53 18628 4978 6966 232 3145 12332 150 10705 20 91
1513880028.54 21143 8915 16373 4422 4721 13732 2548 17591 34 973
1513880029.54 24154 12011 22500 6969 6646 16139 2541 20383 38 1613
1513880030.54 23637 11677 21259 6102 5950 15463 2331 19620 42 1183
1513880031.54 24322 11555 18784 4397 4146 15149 2533 18346 27 1299
1513880032.54 25504 12004 18579 5275 3790 16149 2660 16994 29 1299
1513880033.55 18404 8950 13903 4040 1789 7710 1275 14605 26 108
1513880034.55 16050 7325 10363 3688 1482 6771 299 10693 28 44
1513880035.55 13908 6499 9670 3406 1482 6048 192 9002 29 43
1513880036.55 12188 4364 7481 2656 1628 7043 29 7296 30 41
1513880037.55 13243 3622 6170 1491 2562 9080 29 6721 29 31
1513880038.56 13226 3864 3950 861 3021 9936 708 4213 36 44
1513880039.56 6643 3390 6099 4721 5849 10794 1624 1550 26 320
1513880040.56 4996 3956 7936 5205 4332 8622 2498 2523 28 69
1513880041.56 6239 5127 8504 4665 3114 7612 1978 2577 29 80
1513880042.56 13239 6424 9411 4734 3114 9857 1428 4438 33 72
1513880043.56 18842 10446 13311 7316 8629 16198 1154 6539 32 68
1513880044.57 19796 7443 12003 8558 13544 18008 1105 7473 37 65
1513880045.57 21250 8732 13868 11197 20817 19205 1371 8374 25 262
1513880046.57 17536 7137 8645 7095 19903 14235 818 6143 20 61
1513880047.57 15254 4941 12692 12688 21725 14023 1244 6672 20 46
1513880048.57 13914 5450 16098 14700 21442 8563 922 9603 38 54
1513880049.58 14025 4693 14831 12127 18287 8714 273 9644 47 62
1513880050.58 16175 3864 14451 10780 17013 14230 635 11341 45 63
1513880051.58 16397 3360 17804 10646 17013 14780 1194 14931 44 64
1513880052.58 12316 3662 13743 8888 9201 10831 2891 11289 56 1224
1513880053.59 14578 4128 16892 10869 7206 14960 4304 11245 56 2472
1513880054.59 11644 3120 11797 7838 5171 14300 6886 10613 38 4822
1513880055.59 11807 4612 9642 7590 6674 26193 16399 8199 54 11130
1513880056.59 9317 2898 7994 5797 6286 28371 13147 6614 51 8372
1513880057.59 7876 3295 8034 3473 5145 32015 13190 7719 62 7351
1513880058.59 8595 5665 10070 3349 6717 27985 11753 8698 50 5334
1513880059.59 8111 4339 6823 2686 6787 28325 9523 6318 51 5122
1513880060.6 8377 4570 7365 4120 6649 24886 8911 5756 75 5184
1513880061.6 9534 3676 8077 6774 7590 20485 7801 5117 94 5550
1513880062.6 12510 5701 15974 8419 7183 18454 6891 11431 105 5027
1513880063.6 11887 11459 31031 12469 6715 16949 10318 17135 113 4734
1513880064.62 13007 11882 31647 12699 6358 18719 9878 15413 89 4108
1513880065.62 11397 11195 32495 16179 10293 20699 7876 13089 87 3188
1513880066.62 10430 11941 32220 16829 10804 21245 6818 12148 84 3167
1513880067.62 12911 8882 29433 19733 14500 23507 5914 11693 58 3867
1513880068.62 14246 9159 28008 17308 12109 23424 7437 12659 55 4991
1513880069.62 10706 8680 29159 15614 9701 23056 10313 13061 77 7619
1513880070.62 11396 8679 26936 19221 10419 22160 10773 10719 70 8633
1513880071.63 9534 7813 27919 23465 11850 19226 10635 9837 102 8283
1513880072.63 6703 7164 26782 22780 13303 15597 6211 7686 90 4404
1513880073.63 5031 7613 28212 25889 11972 12617 7826 7391 147 6090
1513880074.63 4652 7964 26345 25463 13780 11979 4329 5312 109 3299
1513880075.63 1169 8031 22028 22710 10587 4817 2567 1427 90 2557
1513880076.63 534 6656 19801 19540 6781 1905 1913 1149 97 1901
1513880077.63 2012 5484 15652 14660 5865 6070 4704 2671 84 3066
1513880078.64 6481 7564 19096 14767 10847 21899 11495 8114 101 5755
1513880079.64 5501 6667 19335 15417 10984 20685 12336 9706 111 6672
1513880080.64 3973 6170 14441 10335 8194 11664 7023 6604 114 2894
1513880081.64 5657 5931 10910 6668 7697 15698 8803 7244 110 3413
1513880082.64 6778 7702 12542 3513 6416 16398 7636 7969 123 1530
1513880083.64 6554 8691 12470 2770 5130 16891 7927 8469 131 1786
1513880084.65 8566 11207 12897 2416 5286 17339 6178 7718 116 1483
1513880085.65 9879 13700 14232 2600 2896 13225 5383 7148 145 830
1513880086.65 8590 12252 14118 2735 2216 11646 5029 6869 132 1576
1513880087.65 5847 10407 12607 3437 109 3301 1466 3501 148 990
1513880088.65 3329 8500 10803 3373 98 798 241 1859 117 155
1513880089.66 5233 7391 8189 3073 2479 4811 402 1870 113 414
1513880090.66 5703 6070 7573 3771 3139 6345 790 2139 124 815
1513880091.67 7090 6852 11085 5785 3186 7046 1083 4416 145 1114
1513880092.67 6740 5339 25273 17936 5654 6325 1995 10011 120 2022
1513880093.67 6281 6329 35183 22489 6070 4340 1222 13060 118 1288
1513880094.67 6673 7085 37837 18327 5206 3075 467 14088 128 476
1513880095.67 6815 7640 37256 27750 7740 3197 89 13511 85 100
1513880096.67 5272 7011 36552 25153 10459 3303 101 12003 94 124
1513880097.67 4880 4939 36624 25028 10965 3883 257 11314 67 209
1513880098.68 6596 4991 34859 18074 10883 5196 341 11041 73 230
1513880099.68 8329 5439 34229 22733 11156 8119 752 10500 57 611
1513880100.68 10768 6264 31133 27013 16452 10676 756 10739 74 768
1513880101.68 14888 6848 27429 25068 17551 13797 2767 12534 57 1986
1513880102.68 20723 6412 17307 13274 15964 26086 5475 9879 81 3771
1513880103.68 19656 5419 11556 9033 12827 28454 9586 8910 71 6121
1513880104.69 16805 3137 8139 9162 12447 28199 11849 7168 84 9193
1513880105.69 18866 3384 6895 8591 14629 32091 11576 6629 80 9633
1513880106.69 17707 4034 5770 7314 12490 30014 13026 7287 177 10531
1513880107.7 17555 3393 3726 6999 12490 30019 12685 6521 139 10559
1513880108.7 17174 3551 3966 5239 11275 28653 10772 5837 124 8188
1513880109.71 16497 3323 4068 4404 12422 29976 10025 5785 77 7317
1513880110.72 17210 3542 4402 5560 12409 31035 11343 4976 79 8973
1513880111.73 12626 4324 9992 8321 14766 33388 10345 3500 91 8163
1513880112.74 12901 4267 12269 8535 10548 35003 10071 5068 89 7267
1513880113.74 19565 7041 16310 7273 11260 33218 10362 11432 111 6114
1513880114.74 20094 7431 14434 4432 7948 28269 9329 13511 99 6166
1513880115.74 18060 6899 15038 6557 8986 25718 10670 14604 137 7009
1513880116.74 13833 5389 12575 6344 7908 19839 9917 12200 97 6338
1513880117.74 19148 6813 15230 6016 10495 28682 13142 15993 117 7591
1513880118.74 25690 5875 12778 6051 13579 38441 11187 13820 102 7997
1513880119.74 23355 5757 13377 6883 18396 39662 9504 13955 97 5738
1513880120.75 18896 2894 9443 7665 16489 34170 7486 9961 103 5976
1513880121.75 20352 4839 9410 7993 16429 30962 7236 9941 72 7229
1513880122.75 17351 5669 14164 10179 15222 24062 3500 7957 112 3560
1513880123.75 15889 6154 19053 13381 16009 21313 3534 10233 132 3609
1513880124.75 15740 7160 21611 12135 13468 17321 1378 11577 112 1451
1513880125.75 12036 7053 22433 11607 10641 12360 2125 12534 90 2173
1513880126.75 11540 7239 20745 11802 7761 8262 83 12231 80 128
1513880127.76 8468 7151 19518 10447 5465 3538 23 12095 77 50
1513880128.76 9786 7721 20656 11826 7558 6016 598 13141 52 493
1513880129.76 9569 7260 20214 10900 8416 12165 1468 11204 42 1040
1513880130.76 12278 5275 16138 9486 14258 22978 5383 11337 44 3811
1513880131.76 14751 7052 14189 5686 13304 26489 7162 10994 43 2642
1513880132.76 16251 5745 17149 5653 13965 36169 13902 16699 61 5516
1513880133.76 17142 6855 14771 7602 16026 34724 14465 14165 64 6246
1513880134.76 15748 7477 18124 10908 13014 28657 10023 11022 176 3933
1513880135.76 11727 3634 15726 9138 7590 30374 7365 9200 104 2503
1513880136.76 10784 3615 16656 8385 6128 28527 4320 8625 154 231
1513880137.76 13102 6145 18018 8061 4944 22021 4128 9832 158 216
1513880138.77 9413 6956 21568 8706 3287 19683 4723 11741 165 119
1513880139.77 8786 8707 24549 10867 5146 15408 3856 11881 178 127
1513880140.77 7565 9046 26980 13642 6900 14242 5596 14787 150 99
1513880141.77 12999 7042 20812 9128 5744 10718 2504 14903 106 85
1513880142.77 17885 7701 19096 8216 6752 14534 2059 15389 77 60
1513880143.78 14845 7139 14898 7778 9054 15040 2063 10862 90 82
1513880144.78 12512 6654 13669 6729 6066 11347 2012 10146 72 155
1513880145.78 10347 5601 13266 4048 4999 11219 2177 9793 71 72
1513880146.78 9319 3725 7375 332 4236 10626 2079 9062 89 96
1513880147.78 10593 2444 6128 373 4783 13516 2022 8815 102 116
1513880148.78 13416 1836 4592 406 3176 11306 1363 8598 114 115
1513880149.78 10890 1566 6533 364 281 4045 1385 11413 101 147
1513880150.78 6291 991 2507 311 263 3272 523 4894 95 102
1513880151.78 4458 1476 4285 4184 1784 1936 229 2833 112 308
1513880152.78 2572 2852 5227 4278 2209 1916 46 1548 114 105
1513880153.78 7164 6691 11665 8642 3030 4674 1379 3045 114 1248
1513880154.79 7462 6593 20511 12148 5717 8400 1416 5343 126 1488
1513880155.8 10511 7617 20887 9918 5365 12245 1647 6147 126 1711
1513880156.8 12868 4580 21099 8309 6362 14810 1299 9806 128 1386
1513880157.8 11639 6630 24471 8857 2465 11091 564 12517 130 644
1513880158.8 17331 7559 20038 7332 5401 17361 3092 12931 111 3155
1513880159.8 14787 4881 14563 8438 9172 24651 6555 9640 105 6378
1513880160.81 13413 4704 13410 6812 9172 23884 7988 9640 105 7896
1513880161.81 12622 4750 12779 5613 8261 31224 14261 7940 118 11217
1513880162.81 11584 4923 8895 8252 9268 26548 16550 5302 96 11841
1513880163.81 13137 5273 6281 5415 7312 23573 12981 5140 115 8235
1513880164.82 14065 4382 2875 4701 5190 17501 6489 2226 125 4833
1513880165.82 12625 4090 5591 10010 8792 17478 7795 3478 101 6670
1513880166.82 9235 2801 3972 7870 5999 12718 6424 2455 102 5738
1513880167.82 10865 3004 5367 14570 13349 16269 5910 2040 118 5202
1513880168.82 10865 4684 7601 14861 13182 15239 3507 2029 111 4282
1513880169.82 15158 5048 5247 8937 10145 18911 2819 869 70 2835
1513880170.83 15479 4851 5762 7850 11888 23195 4709 2679 91 2307
1513880171.84 14268 6770 11128 13637 14688 25574 6981 4200 71 2830
1513880172.84 17379 7852 15992 15907 14069 26189 6277 6413 108 3299
1513880173.84 12286 6495 15996 15249 13198 17951 3971 5614 88 1570
1513880174.84 8704 6026 13035 10682 10409 12365 3568 6766 89 1624
1513880175.84 16864 7215 12790 7709 12278 22586 2154 7570 82 99
1513880176.84 17117 6593 10310 4424 9847 22492 2809 7988 84 99
1513880177.84 11852 4964 7498 2311 7637 14912 2537 7192 69 148
1513880178.84 13101 3497 10082 5049 7536 18073 3206 6391 86 1055
1513880179.84 13864 4314 17768 8197 5931 18393 2666 8812 144 357
1513880180.84 10707 7571 22420 11501 11435 14295 1368 8538 98 115
1513880181.84 11834 6877 24856 10389 6746 9543 445 8938 69 70
1513880182.84 10328 7745 26946 11240 5627 9132 46 10291 91 82
1513880183.85 12760 8574 28739 11322 5414 4982 81 13517 87 117
1513880184.85 12239 9347 30719 20308 10972 6000 564 13675 87 595
1513880185.85 10280 6327 28645 17340 6915 5437 405 12945 71 427
1513880186.85 17090 9559 29106 19731 7925 6802 156 19238 88 186
1513880187.85 18032 9890 27239 21083 12569 7048 100 19141 66 114
1513880188.86 14711 7647 19435 12847 10557 9226 88 15031 41 87
1513880189.86 9993 7071 16766 8190 5627 5628 157 11380 45 118
1513880190.86 8021 5257 13068 6626 3912 4758 106 7498 56 118
1513880191.86 5879 3555 8592 9267 8223 6952 808 3109 90 132
1513880192.86 8196 2960 6897 11825 15767 16496 126 126 63 130
1513880193.86 9666 3534 7597 12187 20555 21119 106 268 57 116
1513880194.86 6917 3824 9036 13405 20470 19956 2495 1426 48 1218
1513880195.86 6384 4437 12259 13607 17873 20557 5970 4512 62 3136
1513880196.86 6281 4918 16154 13675 18343 18792 5012 7363 101 2223
1513880197.86 7597 5303 17251 12943 15703 19634 6466 9309 112 3448
1513880198.87 8153 4985 19274 13256 12904 17488 4193 9108 161 2215
1513880199.87 9982 5813 22037 14157 10943 12981 2764 12220 129 1756
1513880200.87 10209 5874 20674 9037 6192 15197 4781 10605 153 3816
1513880201.87 12932 6441 20116 7815 4468 15747 3932 12359 109 2607
1513880202.87 16307 5759 17354 6371 3248 12899 2611 13620 109 1721
1513880203.88 21765 6757 16461 6450 7206 20971 3191 13401 134 1925
1513880204.88 18921 5623 14313 3620 6765 18884 2692 14294 147 1457
1513880205.88 11902 4245 11601 5495 7270 12275 1577 10317 106 131
1513880206.88 7517 3989 8487 5637 6478 7684 430 5562 60 85
1513880207.88 6522 6769 11382 5673 6088 6998 288 4667 97 167
1513880208.88 5070 6768 10316 6458 7916 11948 5373 5120 105 3980
1513880209.88 7471 5991 8031 4569 10284 18409 2584 3279 128 1456
1513880210.89 6851 6986 10534 4739 10194 19660 3832 4369 151 1589
1513880211.89 6622 7104 9980 4880 10932 17109 4878 4344 137 1666
1513880212.89 6380 7088 9782 2199 9974 19655 6518 5807 139 1027
1513880213.89 4253 5316 7798 1682 8376 17250 5553 5296 137 559
1513880214.89 4318 3789 5032 1437 7072 11089 3921 4152 144 90
1513880215.91 5619 3559 5469 1288 7162 11516 3568 5511 125 72
1513880216.91 12786 2856 4290 1154 9885 20252 1798 5322 103 60
1513880217.91 14897 2544 3526 830 10654 22181 661 4535 123 165
1513880218.93 11107 656 1111 1704 9762 17393 34 2222 103 88
1513880219.93 7519 77 1256 1125 5018 10539 50 2201 73 80
1513880220.93 6117 64 1270 1179 4227 8257 52 2230 69 75
1513880221.93 5420 59 1347 515 3758 7947 79 2213 84 110
1513880222.93 4475 57 1238 241 2825 6232 54 2139 70 91
1513880223.93 2952 86 1173 218 2639 4439 54 2139 62 79
1513880224.93 2497 116 559 287 2168 3609 44 1541 61 69
1513880225.93 2086 123 548 194 1154 2969 41 1537 51 63
1513880226.93 376 156 453 185 665 998 41 375 56 61
1513880227.93 4303 1808 3274 2420 2654 9042 4663 2446 62 2551
1513880228.94 8300 4731 13597 8832 7095 16317 6159 8041 144 3459
1513880229.94 7199 4643 16275 8420 4967 18435 6426 8523 99 4225
1513880230.94 8145 4464 14956 10946 6026 14614 4636 7415 79 3406
1513880231.94 8001 3535 11559 7973 4667 11477 3277 6273 75 1683
1513880232.94 6732 3143 8194 6396 5671 9224 2436 5125 71 1028
1513880233.94 6917 2954 6822 5211 6006 10816 2453 4002 65 1831
1513880234.94 13363 5116 8282 7565 14957 23540 3229 4643 70 2730
1513880235.94 16091 9935 12879 6396 15201 24186 4320 7224 68 2331
1513880236.94 16510 10005 13464 6885 14570 22108 4538 7707 86 2805
1513880237.94 15262 9587 12313 6392 12502 19200 6448 8165 84 3312
1513880238.94 21266 10893 15091 5550 11578 20396 5126 10754 84 1053
1513880239.94 22667 12783 14189 5505 13163 22106 2453 7902 79 1124
1513880240.94 25003 14283 14592 5955 11817 23793 2646 7958 77 866
1513880241.94 22224 12482 17861 7736 11715 21289 1893 10110 63 176
1513880242.95 15605 10004 16862 8151 11424 16594 18 9379 64 57
1513880243.95 11374 7088 11006 5264 9359 13453 24 5408 71 78
1513880244.95 9872 5643 12376 6645 8225 11600 29 5953 68 75
1513880245.95 5084 3034 11864 10433 6147 3529 44 6228 77 82
1513880246.95 6658 3443 16618 14164 8746 5163 1119 11113 81 406
1513880247.95 9264 3813 17899 14061 9647 8897 2439 12658 56 472
1513880248.95 10056 6411 17864 16538 10745 14156 8758 10871 52 3903
1513880249.95 7281 5328 16266 16261 11747 10927 5793 8643 37 1140
1513880250.95 14701 6114 19372 10472 9006 21935 5614 11293 63 2137
1513880251.95 11890 4601 17897 8014 9729 26057 6260 10782 64 1843
1513880252.95 11055 3415 14850 6453 10958 25975 5789 10016 86 2030
1513880253.95 11924 4188 16108 5851 11147 26746 5631 12473 74 1774
1513880254.95 13659 3198 15300 5860 10553 23674 2778 12275 92 1204
1513880255.95 12529 5325 19701 9448 9476 18865 2999 12270 75 1046
1513880256.96 14523 6746 24681 12062 10644 19289 3081 15743 95 282
1513880257.96 11996 5398 19651 12632 11088 18066 3939 11354 96 1125
1513880258.96 8806 6488 25411 24062 12036 13249 5575 10028 67 2638
1513880259.96 5707 6764 27598 28297 9249 7745 6099 8648 45 3683
1513880260.97 3995 6755 23562 24305 9514 6266 6901 5471 47 4979
1513880261.98 2336 5797 18929 21418 7553 4947 6123 2944 55 6143
1513880262.98 2444 3433 14967 19894 7337 5052 3812 1335 63 3843
1513880263.98 6316 2179 17659 26065 7214 7504 3556 5111 87 3593
1513880264.98 15366 4172 17891 20817 7402 16082 2132 6247 70 2149
1513880265.98 18856 8277 19329 17178 12197 21609 2643 7489 126 3202
1513880266.98 17211 3445 15171 7834 3781 13639 1608 6846 63 1106
1513880267.98 19995 4952 16713 9050 7829 18262 1609 9889 96 1651
1513880268.98 29945 6587 19335 10222 12869 26582 129 19019 125 186
1513880269.98 17691 4583 15122 5118 7439 14840 64 14536 97 100
1513880270.98 16350 2834 8577 2091 9290 19079 57 9226 83 102
1513880271.98 9565 2645 7874 3023 8996 15568 2340 6302 72 1076
1513880272.99 15107 3685 4492 7371 13988 23033 5454 3797 51 5227
1513880273.99 10797 3791 3955 6067 9255 13746 3786 3735 53 3777
1513880274.99 9754 4909 3877 6969 11042 18777 8881 2771 53 6235
1513880275.99 14378 5864 7228 5368 16061 33762 13688 7259 50 6973
1513880277.0 14530 5789 6539 5360 16061 33763 11910 5608 47 6516
1513880278.0 11375 4610 4740 6347 12863 22413 8659 4190 57 4604
1513880279.0 13664 3468 12136 7266 18351 30522 5103 8706 83 1517
1513880280.0 13897 4436 19203 12889 18998 29641 5018 11664 71 369
1513880281.0 12856 5664 20494 11199 17328 25706 4799 12263 86 86
1513880282.01 13065 4552 19250 14999 19459 23138 1592 9709 82 100
1513880283.01 11971 4300 17568 18703 17060 16060 46 6838 50 55
1513880284.01 6959 3925 20058 22295 16943 11711 64 5757 40 60
1513880285.01 6504 4822 24286 25722 19111 11306 67 6113 56 66
1513880286.02 6423 3710 20371 24166 16678 9958 83 5484 41 76
1513880287.02 4329 3836 22961 27842 15391 7173 51 3834 42 61
1513880288.02 4513 2587 17187 26577 20993 9501 40 3263 51 51
1513880289.02 2704 2019 13771 23377 19347 8029 63 1650 60 66
1513880290.02 998 2324 13334 20511 14306 3305 100 1417 49 66
1513880291.03 1100 2276 12355 16283 11112 2574 495 2256 58 60
1513880292.03 1673 2610 12140 14546 10471 3872 185 1877 54 68
1513880293.03 979 2091 9231 12272 11765 5209 49 642 52 47
1513880294.03 3560 5769 10861 10248 12205 9254 86 389 50 70
1513880295.03 5779 8836 11519 10259 13209 9928 91 509 75 96
1513880296.03 7473 8543 11678 10744 15792 11916 46 1484 85 77
1513880297.03 6803 7109 10659 10034 14863 10599 23 1325 69 52
1513880298.04 8751 7070 9203 7053 15723 12131 14 2576 64 55
1513880299.04 15848 9202 10175 8212 18881 16020 19 4344 48 44
1513880300.04 11636 6156 9843 8417 13423 11960 14 6147 54 48
1513880301.04 7876 4699 9753 8874 10215 8213 28 5787 36 52
1513880302.05 8323 3816 8571 8065 11628 10963 26 5619 40 53
1513880303.05 8758 3983 8167 9286 13668 12366 43 4415 44 62
1513880304.05 10881 5263 8383 11055 18313 16963 37 3262 46 61
1513880305.05 14403 8465 11833 15343 22959 20482 226 2162 37 59
1513880306.06 15310 9118 11720 16467 21437 19524 29 2608 45 50
1513880307.07 15310 9118 11763 16469 21437 19524 37 3990 45 50
1513880308.07 19357 8605 10886 14954 27422 25886 35 5996 52 55
1513880309.07 19286 6681 10911 11618 27907 27094 186 5061 64 64
1513880310.07 19874 5946 10354 11150 28241 24101 30 5000 70 64
1513880311.07 20469 7081 12413 13447 26747 21715 133 6326 58 58
1513880312.07 21406 7109 15412 12739 23952 19945 582 8778 74 59
1513880313.07 20375 7672 16252 11531 20499 19019 703 9334 82 140
1513880314.08 18398 7554 17121 13805 20238 16996 565 9285 142 220
1513880315.08 19841 9617 21849 16905 18033 19936 961 11260 98 124
1513880316.08 17298 9197 23283 17339 15894 18448 779 9594 56 41
1513880317.08 15403 8873 19975 14364 11811 15143 1248 9648 61 55
1513880318.08 20231 7701 15422 8581 12567 22934 1576 9564 43 45
1513880319.08 23942 6224 13007 7630 16545 33700 3204 8339 51 2396
1513880320.08 24534 5561 13424 9466 18217 35897 3505 7868 75 2267
1513880321.08 22622 5443 15250 10574 19026 33398 4486 8041 82 3893
1513880322.09 17165 5294 16953 11013 15680 26160 4091 8630 103 2927
1513880323.09 16146 7203 18535 12629 16458 25136 7181 9805 105 5478
1513880324.09 15653 7194 20669 11009 13684 21130 5150 10195 96 3681
1513880325.1 13622 8802 23633 17040 16841 19491 5071 11917 88 3242
1513880326.1 9888 5857 21732 17070 18366 17993 2513 9670 102 1447
1513880327.1 9713 7086 21599 16246 16084 13936 1614 10915 82 1237
1513880328.1 12382 7798 20478 12317 14646 14394 879 12864 104 917
1513880329.1 15820 6362 20540 12614 16350 17244 23 14816 68 63
1513880330.1 12192 4814 17475 10467 11538 10700 45 13579 77 83
1513880331.11 11907 5334 21735 17222 13989 9688 26 14748 72 61
1513880332.11 13429 6319 26594 21590 14227 9028 33 15895 120 91
1513880333.11 9968 4632 28122 13583 6572 4805 42 13611 97 89
1513880334.11 6654 3024 24008 10226 6623 4473 170 10313 107 101
1513880335.11 13602 8333 29976 19128 16329 13866 585 14658 150 150
1513880336.11 9708 6202 26809 15364 13900 10886 479 10350 144 150
1513880337.11 9708 6202 26809 15364 13900 10886 479 10350 144 150
1513880338.11 9066 8806 28257 19804 15047 8764 988 10781 200 123
1513880339.11 8309 12263 33604 20510 14667 8390 1674 9716 227 108
1513880340.14 8115 12337 33604 20510 14667 8390 1767 9716 227 180
1513880341.14 6946 7892 27371 15698 13887 7218 1332 6914 219 259
1513880342.14 6905 9616 28468 14146 11432 9452 2943 8469 220 894
1513880343.14 10279 7219 24892 13041 11916 13128 1072 6242 223 1059
1513880344.14 10094 8064 26040 13003 9689 11424 2186 7645 231 2196
1513880345.14 13101 9657 25943 10028 5380 10599 2500 10333 244 2402
1513880346.14 20762 8343 26348 9943 5334 19415 5120 16569 189 4480
1513880347.14 17775 3460 23154 13603 7902 16728 5213 18391 133 4318
1513880348.14 14992 2654 18767 11549 6518 9202 4012 18504 135 3910
1513880349.15 8514 2240 12751 11863 9183 6892 2283 11338 165 2381
1513880350.15 7531 4153 18687 16899 11378 8321 1099 8684 153 1179
1513880351.15 11973 4338 16879 15725 13518 13890 1099 8659 95 1136
1513880352.15 17849 5317 15529 11583 14729 18247 776 11706 118 817
1513880353.15 14413 4301 12437 10124 13547 16091 40 8889 115 61
1513880354.15 11873 4308 11740 9532 11997 14325 23 7166 87 44
1513880355.15 11297 3295 9967 9696 13730 14981 18 6906 74 51
1513880356.15 12331 3809 13050 9536 12754 12955 22 10453 127 85
1513880357.15 13481 3365 14312 9475 12670 12881 241 12357 118 301
1513880358.16 18845 4232 14841 9290 13497 16258 77 13006 193 227
1513880359.16 19302 4129 13172 6983 10915 15503 10 12997 114 83
1513880360.16 20841 4732 11413 6413 12883 18192 32 11864 124 98
1513880361.16 19130 3546 6575 4782 12657 20993 22 7602 105 75
1513880362.16 18983 4568 8915 7822 12451 18942 35 7428 108 90
1513880363.16 19173 4562 6633 5663 13786 22592 39 6011 109 100
1513880364.16 24835 5486 9225 5014 16569 28698 1027 8795 114 105
1513880365.17 24967 7386 11673 5982 18594 28116 2498 9095 131 124
1513880366.17 24710 5728 6274 3557 14368 21578 638 6880 116 97
1513880367.17 25697 7793 8678 3740 13553 22645 561 8224 148 100
1513880368.17 29532 9444 14443 5364 16326 31265 372 12167 178 123
1513880369.17 26269 9063 17346 6251 10967 19186 992 14706 146 98
1513880370.17 24753 9270 18730 6039 9588 16738 1371 12075 145 91
1513880371.17 24508 9186 21351 9041 12224 17140 1248 14560 141 99
1513880372.18 27128 14123 25412 9679 12136 18889 1887 17710 188 90
1513880373.18 26642 13262 22617 7545 11406 18573 1498 17204 131 66
1513880374.18 24426 10605 23603 10282 8688 13671 10 20973 129 76
1513880375.18 16100 7183 16188 7370 7010 8139 21 16206 81 53
1513880376.18 17975 5166 12580 8776 10866 15121 46 11701 77 64
1513880377.18 16071 5039 14350 11954 15001 16664 90 10217 70 88
1513880378.19 20233 7662 16406 17099 20844 19351 151 10740 103 163
1513880379.19 21105 7409 14854 16164 20357 18839 104 11487 82 99
1513880380.19 22787 7606 16881 15898 19413 18379 123 14681 101 141
1513880381.19 23023 6831 13505 9335 14722 22046 118 12161 80 117
1513880382.19 22664 4734 12159 8376 11629 15223 120 10694 66 119
1513880383.19 23008 4067 13806 9620 11610 15449 109 11524 83 127
1513880384.19 18543 5400 17893 12711 15352 13930 258 13187 81 154
1513880385.19 19015 9666 22558 12991 11800 14121 1663 15033 94 182
1513880386.19 15998 10182 23396 10719 9312 10425 2306 15743 79 156
1513880387.2 16815 11360 20248 9722 9268 11485 2838 13711 62 143
1513880388.2 14809 10097 13458 6267 12186 16804 2638 8086 48 151
1513880389.2 13183 7075 12329 7209 11204 16904 2214 6847 64 122
1513880390.2 16579 7575 10730 8272 15401 22548 1829 5278 64 114
1513880391.2 15814 5867 7260 7509 15433 22908 492 2806 52 133
1513880392.2 16717 4669 3973 5276 15844 23745 92 2830 57 94
1513880393.21 17447 4517 3622 5081 16699 23529 121 3536 46 107
1513880394.21 16744 3905 3701 5402 17264 21387 123 3996 33 106
1513880395.21 17694 4318 4929 6055 17620 23335 112 4511 32 90
1513880396.21 18752 3976 3680 4151 17761 23890 62 3812 31 54
1513880397.21 20012 6884 8391 6816 19647 26619 765 4280 33 104
1513880398.21 22726 7467 6716 3956 17703 25793 1012 5152 62 151
1513880399.21 23765 11326 12923 7255 16420 23343 2004 7596 53 112
1513880400.22 20057 12785 19556 10037 13495 17705 2508 10845 70 106
1513880401.22 14849 10818 18097 10487 13540 17790 2773 8272 84 120
1513880402.22 13954 9742 15936 7829 11119 16964 2589 8089 87 70
1513880403.22 14947 10864 16638 9334 12395 17187 814 7446 47 137
1513880404.22 18523 7711 13834 9702 18588 22174 153 9310 54 121
1513880405.23 21589 6982 12614 9629 22164 25485 134 9440 77 138
1513880406.23 14333 6069 13070 8193 15200 12650 169 7050 72 162
1513880407.23 16784 10574 19747 11229 12762 11633 612 10576 98 152
1513880408.23 15476 8842 23504 14638 10473 9434 1123 10061 96 350
1513880409.23 16119 7898 21868 12937 9112 5950 1690 10948 93 940
1513880410.23 12768 12075 25966 13709 7634 7253 1856 11242 87 1341
1513880411.23 11989 11508 24466 12481 8631 7111 1522 8856 90 770
1513880412.24 16399 14759 30207 13993 6433 7425 1862 11965 85 1242
1513880413.24 19908 19398 35384 16737 6627 8721 1187 12083 90 616
1513880414.24 18517 18940 33684 20098 10331 11880 968 10363 92 948
1513880415.25 15404 11998 24133 19563 13646 13905 2028 8254 63 2039
1513880416.25 12626 10101 18267 16217 13531 13415 1655 5476 80 1683
1513880417.25 15119 8397 13162 7288 9325 14121 575 5046 88 597
1513880418.25 25386 12998 19647 13877 20348 25294 455 10671 85 438
1513880419.25 28989 19729 26262 16049 20793 24816 494 11595 95 85
1513880420.26 28033 17802 25056 14149 20540 28553 1414 11233 78 473
1513880421.26 24523 13629 18595 9880 17081 21654 565 8125 96 92
1513880422.26 24589 11697 18572 11416 20125 26164 1617 8904 88 998
1513880423.26 25122 15539 23231 11378 17350 20985 2021 13177 109 772
1513880424.26 22575 16046 23082 14835 16164 19054 2252 11198 78 1000
1513880425.26 19578 16662 27375 19037 15435 13153 2936 11747 89 2024
1513880426.26 14718 14658 26339 21519 14167 13677 6335 10160 92 5082
1513880427.26 14503 15445 25538 23313 14786 19876 6047 8209 85 4771
1513880428.26 11847 12399 21508 22175 16663 23977 6826 5693 88 5537
1513880429.26 10695 11328 21740 23260 20064 30890 8582 5960 71 6747
1513880430.26 11502 11655 19755 21373 18215 30646 9190 4847 72 7653
1513880431.26 12961 11058 18503 21556 20605 27658 7398 4350 68 5340
1513880432.27 11433 7321 15903 17925 16801 24440 7442 3687 71 5566
1513880433.27 15688 7614 10265 15081 20319 29918 6603 921 59 6064
1513880434.27 20331 5862 4555 10007 23482 31856 3658 3117 45 2753
1513880435.27 20614 3816 3635 3658 18342 34707 2884 3770 45 1972
1513880436.27 19712 3809 3591 3416 15015 33770 2264 3668 29 1757
1513880437.27 23115 8177 6510 10331 20500 34549 6673 5527 32 6057
1513880438.28 22438 5545 6555 6997 18471 36478 8108 6683 46 7165
1513880439.28 21519 4247 5540 6169 13633 31010 7606 5798 34 5761
1513880440.28 23398 4618 6782 6796 14946 32572 6282 6362 42 4406
1513880441.28 17605 3983 7473 9815 16448 28742 6275 6232 27 4042
1513880442.28 18228 4005 6367 8798 15768 28629 4178 4538 20 2411
1513880443.28 17025 4962 8922 10098 19236 30335 3796 4788 22 1563
1513880444.29 20905 6807 13066 12524 22288 37480 6585 7153 32 2670
1513880445.29 17794 5955 11930 9773 19828 31588 5073 7645 20 2452
1513880446.29 13814 6120 12999 11951 17979 26704 2962 4139 18 923
1513880447.29 10472 8259 18751 18565 13202 17230 3573 3632 21 1879
1513880448.29 7646 7286 13440 12733 9518 12491 3259 1459 21 2199
1513880449.29 7494 5354 10221 11084 10241 13918 3016 614 24 2509
1513880450.29 7351 6969 15052 21657 22897 18768 2244 1146 25 1241
1513880451.3 9929 7056 14766 25929 24691 21061 3111 2278 20 1671
1513880452.3 9653 4813 13235 24744 20193 21536 2567 3156 46 1404
1513880453.3 12002 4104 10019 15933 22450 25301 4528 5594 33 2314
1513880454.3 14516 9064 15593 13777 18453 28325 5497 8047 44 3008
1513880455.31 14516 9221 16692 14524 17806 29293 7178 7793 41 4023
1513880456.31 15368 8986 17708 13971 15850 23373 5596 11957 47 3392
1513880457.31 13918 9377 19405 9431 14323 24011 6200 13397 56 3653
1513880458.32 12978 9548 21396 9127 11847 17638 4068 14461 53 1154
1513880459.32 11744 9256 28620 19759 13165 14083 4119 16020 61 610
1513880460.32 8893 10102 25483 18699 13638 9565 3434 12640 44 308
1513880461.32 7182 8506 20796 19275 14173 9284 5373 10378 109 2465
1513880462.32 11242 8022 19507 20332 18629 13899 2509 8675 268 1575
1513880463.32 20503 8138 17387 14369 20689 22873 957 13653 327 1228
1513880464.32 24320 7637 14020 10974 20012 26304 1553 14564 235 1734
1513880465.32 23422 6638 13452 9355 19297 24557 1308 12568 376 1614
1513880466.32 20824 6356 15429 12841 18903 22102 876 11133 722 1560
1513880467.32 21676 6557 16388 16715 18961 22547 2429 11138 191 2576
1513880468.33 26400 8678 15403 13531 23893 31062 1391 10882 54 1392
1513880469.33 29061 10137 18265 13319 23859 34025 1857 12143 47 375
1513880470.33 27586 10822 20725 14944 24870 32743 1720 11980 43 71
1513880471.33 24504 12010 20061 14939 21155 26069 2759 12029 102 205
1513880472.33 19831 9499 17476 16806 24895 26194 3905 10254 81 915
1513880473.33 17186 8770 14810 16024 21414 24470 4088 8047 695 1519
1513880474.34 14956 7011 14000 12378 17256 21442 4093 10558 567 1092
1513880475.34 21076 5478 11766 7361 17867 28529 3641 12206 508 1016
1513880476.34 19598 4513 8886 6067 17710 24635 1956 9506 295 584
1513880477.34 16583 7193 14264 6378 16462 17851 571 11499 49 84
1513880478.34 14956 6209 15626 5485 14129 15096 1230 13422 55 251
1513880479.34 12925 7108 22297 8082 10587 12237 1623 15962 88 182
1513880480.35 17799 7234 20397 6698 10890 19210 1486 12892 63 168
1513880481.35 22527 12488 26013 12318 13471 23615 1747 14523 55 160
1513880482.35 24109 10168 20429 7799 16515 26515 1621 15245 37 741
1513880483.35 23969 10128 21400 8004 16438 24137 2110 18151 54 754
1513880484.35 19119 9675 21205 7489 15379 22508 2965 16398 58 1847
1513880485.35 16031 7701 15802 7752 12848 17625 1399 12427 51 1352
1513880486.36 14689 6619 11763 9960 15880 22035 3312 5877 55 3191
1513880487.36 12617 4965 12518 13556 16884 20732 2520 4630 49 2539
1513880488.36 12613 5016 13690 16349 19556 21688 1700 4010 47 1311
1513880489.36 12253 5006 15742 16383 18366 20779 2330 5201 48 1389
1513880490.36 9312 5215 17294 17303 15930 16662 1230 5239 78 174
1513880491.37 10701 6154 16470 15361 16723 18788 2803 6193 61 30
1513880492.37 10552 6427 14316 14592 17296 17728 2688 5634 69 127
1513880493.37 10139 6053 13675 16373 21366 23258 9562 5878 54 2655
1513880494.37 8649 4770 12012 16153 17345 23155 12340 5508 53 8292
1513880495.37 8733 4002 17537 20650 22058 28523 13702 8520 100 8524
1513880496.38 8799 2920 18312 21367 21341 29906 10282 5914 113 7623
1513880497.38 7562 3289 18095 18696 18274 24453 10557 7416 109 6830
1513880498.38 14227 3505 17471 12843 17380 32251 11021 7680 108 7679
1513880499.38 18103 4129 12886 9979 15375 32073 9909 8125 114 7968
1513880500.38 21047 5241 12063 8458 12752 35075 11868 8433 118 9271
1513880501.38 21247 4353 7960 10772 16268 32703 8744 5870 107 8442
1513880502.39 17177 5051 10653 7945 14414 26786 7629 8909 77 4079
1513880503.39 17926 5879 10881 8005 13843 26037 8370 9580 77 3973
1513880504.43 17882 6582 8940 8395 11380 22874 8494 7361 46 4462
1513880505.43 16036 5192 6935 7582 11360 19790 5873 7054 41 1850
1513880506.43 16955 7078 9557 11313 20891 25617 6772 7477 42 3089
1513880507.44 16441 6895 9986 12089 25117 29066 6119 7901 33 2824
1513880508.44 14555 5185 7829 11358 24837 27314 4518 6415 37 2862
1513880509.44 15099 6798 8510 12121 30082 30979 3451 5624 46 2540
1513880510.44 14449 7198 9225 13974 26766 30346 5952 5051 53 3475
1513880511.44 11359 5582 9294 12795 22813 26988 5110 3980 65 3058
1513880512.44 10873 5163 8443 11260 21893 25668 4716 4146 55 2643
1513880513.44 15388 6550 8695 11545 23881 31166 3851 3296 76 2252
1513880514.44 15501 6959 11141 16879 28187 37040 8198 4186 78 4769
1513880515.44 20702 8170 12677 15360 30879 42895 9605 5395 73 5381
1513880516.44 22756 7962 11712 14946 27632 42949 9684 6180 72 5936
1513880517.44 22227 8796 10994 13669 25080 39932 10029 5360 67 5762
1513880518.45 22177 8482 12341 10755 22710 35843 9872 7809 86 5833
1513880519.45 22965 9620 13608 10271 22569 34630 6614 7996 84 2784
1513880520.45 22360 9925 15885 12384 20126 29129 3887 8827 106 1097
1513880521.45 20179 8795 25025 18004 19010 22090 2966 17249 98 866
1513880522.45 18931 9054 27867 20506 17270 19251 2833 16743 79 1263
1513880523.45 20316 10192 24220 16729 16120 18071 1682 16151 61 386
1513880524.45 15381 8750 21543 14809 13782 13134 506 14177 50 41
1513880525.45 14320 9244 21125 18457 17466 15534 1598 10868 44 1537
1513880526.45 15801 9544 19969 17269 16375 19447 4137 9540 49 3341
1513880527.45 19066 10801 19203 15363 15814 19285 3669 11071 52 2755
1513880528.45 12323 5879 11627 5496 7629 17959 4349 4607 56 3058
1513880529.46 13708 5478 8365 6710 13406 23668 4579 3960 75 2118
1513880530.46 16631 5240 8232 7332 20136 35515 6401 3904 65 2941
1513880531.46 11999 2946 6057 7635 21105 32506 5860 3069 59 2942
1513880532.46 15151 3516 4307 7124 22399 35480 4166 1836 70 2509
1513880533.46 15903 2996 2718 5422 21522 36040 3224 1574 61 1775
1513880534.46 16442 3625 4324 6775 22852 36876 2825 2114 75 882
1513880535.46 13782 2317 3649 7704 22059 34605 1818 1920 72 50
1513880536.46 12008 2331 3582 4291 15709 32198 1917 2111 77 59
1513880537.46 13266 2845 4431 3846 16300 34394 3083 3195 77 54
1513880538.46 14935 4319 7191 7278 18796 34842 4225 4543 100 62
1513880539.47 14028 3824 6143 5739 15457 28008 4869 4986 95 66
1513880540.47 6531 4897 10094 5738 11504 18337 4874 5333 101 96
1513880541.47 6233 7101 22622 14850 11041 10034 3955 10796 84 755
1513880542.47 9701 6729 24660 15469 13477 17494 3315 9536 83 1624
1513880543.47 6197 5120 25322 14763 13734 18607 3661 8940 91 2637
1513880544.47 4250 3884 22525 14069 11553 16293 2410 5890 95 2395
1513880545.47 4721 3246 18993 19282 16412 17536 4767 6660 65 4795
1513880546.47 5618 3309 10214 15227 15034 11350 3300 3992 52 3182
1513880547.48 3126 2793 9892 14930 15159 9712 1968 2736 47 1970
1513880548.48 3680 3508 10384 13687 15698 10670 1613 3095 47 1348
1513880549.48 5472 2734 11041 13180 21977 17431 3486 4147 57 2635
1513880550.48 10897 3657 12946 13075 22109 25308 8963 9228 51 7131
1513880551.49 16750 5908 10522 11897 21257 32984 11931 6874 82 8358
1513880552.49 15497 5597 9529 9598 23144 33306 11998 6673 75 7951
1513880553.49 18297 7667 9111 12936 23475 34459 15181 6477 78 11453
1513880554.49 16653 5430 9194 13311 25335 33331 10039 6169 55 6878
1513880555.49 20405 6761 10997 14525 25784 38423 9595 6274 60 6151
1513880556.49 17163 4755 9532 13657 20491 29734 6485 6940 64 2651
1513880557.49 21232 5280 12677 15746 21001 30601 6458 7854 68 3678
1513880558.49 21229 4693 13033 13532 16240 29487 7190 10156 72 3627
1513880559.5 18175 3308 17983 14713 17701 26858 6821 14715 64 4738
1513880560.5 21310 4510 16693 9961 12891 26028 4246 15500 48 2927
1513880561.5 21048 4548 14068 7650 13847 24500 4387 16801 37 2576
1513880562.5 17162 2872 14230 7011 14114 20038 2625 19429 47 949
1513880563.5 16991 1859 12141 5677 12666 20545 2853 16498 35 1643
1513880564.51 14866 1808 9822 3940 9752 16907 2933 14256 32 2080
1513880565.51 15636 3160 8464 4929 14763 22756 4920 12301 48 4142
1513880566.53 15868 3470 7665 5796 16820 26166 5547 10093 52 5190
1513880567.54 18471 4810 8771 9598 22131 31168 8644 10489 39 6694
1513880568.54 20685 6471 11343 11755 21365 33381 10710 11594 48 7858
1513880569.54 24481 7833 13705 11098 23583 40471 10840 12969 70 6639
1513880570.54 23246 6460 8339 11784 20637 33909 10085 8304 47 7470
1513880571.54 18850 6266 9804 7102 17896 32394 10075 8229 46 5390
1513880572.54 17253 5241 7057 7386 19158 33405 11216 5771 60 7014
1513880573.54 19483 4936 6562 9226 20610 36415 10792 5248 58 7184
1513880574.54 22753 4531 5233 6517 20874 41449 9375 4528 66 6527
1513880575.54 18988 5749 10147 7902 15978 37086 8125 4066 72 5871
1513880576.54 16118 4243 10459 11957 17416 33639 7474 1866 69 6276
1513880577.54 15073 6041 12716 12225 14260 25421 7457 4381 94 5880
1513880578.54 11604 4352 9753 8972 12941 17785 2341 5026 83 1109
1513880579.55 9572 6638 12571 13614 14270 16449 3419 3421 72 1172
1513880580.55 10550 8664 15576 14970 14217 17305 4288 3790 86 2014
1513880581.55 10463 7612 12517 13843 13917 15543 4133 3893 66 1681
1513880582.55 8965 6873 13145 13967 13050 14304 3998 3865 62 1161
1513880583.55 4582 4382 10061 12110 11952 9249 3528 2934 71 857
1513880584.55 3898 4113 10892 18578 19306 8873 2646 1852 85 1066
1513880585.55 4126 3354 11074 17392 23025 11107 2079 1552 71 792
1513880586.55 6423 5350 13761 25013 33580 15662 779 678 73 625
1513880587.55 7273 7280 14782 25555 33443 18656 1631 1266 65 581
1513880588.55 4802 6965 14831 19463 30508 16219 3274 3486 78 79
1513880589.55 3887 4136 10168 13576 31444 13508 1405 1429 63 133
1513880590.55 4428 4525 8126 10490 28898 16886 2347 2110 62 452
1513880591.55 4158 3830 6297 9383 28435 18194 3362 1280 71 2306
1513880592.55 7639 5036 7758 10664 29098 26432 5406 2008 60 3597
1513880593.56 10683 4911 7442 8585 22507 32188 7163 3131 59 4220
1513880594.56 11103 4817 7028 6943 19386 35973 10880 4943 61 6137
1513880595.56 12978 4742 5463 4578 14245 36355 12258 4934 74 7557
1513880596.56 9340 2991 5872 8701 17247 29473 13505 5163 50 8503
1513880597.56 6712 3186 7161 7719 14097 17995 7029 5953 65 3357
1513880598.56 8553 4412 9202 7395 14141 20305 8629 7078 68 5181
1513880599.57 9667 4101 8624 7209 12909 17908 7625 7880 61 3928
1513880600.57 5407 2667 5019 6658 12217 13907 4592 3872 62 2598
1513880601.57 5827 3191 6539 8692 14432 14015 1648 2595 66 491
1513880602.58 5803 3307 6572 9044 13424 11890 29 1628 71 47
1513880603.58 6631 2471 11314 16370 15494 11137 23 3388 64 48
1513880604.58 6424 3265 11791 16241 15039 9963 23 3568 58 32
1513880605.58 8519 6639 19528 18709 18480 15415 959 5573 63 768
1513880606.58 10650 6079 19239 15381 18153 18937 2004 7993 71 1537
1513880607.58 7565 4783 18728 16477 15262 13712 3162 9733 54 1888
1513880608.58 5623 4746 13876 13843 12743 11202 3439 5503 41 1881
1513880609.58 4018 3803 10703 10479 10768 9741 3052 4406 31 1714
