1515914399.14 23700 18409 22892 19185 9254 25205 38 7158 8 14146, 0 0 0 1 0 0 0 0 0 0
1515914400.14 34113 24516 31083 20556 11407 35099 65 8697 10 17590, 0 0 0 1 0 0 0 0 0 0
1515914401.14 20560 13569 16914 13421 8871 23275 39 4300 9 11618, 0 0 0 1 0 0 0 0 0 0
1515914402.15 19615 11380 17550 12953 9553 23591 45 4458 6 9242, 0 0 0 1 0 0 0 0 0 0
1515914403.15 18554 9732 14882 13901 10689 24547 37 2844 7 9894, 0 0 0 1 0 0 0 0 0 0
1515914404.15 19375 11809 17203 12639 9489 24594 40 2922 5 9120, 0 0 0 1 0 0 0 0 0 0
1515914405.15 20085 12066 15899 10888 8494 24128 25 3345 5 8384, 0 0 0 1 0 0 0 0 0 0
1515914406.17 20085 12066 15899 10888 8494 24128 25 3345 5 8384, 0 0 0 1 0 0 0 0 0 0
1515914407.19 19721 9408 16642 13427 9817 24261 42 3844 9 10828, 0 0 0 1 0 0 0 0 0 0
1515914408.22 18019 10116 14079 14167 11512 27263 59 2324 10 13718, 0 0 0 1 0 0 0 0 0 0
1515914409.25 18596 8049 8397 15142 10631 27685 96 3242 30 14924, 0 0 0 1 0 0 0 0 0 0
1515914410.27 18566 6943 7754 13763 10370 24109 66 3707 20 11486, 0 0 0 1 0 0 0 0 0 0
1515914411.31 19187 8606 9958 12651 9905 25760 35 4062 24 9232, 0 0 0 1 0 0 0 0 0 0
1515914412.33 17607 10601 14185 13862 8296 24050 96 3101 18 9903, 0 0 0 1 0 0 0 0 0 0
1515914413.36 20461 10353 12972 11892 8221 22745 54 3981 15 9407, 0 0 0 1 0 0 0 0 0 0
1515914414.38 18818 11011 12385 12569 7138 20793 32 4172 19 9897, 0 0 0 1 0 0 0 0 0 0
1515914415.41 21662 9735 11301 12203 7723 20299 72 4955 32 8271, 0 0 0 1 0 0 0 0 0 0
1515914416.46 29467 11976 18667 19678 13203 34790 107 8020 28 14315, 0 0 0 1 0 0 0 0 0 0
1515914417.48 18404 9536 13552 13026 11980 24687 62 4004 26 10605, 0 0 0 1 0 0 0 0 0 0
1515914418.51 18907 9479 10463 13500 12353 25145 62 3518 22 11413, 0 0 0 1 0 0 0 0 0 0
1515914419.53 18332 9050 12054 14337 12674 23628 23 5246 9 10501, 0 0 0 1 0 0 0 0 0 0
1515914420.55 20167 8280 10703 13578 11771 26998 39 5103 13 12946, 0 0 0 1 0 0 0 0 0 0
1515914421.57 20767 7686 13857 15144 8367 23503 36 7138 12 12121, 0 0 0 1 0 0 0 0 0 0
1515914422.59 20945 6798 12255 14882 9402 24269 60 8649 14 13451, 0 0 0 1 0 0 0 0 0 0
1515914423.62 19942 7366 9792 15831 8804 22870 41 9238 11 13600, 0 0 0 1 0 0 0 0 0 0
1515914424.64 21204 11436 12109 15148 6550 22793 46 7066 13 15633, 0 0 0 1 0 0 0 0 0 0
1515914425.69 19415 12179 13288 15277 7415 21722 41 8231 15 15708, 0 0 0 1 0 0 0 0 0 0
1515914426.7 20291 12639 13943 14702 9916 21930 29 5907 8 12451, 0 0 0 1 0 0 0 0 0 0
1515914427.72 18738 12784 18016 13446 8929 20040 41 6774 13 8272, 0 0 0 1 0 0 0 0 0 0
1515914428.74 21843 13655 15528 10423 8621 21409 32 6927 22 7404, 0 0 0 1 0 0 0 0 0 0
1515914429.76 25053 17362 16440 7957 9805 23849 23 5099 12 4560, 0 0 0 1 0 0 0 0 0 0
1515914430.79 25408 15157 14650 9210 10878 23944 30 7565 9 6501, 0 0 0 1 0 0 0 0 0 0
1515914431.82 22887 14586 13941 9778 8955 21698 46 8281 16 7668, 0 0 0 1 0 0 0 0 0 0
1515914432.84 24672 10701 14870 8854 9045 22559 35 10043 14 7287, 0 0 0 1 0 0 0 0 0 0
1515914433.87 25678 10784 11569 8901 8476 22553 33 8027 28 7892, 0 0 0 1 0 0 0 0 0 0
1515914434.9 27050 14095 12403 8888 6994 23689 25 7742 8 8931, 0 0 0 1 0 0 0 0 0 0
1515914435.92 26910 13734 14000 9122 5055 21017 32 10862 8 10323, 0 0 0 1 0 0 0 0 0 0
1515914436.95 26186 15157 12570 9289 7175 20400 18 9716 8 7540, 0 0 0 1 0 0 0 0 0 0
1515914437.97 39140 20693 15606 11691 12029 32000 67 10695 26 10232, 0 0 0 1 0 0 0 0 0 0
1515914438.99 19259 11140 10605 10632 10793 18284 62 5010 23 7951, 0 0 0 1 0 0 0 0 0 0
1515914440.02 21906 12237 14117 11806 8520 21092 51 4988 28 10586, 0 0 0 1 0 0 0 0 0 0
1515914441.04 22207 13603 16048 11199 8339 20466 48 5089 23 10175, 0 0 0 1 0 0 0 0 0 0
1515914442.06 18152 12568 15198 13126 9324 23391 62 2141 26 9044, 0 0 0 1 0 0 0 0 0 0
1515914443.12 17760 12711 15140 11974 10122 22983 68 2312 21 7411, 0 0 0 1 0 0 0 0 0 0
1515914444.16 15883 11970 15952 13875 7093 20631 71 2210 20 9744, 0 0 0 1 0 0 0 0 0 0
1515914445.19 14801 12694 17846 16068 6523 19466 61 2206 18 10453, 0 0 0 1 0 0 0 0 0 0
1515914446.23 15535 12471 15416 15164 6282 20760 70 3145 20 9937, 0 0 0 1 0 0 0 0 0 0
1515914447.26 14734 10369 15850 14710 6036 20196 41 4869 20 9321, 0 0 0 1 0 0 0 0 0 0
1515914448.28 14705 9926 13414 15192 7351 22185 39 1923 15 10867, 0 0 0 1 0 0 0 0 0 0
1515914449.31 15990 10190 14888 13523 5969 21118 81 5118 33 8899, 0 0 0 1 0 0 0 0 0 0
1515914450.33 17724 9410 14214 15778 3477 21769 44 4891 4 9996, 0 0 0 1 0 0 0 0 0 0
1515914451.36 21313 10636 13660 16096 3580 19956 36 5506 16 8661, 0 0 0 1 0 0 0 0 0 0
1515914452.38 18583 7687 11382 14228 2427 20716 46 5844 10 8852, 0 0 0 1 0 0 0 0 0 0
1515914453.42 18364 5348 13657 16326 4160 20579 217 6027 15 7551, 0 0 0 1 0 0 0 0 0 0
1515914454.47 18046 5175 14693 14358 7655 19933 29 7148 5 7744, 0 0 0 1 0 0 0 0 0 0
1515914455.49 25272 8243 20135 22345 14239 32403 58 8244 24 12464, 0 0 0 1 0 0 0 0 0 0
1515914456.52 15759 4593 11325 15562 11337 25797 37 4305 14 11905, 0 0 0 1 0 0 0 0 0 0
1515914457.55 16386 4402 9710 16133 11075 24236 57 3964 10 12954, 0 0 0 1 0 0 0 0 0 0
1515914458.58 14961 3923 9732 15219 12715 27904 75 3747 13 13978, 0 0 0 1 0 0 0 0 0 0
1515914459.62 11892 3550 7474 14570 10966 24730 60 2027 18 13010, 0 0 0 1 0 0 0 0 0 0
1515914460.64 9092 3037 8615 18617 11638 23279 60 1396 18 15894, 0 0 0 1 0 0 0 0 0 0
1515914461.68 9793 3759 8027 18454 10696 22719 52 215 13 14280, 0 0 0 1 0 0 0 0 0 0
1515914462.7 13430 4656 7052 19523 11291 21668 49 1054 14 12719, 0 0 0 1 0 0 0 0 0 0
1515914463.71 15390 5147 5908 18312 11640 23647 20 929 8 12214, 0 0 0 1 0 0 0 0 0 0
1515914464.74 15042 4532 5246 17823 12194 26468 28 999 20 13347, 0 0 0 1 0 0 0 0 0 0
1515914465.8 16429 5311 5430 16247 12309 28369 45 1342 10 14457, 0 0 0 1 0 0 0 0 0 0
1515914466.82 15954 3954 3309 11343 12834 26692 51 1797 25 12322, 0 0 0 1 0 0 0 0 0 0
1515914467.89 15857 4104 4651 11281 10773 23748 47 2490 20 8982, 0 0 0 1 0 0 0 0 0 0
1515914468.91 18059 5406 3685 10453 13360 29664 33 834 17 11335, 0 0 0 1 0 0 0 0 0 0
1515914469.96 17861 4988 4214 10638 13016 28026 47 1386 20 12069, 0 0 0 1 0 0 0 0 0 0
1515914471.01 16912 5865 8194 12782 12137 26312 93 1060 65 9763, 0 0 0 1 0 0 0 0 0 0
1515914472.07 20063 8149 18055 18633 15423 31593 119 2095 79 10735, 0 0 0 1 0 0 0 0 0 0
1515914473.08 14082 5788 11629 11172 8587 21297 96 1193 63 7059, 0 0 0 1 0 0 0 0 0 0
1515914474.1 14670 5128 8305 11304 10140 23552 89 1079 67 9271, 0 0 0 1 0 0 0 0 0 0
1515914475.12 12507 4032 6195 7643 6901 20025 125 869 67 5834, 0 0 0 1 0 0 0 0 0 0
1515914476.14 14044 3726 7199 11506 7470 20507 96 1564 87 8638, 0 0 0 1 0 0 0 0 0 0
1515914477.15 14171 4283 7370 13568 7874 21876 83 2354 63 8644, 0 0 0 1 0 0 0 0 0 0
1515914478.17 15246 5635 8050 14466 9085 23023 90 2165 60 8243, 0 0 0 1 0 0 0 0 0 0
1515914479.19 18132 6668 6568 13339 10006 21865 84 2342 64 6538, 0 0 0 1 0 0 0 0 0 0
1515914480.21 19124 8826 7818 14730 10666 21685 94 2245 63 8177, 0 0 0 1 0 0 0 0 0 0
1515914481.23 17624 8044 8126 15034 10951 23834 66 2135 40 8573, 0 0 0 1 0 0 0 0 0 0
1515914482.24 21424 9828 8818 11042 11363 23074 89 4278 71 5653, 0 0 0 1 0 0 0 0 0 0
1515914483.26 20466 8592 6078 11595 13001 25579 70 2982 75 6924, 0 0 0 1 0 0 0 0 0 0
1515914484.29 17781 5428 7464 13085 12429 24102 40 3460 54 9164, 0 0 0 1 0 0 0 0 0 0
1515914485.31 17281 3836 5667 13504 13201 23848 41 5528 21 10565, 0 0 0 1 0 0 0 0 0 0
1515914486.34 16413 3873 6022 14308 11589 22435 59 4313 33 11534, 0 0 0 1 0 0 0 0 0 0
1515914487.37 14046 3248 8615 15912 9134 17958 80 3657 55 10335, 0 0 0 1 0 0 0 0 0 0
1515914488.39 15888 2961 7257 13720 6826 19484 48 5127 12 11434, 0 0 0 1 0 0 0 0 0 0
1515914489.44 15317 3724 6032 13733 6957 20058 59 4529 11 13654, 0 0 0 1 0 0 0 0 0 0
1515914490.49 14855 3579 4218 18114 6529 21771 59 1574 117 14609, 0 0 0 1 0 0 0 0 0 0
1515914491.54 12794 3443 5768 15230 8967 22906 67 1237 47 11388, 0 0 0 1 0 0 0 0 0 0
1515914492.57 18991 4748 8779 25013 13457 36035 76 1754 10 19752, 0 0 0 1 0 0 0 0 0 0
1515914493.62 12743 3599 4030 11411 9649 23750 38 1410 11 8063, 0 0 0 1 0 0 0 0 0 0
1515914494.65 9772 3195 4847 13205 7379 19770 51 512 8 6399, 0 0 0 1 0 0 0 0 0 0
1515914495.74 8035 3449 5658 13266 5060 16710 45 55 3 6372, 0 0 0 1 0 0 0 0 0 0
1515914496.78 8495 3358 5857 12870 4973 16153 50 244 11 5113, 0 0 0 1 0 0 0 0 0 0
1515914497.8 9904 4207 10313 16947 5329 14751 35 951 14 5214, 0 0 0 1 0 0 0 0 0 0
1515914498.84 8133 3104 8566 17809 5339 16619 33 905 16 7971, 0 0 0 1 0 0 0 0 0 0
1515914499.89 9160 3773 6481 14104 8199 19601 37 1266 413 10688, 0 0 0 1 0 0 0 0 0 0
1515914500.92 6813 2156 7857 16524 11947 16242 38 1001 552 10077, 0 0 0 1 0 0 0 0 0 0
1515914501.93 8401 2995 7346 14484 10422 17476 37 1196 158 10659, 0 0 0 1 0 0 0 0 0 0
1515914502.96 7496 3244 7444 16081 11934 19320 33 701 897 13502, 0 0 0 1 0 0 0 0 0 0
1515914503.99 6657 3888 11527 13021 11907 15584 41 2952 878 11014, 0 0 0 1 0 0 0 0 0 0
1515914505.03 5382 3903 15106 15606 10078 14856 52 1951 398 11531, 0 0 0 1 0 0 0 0 0 0
1515914506.05 6563 3317 14720 14622 11425 16067 97 2329 15 12423, 0 0 0 1 0 0 0 0 0 0
1515914507.08 10210 3564 17641 22040 17040 20115 74 3653 18 14616, 0 0 0 1 0 0 0 0 0 0
1515914508.11 9287 3045 8086 16632 10175 17085 45 2627 7 12893, 0 0 0 1 0 0 0 0 0 0
1515914509.16 9811 2908 9501 15138 10106 17766 66 3380 6 12264, 0 0 0 1 0 0 0 0 0 0
1515914510.18 10541 2617 8173 13447 8908 16860 103 2930 12 10943, 0 0 0 1 0 0 0 0 0 0
1515914511.22 9425 2603 8405 14456 10210 16040 65 3584 5 7646, 0 0 0 1 0 0 0 0 0 0
1515914512.25 10323 2484 6637 16742 10730 18223 53 2402 14 9285, 0 0 0 1 0 0 0 0 0 0
1515914513.26 9021 1555 5905 17705 9930 18725 49 2516 12 12219, 0 0 0 1 0 0 0 0 0 0
1515914514.31 9530 2363 5226 17551 8695 15628 57 1369 15 10771, 0 0 0 1 0 0 0 0 0 0
1515914515.36 6345 2874 9776 20928 6965 11697 40 1995 21 11233, 0 0 0 1 0 0 0 0 0 0
1515914516.38 5923 3015 12442 23782 8147 10115 47 3328 22 11408, 0 0 0 1 0 0 0 0 0 0
1515914517.4 3733 2031 12167 22937 6915 9639 58 4105 97 11228, 0 0 0 1 0 0 0 0 0 0
1515914518.44 3181 1193 10435 20091 3659 6802 52 3711 13 10119, 0 0 0 1 0 0 0 0 0 0
1515914519.46 4190 2597 12897 22426 5467 9216 57 3373 9 10502, 0 0 0 1 0 0 0 0 0 0
1515914520.49 4899 2166 14051 21107 5984 8729 59 2237 7 8481, 0 0 0 1 0 0 0 0 0 0
1515914521.51 4355 2637 12426 16742 5113 7966 68 2976 88 6797, 0 0 0 1 0 0 0 0 0 0
1515914522.53 7302 2499 10192 14613 8814 13690 43 2874 631 8339, 0 0 0 1 0 0 0 0 0 0
1515914523.55 9342 3175 8992 13780 10868 16973 41 1153 572 7936, 0 0 0 1 0 0 0 0 0 0
1515914524.61 11528 4929 13217 22460 11605 20384 36 1794 696 10218, 0 0 0 1 0 0 0 0 0 0
1515914525.63 6894 3287 11202 20871 11448 20324 51 3720 1133 17242, 0 0 0 1 0 0 0 0 0 0
1515914526.65 8392 2478 6477 17364 9562 19199 28 1555 413 13014, 0 0 0 1 0 0 0 0 0 0
1515914527.66 7506 2169 7300 19958 7771 18754 28 1099 26 14682, 0 0 0 1 0 0 0 0 0 0
1515914528.69 8140 2768 4261 14308 6356 18247 29 1296 25 11553, 0 0 0 1 0 0 0 0 0 0
1515914529.71 7277 2055 5427 14538 6194 19322 25 423 11 10230, 0 0 0 1 0 0 0 0 0 0
1515914530.73 9078 2774 4871 14133 5926 20634 29 40 9 11156, 0 0 0 1 0 0 0 0 0 0
1515914531.74 6678 2250 5603 13847 4539 18262 26 38 134 9805, 0 0 0 1 0 0 0 0 0 0
1515914532.77 7859 2943 6172 15191 5917 17692 21 30 480 13005, 0 0 0 1 0 0 0 0 0 0
1515914533.78 6820 2181 5905 15205 6168 17429 18 34 1057 12998, 0 0 0 1 0 0 0 0 0 0
1515914534.8 7245 1921 6280 16396 7426 18179 11 30 802 14139, 0 0 0 1 0 0 0 0 0 0
1515914535.82 5167 1834 6502 16688 6498 15965 22 34 498 12246, 0 0 0 1 0 0 0 0 0 0
1515914536.83 5638 1850 4697 13790 7064 11947 29 643 363 8945, 0 0 0 1 0 0 0 0 0 0
1515914537.85 7587 1680 3485 14485 8875 10422 72 1428 15 6367, 0 0 0 1 0 0 0 0 0 0
1515914538.88 9324 1397 1424 12129 9117 13901 45 897 8 9248, 0 0 0 1 0 0 0 0 0 0
1515914539.91 8144 1519 1904 13267 8797 14299 40 57 13 10464, 0 0 0 1 0 0 0 0 0 0
1515914540.92 8712 1552 1867 15808 7447 14010 36 47 10 11799, 0 0 0 1 0 0 0 0 0 0
1515914541.94 10700 2502 3454 15169 9427 19547 21 37 13 12229, 0 0 0 1 0 0 0 0 0 0
1515914542.96 10104 2060 5502 15246 8412 18775 35 59 7 10333, 0 0 0 1 0 0 0 0 0 0
1515914544.0 9298 3253 5877 15577 8356 15729 29 40 8 9395, 0 0 0 1 0 0 0 0 0 0
1515914545.03 9102 2109 3544 13470 9573 15758 22 30 6 8749, 0 0 0 1 0 0 0 0 0 0
1515914546.05 6705 1860 4875 16121 9487 14761 32 41 11 9085, 0 0 0 1 0 0 0 0 0 0
1515914547.07 10079 2437 3885 14348 11510 17475 26 43 10 9389, 0 0 0 1 0 0 0 0 0 0
1515914548.1 9703 3466 7015 17658 9449 14052 38 825 5 7703, 0 0 0 1 0 0 0 0 0 0
1515914549.12 20929 6693 8548 23551 13257 26095 31 1796 13 11804, 0 0 0 1 0 0 0 0 0 0
1515914550.13 13047 3060 5155 14237 7534 16457 20 1120 13 8782, 0 0 0 1 0 0 0 0 0 0
1515914551.15 11692 4107 6278 16752 6266 15463 28 41 9 9338, 0 0 0 1 0 0 0 0 0 0
1515914552.18 10520 3559 6411 16123 8956 13170 19 82 11 7285, 0 0 0 1 0 0 0 0 0 0
1515914553.2 12172 3361 4061 12592 7476 15236 22 278 13 8158, 0 0 0 1 0 0 0 0 0 0
1515914554.22 14645 4144 2845 10948 7350 16511 25 986 7 9060, 0 0 0 1 0 0 0 0 0 0
1515914555.25 13510 3628 4723 15221 5276 14473 32 2345 11 10639, 0 0 0 1 0 0 0 0 0 0
1515914556.26 14707 4126 5668 13203 5704 15409 36 4070 10 9595, 0 0 0 1 0 0 0 0 0 0
1515914557.28 14747 4277 4823 12493 5473 12229 47 5171 9 7228, 0 0 0 1 0 0 0 0 0 0
1515914558.3 19252 5264 3963 10165 6476 21198 29 2518 15 8494, 0 0 0 1 0 0 0 0 0 0
1515914559.32 21600 4176 2747 7165 7173 23648 28 4841 14 9192, 0 0 0 1 0 0 0 0 0 0
1515914560.35 22353 4794 3819 6671 8640 25079 24 6475 12 7856, 0 0 0 1 0 0 0 0 0 0
1515914561.36 20466 3934 2328 6319 7764 23937 26 6068 7 9315, 0 0 0 1 0 0 0 0 0 0
1515914562.39 19531 4772 3885 7660 4341 21672 30 5901 9 8339, 0 0 0 1 0 0 0 0 0 0
1515914563.42 20348 4477 4004 4436 7008 23190 22 6060 7 6516, 0 0 0 1 0 0 0 0 0 0
1515914564.44 15353 3658 3899 6643 6218 21808 20 4582 8 9995, 0 0 0 1 0 0 0 0 0 0
1515914565.45 14448 3956 3085 7746 6255 23217 25 3213 12 13227, 0 0 0 1 0 0 0 0 0 0
1515914566.47 19999 8812 3441 7858 4829 19627 36 5441 8 11002, 0 0 0 1 0 0 0 0 0 0
1515914567.49 18062 8918 4110 9329 4474 18340 28 3219 15 11318, 0 0 0 1 0 0 0 0 0 0
1515914568.51 14968 10496 10938 11374 2440 10050 40 4700 13 8209, 0 0 0 1 0 0 0 0 0 0
1515914569.54 12459 10017 16639 13876 3118 8850 48 4578 7 7307, 0 0 0 1 0 0 0 0 0 0
1515914570.56 10837 9272 17609 13489 2272 8043 61 4803 29 6728, 0 0 0 1 0 0 0 0 0 0
1515914571.58 10264 8859 19354 12312 3116 5327 58 3532 28 4254, 0 0 0 1 0 0 0 0 0 0
1515914572.6 8423 10307 19742 12751 3284 7385 62 4277 31 5559, 0 0 0 1 0 0 0 0 0 0
1515914573.62 6526 5042 18213 14314 4108 10690 75 2540 29 9883, 0 0 0 1 0 0 0 0 0 0
1515914574.64 8089 8099 26415 22321 5760 14202 104 3531 37 13205, 0 0 0 1 0 0 0 0 0 0
1515914575.67 1756 4229 13838 15641 4603 8752 67 910 23 11510, 0 0 0 1 0 0 0 0 0 0
1515914576.71 1015 2951 9916 15856 4546 8944 67 76 24 11750, 0 0 0 1 0 0 0 0 0 0
1515914577.73 4477 1893 4678 15225 10325 16329 79 121 16 13729, 0 0 0 1 0 0 0 0 0 0
1515914578.75 8919 2199 1731 14562 12099 20576 88 273 24 14442, 0 0 0 1 0 0 0 0 0 0
1515914579.77 15675 7772 2678 11106 10643 21239 56 141 31 10806, 0 0 0 1 0 0 0 0 0 0
1515914580.79 15165 9006 3995 12687 9240 17791 52 61 35 9194, 0 0 0 1 0 0 0 0 0 0
1515914581.8 14346 8596 4421 11526 8719 18399 45 55 12 9632, 0 0 0 1 0 0 0 0 0 0
1515914582.82 11507 8098 5700 10854 5266 14201 32 48 19 8481, 0 0 0 1 0 0 0 0 0 0
1515914583.84 13175 8442 5050 8338 4468 12811 38 291 13 6421, 0 0 0 1 0 0 0 0 0 0
1515914584.86 11699 7365 4302 8963 2408 12725 27 69 20 8344, 0 0 0 1 0 0 0 0 0 0
1515914585.87 11458 7505 5765 10797 3468 14291 25 347 6 11016, 0 0 0 1 0 0 0 0 0 0
1515914586.88 14608 8279 5661 14013 6567 21420 53 73 8 14205, 0 0 0 1 0 0 0 0 0 0
1515914587.9 16124 7856 4355 9284 5966 21674 40 326 9 10999, 0 0 0 1 0 0 0 0 0 0
1515914588.91 15799 5957 2442 10329 7932 21984 30 96 14 12073, 0 0 0 1 0 0 0 0 0 0
1515914589.93 17371 6399 2934 10417 11282 24550 24 323 5 11809, 0 0 0 1 0 0 0 0 0 0
1515914590.99 19599 6437 5259 10953 10219 20405 46 4212 10 9590, 0 0 0 1 0 0 0 0 0 0
1515914592.05 18180 5543 4809 11602 11151 23008 28 3936 7 10683, 0 0 0 1 0 0 0 0 0 0
1515914593.08 16159 4678 2842 11336 9747 19701 32 3742 11 11264, 0 0 0 1 0 0 0 0 0 0
1515914594.1 14799 3598 4307 10279 9852 16180 27 3503 17 8488, 0 0 0 1 0 0 0 0 0 0
1515914595.12 14830 4840 4620 12256 10779 19405 31 1232 10 9888, 0 0 0 1 0 0 0 0 0 0
1515914596.15 12978 4555 4476 12074 8713 18732 33 54 10 10608, 0 0 0 1 0 0 0 0 0 0
1515914597.17 12415 3287 4585 20576 15047 28333 80 98 351 23566, 0 0 0 1 0 0 0 0 0 0
1515914598.19 12869 3930 3494 13253 12852 22273 69 1722 298 12734, 0 0 0 1 0 0 0 0 0 0
1515914599.21 14172 3910 2504 12039 11519 20410 51 1461 517 12630, 0 0 0 1 0 0 0 0 0 0
1515914600.24 14506 4064 1407 10417 11334 20467 51 884 467 10933, 0 0 0 1 0 0 0 0 0 0
1515914601.29 13657 3037 1228 11292 10193 19027 51 878 1125 11571, 0 0 0 1 0 0 0 0 0 0
1515914602.32 11962 3606 1965 10349 9365 16981 48 1359 375 9580, 0 0 0 1 0 0 0 0 0 0
1515914603.33 12463 3947 2517 11500 9891 17022 43 279 15 7119, 0 0 0 1 0 0 0 0 0 0
1515914604.34 14295 5197 2703 10649 11111 22099 43 59 9 8844, 0 0 0 1 0 0 0 0 0 0
1515914605.36 9470 3998 2969 11706 9012 16868 39 54 7 7717, 0 0 0 1 0 0 0 0 0 0
1515914606.37 8900 4362 4025 12749 8189 15367 54 72 7 7685, 0 0 0 1 0 0 0 0 0 0
1515914607.39 6746 2998 3028 10652 6633 12316 56 64 126 5958, 0 0 0 1 0 0 0 0 0 0
1515914608.41 7932 2507 4023 11035 9068 16520 48 68 984 8766, 0 0 0 1 0 0 0 0 0 0
1515914609.42 8275 2583 5891 14095 10689 18379 41 290 1008 9692, 0 0 0 1 0 0 0 0 0 0
1515914610.48 9180 2975 4935 13832 8271 17589 66 120 545 9682, 0 0 0 1 0 0 0 0 0 0
1515914611.5 7491 3034 4651 13028 9691 16460 53 78 436 8713, 0 0 0 1 0 0 0 0 0 0
1515914612.52 7427 2726 5486 17766 8158 17510 47 66 593 13394, 0 0 0 1 0 0 0 0 0 0
1515914613.54 7646 2676 4621 18082 8128 15102 42 60 7 9463, 0 0 0 1 0 0 0 0 0 0
1515914614.55 7822 2447 3324 17925 12003 18299 28 51 10 9942, 0 0 0 1 0 0 0 0 0 0
1515914615.58 9590 3075 1786 14783 10665 21220 23 46 10 11722, 0 0 0 1 0 0 0 0 0 0
1515914616.6 8646 2067 1672 12344 10936 22178 36 64 9 11296, 0 0 0 1 0 0 0 0 0 0
1515914617.61 8424 2038 1690 14225 13672 23672 31 49 14 13940, 0 0 0 1 0 0 0 0 0 0
1515914618.64 6631 1283 2580 14256 12109 22744 29 37 19 13836, 0 0 0 1 0 0 0 0 0 0
1515914619.66 7848 4088 6296 14535 10935 18323 47 1451 9 11101, 0 0 0 1 0 0 0 0 0 0
1515914620.69 11303 3909 14283 26843 15273 19668 62 7539 22 15289, 0 0 0 1 0 0 0 0 0 0
1515914621.7 6354 1620 7804 18939 10458 12608 40 2250 10 10987, 0 0 0 1 0 0 0 0 0 0
1515914622.72 5577 1594 8412 15959 10170 12426 46 2555 9 8518, 0 0 0 1 0 0 0 0 0 0
1515914623.74 5551 2053 8886 13744 8539 11081 398 2818 9 8080, 0 0 0 1 0 0 0 0 0 0
1515914624.76 5967 2025 9772 14108 8590 14182 586 3718 9 11190, 0 0 0 1 0 0 0 0 0 0
1515914625.78 5910 3057 8660 13770 8612 13689 1104 3475 8 9704, 0 0 0 1 0 0 0 0 0 0
1515914626.79 9430 5360 9624 9643 6018 12488 279 3308 11 8177, 0 0 0 1 0 0 0 0 0 0
1515914627.82 7978 4096 6308 7901 5094 9879 44 2661 10 6408, 0 0 0 1 0 0 0 0 0 0
1515914628.84 6026 2517 4724 8440 3545 8760 46 1839 11 5903, 0 0 0 1 0 0 0 0 0 0
1515914629.85 7207 1933 7041 10406 2798 9344 66 3693 6 6804, 0 0 0 1 0 0 0 0 0 0
1515914630.87 5855 1845 2654 7900 2258 8959 74 1155 7 7177, 0 0 0 1 0 0 0 0 0 0
1515914631.9 6139 2077 4373 9822 2395 8779 66 1403 13 6123, 0 0 0 1 0 0 0 0 0 0
1515914632.92 7842 7182 8712 11977 1380 8190 43 1352 11 7579, 0 0 0 1 0 0 0 0 0 0
1515914633.93 9182 7726 9314 12537 1205 9848 60 1398 12 6462, 0 0 0 1 0 0 0 0 0 0
1515914634.96 10332 8273 7389 9453 1802 10885 51 391 12 5313, 0 0 0 1 0 0 0 0 0 0
1515914635.98 10627 8239 4134 6764 3073 12891 36 1000 9 5435, 0 0 0 1 0 0 0 0 0 0
1515914637.0 12791 10569 5342 7421 4923 15507 34 1042 9 6806, 0 0 0 1 0 0 0 0 0 0
1515914638.02 12056 9114 6250 6320 4594 14345 39 2852 7 5412, 0 0 0 1 0 0 0 0 0 0
1515914639.04 13782 10759 4611 7436 4992 17408 27 775 12 8581, 0 0 0 1 0 0 0 0 0 0
1515914640.06 13199 11691 5113 7724 4437 17891 18 1750 9 8898, 0 0 0 1 0 0 0 0 0 0
1515914641.1 13326 12047 7040 8275 4322 16139 26 1362 2 8452, 0 0 0 1 0 0 0 0 0 0
1515914642.12 15041 13253 5590 8577 3790 17262 27 1274 13 8973, 0 0 0 1 0 0 0 0 0 0
1515914643.15 16966 12956 4779 9739 3039 17598 26 1031 7 8854, 0 0 0 1 0 0 0 0 0 0
1515914644.2 14789 11500 5776 11199 2318 17134 26 1663 11 8393, 0 0 0 1 0 0 0 0 0 0
1515914645.22 28144 22617 9141 20047 3848 21566 32 3055 17 13218, 0 0 0 1 0 0 0 0 0 0
1515914646.25 17126 12957 6922 14859 2175 14229 36 1063 13 10181, 0 0 0 1 0 0 0 0 0 0
1515914647.27 18912 15994 7187 12922 1491 14126 36 1297 6 10822, 0 0 0 1 0 0 0 0 0 0
1515914648.3 17307 15730 6372 13353 2940 14542 22 249 8 11157, 0 0 0 1 0 0 0 0 0 0
1515914649.34 15683 13160 7265 13836 3096 14234 35 570 12 11196, 0 0 0 1 0 0 0 0 0 0
1515914650.37 11586 11439 8534 16501 2562 12041 47 626 9 10721, 0 0 0 1 0 0 0 0 0 0
1515914651.41 11844 10871 8525 15999 2630 13568 31 486 8 11496, 0 0 0 1 0 0 0 0 0 0
1515914652.45 9612 8814 9244 15379 3329 12594 42 968 15 9356, 0 0 0 1 0 0 0 0 0 0
1515914653.46 8363 7772 6892 14899 2634 11279 36 667 14 8336, 0 0 0 1 0 0 0 0 0 0
1515914654.47 5641 6659 6859 15499 1245 7758 69 782 7 7015, 0 0 0 1 0 0 0 0 0 0
1515914655.49 5108 5995 6359 13917 1476 7610 41 403 11 6266, 0 0 0 1 0 0 0 0 0 0
1515914656.51 4031 4567 3625 14593 1895 7255 54 56 4 6167, 0 0 0 1 0 0 0 0 0 0
1515914657.52 6525 5807 5907 15907 1356 7853 47 52 8 5984, 0 0 0 1 0 0 0 0 0 0
1515914658.54 7204 7004 5140 13394 2019 8478 53 58 9 6389, 0 0 0 1 0 0 0 0 0 0
1515914659.56 7391 7389 4281 13731 1319 8712 38 47 15 7951, 0 0 0 1 0 0 0 0 0 0
1515914660.58 6526 6755 2737 11970 539 6222 51 64 7 5820, 0 0 0 1 0 0 0 0 0 0
1515914661.59 7012 6144 2292 9777 983 6131 52 57 6 6067, 0 0 0 1 0 0 0 0 0 0
1515914662.61 3392 2868 3705 10813 793 5840 43 50 17 6937, 0 0 0 1 0 0 0 0 0 0
1515914663.62 2501 2387 3988 13590 263 5695 35 40 7 8286, 0 0 0 1 0 0 0 0 0 0
1515914664.64 3066 3232 3596 10266 189 6655 34 44 11 8052, 0 0 0 1 0 0 0 0 0 0
1515914665.65 2132 2299 3699 13451 454 6711 32 57 9 8990, 0 0 0 1 0 0 0 0 0 0
1515914666.68 2023 1685 6097 14534 1763 6672 38 834 17 8257, 0 0 0 1 0 0 0 0 0 0
1515914667.71 3243 2078 5687 13173 2607 8542 37 792 14 8613, 0 0 0 1 0 0 0 0 0 0
1515914668.75 5473 2851 16369 23231 4003 11992 32 1620 11 10074, 0 0 0 1 0 0 0 0 0 0
1515914669.79 4492 2145 13730 22954 3968 10809 32 1817 12 14864, 0 0 0 1 0 0 0 0 0 0
1515914670.82 3556 3133 14142 17820 2703 9369 15 1028 10 9855, 0 0 0 1 0 0 0 0 0 0
1515914671.84 4933 3655 12352 19455 4576 10857 23 830 7 9887, 0 0 0 1 0 0 0 0 0 0
1515914672.87 5553 2864 12637 19934 4519 11994 17 683 125 12324, 0 0 0 1 0 0 0 0 0 0
1515914673.95 5228 1869 9750 16296 3383 11026 10 686 16 8927, 0 0 0 1 0 0 0 0 0 0
1515914674.99 6320 2366 7117 16477 3550 14011 14 756 10 11188, 0 0 0 1 0 0 0 0 0 0
1515914676.02 6434 1529 4827 12665 3282 12036 20 1141 10 8675, 0 0 0 1 0 0 0 0 0 0
1515914677.05 3940 817 5172 12048 2096 12052 24 39 14 10007, 0 0 0 1 0 0 0 0 0 0
1515914678.09 2157 1010 4879 11147 1422 10771 17 45 14 8531, 0 0 0 1 0 0 0 0 0 0
1515914679.17 3490 1488 4407 12258 1447 10733 22 27 10 9091, 0 0 0 1 0 0 0 0 0 0
1515914680.21 5879 3808 4470 12965 1264 10194 24 125 18 8752, 0 0 0 1 0 0 0 0 0 0
1515914681.23 5595 3349 3677 14958 1259 11043 19 25 10 10828, 0 0 0 1 0 0 0 0 0 0
1515914682.26 6635 2921 2956 16119 2681 12561 18 20 10 10520, 0 0 0 1 0 0 0 0 0 0
1515914683.3 3740 1958 4548 25945 2923 14022 16 31 18 17801, 0 0 0 1 0 0 0 0 0 0
1515914684.34 4813 2027 3709 19150 1808 10822 13 102 11 11633, 0 0 0 1 0 0 0 0 0 0
1515914685.4 8521 3082 3243 16526 2294 8520 15 2522 10 8561, 0 0 0 1 0 0 0 0 0 0
1515914686.45 10317 1885 567 10048 2776 9236 36 1514 110 6721, 0 0 0 1 0 0 0 0 0 0
1515914687.49 10620 2433 1888 13484 3892 13716 26 1870 13 9444, 0 0 0 1 0 0 0 0 0 0
1515914688.51 14118 3403 2032 10225 4346 19957 23 1171 8 11685, 0 0 0 1 0 0 0 0 0 0
1515914689.53 14738 3995 1194 11162 5108 21165 21 1551 12 12955, 0 0 0 1 0 0 0 0 0 0
1515914690.55 13693 3990 2093 12818 6135 23512 35 1303 14 15623, 0 0 0 1 0 0 0 0 0 0
1515914691.57 11860 4954 3536 12236 4694 21735 17 668 8 16492, 0 0 0 1 0 0 0 0 0 0
1515914692.59 7539 3871 3917 11301 2934 15313 25 33 14 16386, 0 0 0 1 0 0 0 0 0 0
1515914693.61 4278 4774 6988 12208 3370 8421 30 46 14 10095, 0 0 0 1 0 0 0 0 0 0
1515914694.64 4670 3731 7887 20080 4490 11014 25 36 15 14397, 0 0 0 1 0 0 0 0 0 0
1515914695.69 1842 1791 7222 22231 5340 7587 33 33 11 10500, 0 0 0 1 0 0 0 0 0 0
1515914696.73 1560 2316 8665 21715 4519 8434 25 37 9 11745, 0 0 0 1 0 0 0 0 0 0
1515914697.78 1141 2507 8137 21727 4242 6849 16 20 15 10819, 0 0 0 1 0 0 0 0 0 0
1515914698.8 2750 2767 9596 33382 4683 11196 20 36 12 16971, 0 0 0 1 0 0 0 0 0 0
1515914699.82 3948 2740 5679 21727 1785 6813 24 103 6 9087, 0 0 0 1 0 0 0 0 0 0
1515914700.91 5708 3165 5153 21329 1963 7965 37 206 8 11446, 0 0 0 1 0 0 0 0 0 0
1515914701.94 8712 1949 3075 15871 2705 10138 33 472 29 8950, 0 0 0 1 0 0 0 0 0 0
1515914702.96 10046 2193 2526 15474 3422 11455 47 839 80 8468, 0 0 0 1 0 0 0 0 0 0
1515914704.02 14705 3570 1920 10919 3302 16673 25 759 18 9045, 0 0 0 1 0 0 0 0 0 0
1515914705.04 14846 4340 2071 11906 7430 18576 26 43 252 11483, 0 0 0 1 0 0 0 0 0 0
1515914706.06 12893 3864 1719 10513 9282 17990 25 37 5 10688, 0 0 0 1 0 0 0 0 0 0
1515914707.1 13696 3990 3744 11079 8059 17279 28 577 15 9076, 0 0 0 1 0 0 0 0 0 0
1515914708.14 12256 4876 6251 12908 7552 14483 22 131 14 8405, 0 0 0 1 0 0 0 0 0 0
1515914709.18 10800 4916 5696 14588 7565 13095 18 34 14 9125, 0 0 0 1 0 0 0 0 0 0
1515914710.19 10261 4340 6316 13304 7645 13995 22 29 5 8746, 0 0 0 1 0 0 0 0 0 0
1515914711.22 7784 3350 5358 16238 5298 13925 21 32 5 10969, 0 0 0 1 0 0 0 0 0 0
1515914712.26 6957 2439 5433 16346 4515 15982 25 32 10 13460, 0 0 0 1 0 0 0 0 0 0
1515914713.29 5156 1881 5107 17169 5370 14918 24 27 10 12819, 0 0 0 1 0 0 0 0 0 0
1515914714.33 9973 2846 5320 25416 5792 24206 39 58 11 17214, 0 0 0 1 0 0 0 0 0 0
1515914715.37 9170 2823 3776 11589 4127 16908 22 367 10 8479, 0 0 0 1 0 0 0 0 0 0
1515914716.4 11273 3242 917 10444 5104 20930 34 46 6 9194, 0 0 0 1 0 0 0 0 0 0
1515914717.42 11192 3997 2378 10775 3587 18458 18 26 4 9506, 0 0 0 1 0 0 0 0 0 0
1515914718.44 12923 4532 1216 8341 3902 19324 26 119 16 8770, 0 0 0 1 0 0 0 0 0 0
1515914719.47 12395 4809 2747 9079 4403 18355 34 638 14 9674, 0 0 0 1 0 0 0 0 0 0
1515914720.51 12148 4351 5129 11583 2805 14608 33 1014 6 8414, 0 0 0 1 0 0 0 0 0 0
1515914721.53 14207 4266 5625 11203 2531 17323 30 1302 8 9933, 0 0 0 1 0 0 0 0 0 0
1515914722.55 12733 4094 5318 11854 2359 16788 25 41 7 9950, 0 0 0 1 0 0 0 0 0 0
1515914723.59 8335 2745 6405 12399 1895 11408 35 167 8 8754, 0 0 0 1 0 0 0 0 0 0
1515914724.61 5706 2154 7273 13032 1641 10796 39 69 19 9519, 0 0 0 1 0 0 0 0 0 0
1515914725.64 7011 1638 2313 10681 4414 12750 48 71 31 8804, 0 0 0 1 0 0 0 0 0 0
1515914726.75 5556 1650 2103 9054 6442 13669 45 52 11 9512, 0 0 0 1 0 0 0 0 0 0
1515914727.8 6723 2444 2106 9581 7820 14225 84 100 12 9454, 0 0 0 1 0 0 0 0 0 0
1515914728.82 8417 2447 2960 16839 8997 20355 49 63 9 16980, 0 0 0 1 0 0 0 0 0 0
1515914729.86 2399 631 1515 8088 5174 11806 39 54 8 7913, 0 0 0 1 0 0 0 0 0 0
1515914730.93 3143 1166 1345 9547 5285 13042 46 56 9 10105, 0 0 0 1 0 0 0 0 0 0
1515914731.95 3840 1180 786 9116 6593 13595 33 45 10 9827, 0 0 0 1 0 0 0 0 0 0
1515914732.99 4251 1105 315 8410 5069 15394 35 47 15 9126, 0 0 0 1 0 0 0 0 0 0
1515914734.02 5091 1275 108 9975 6039 18740 42 57 10 12280, 0 0 0 1 0 0 0 0 0 0
1515914735.05 4371 870 94 6335 4958 15909 44 57 11 9092, 0 0 0 1 0 0 0 0 0 0
1515914736.09 5252 1184 106 4223 2301 16359 36 47 8 9302, 0 0 0 1 0 0 0 0 0 0
1515914737.13 6211 1244 69 5737 1763 18206 32 39 9 10872, 0 0 0 1 0 0 0 0 0 0
1515914738.17 7968 1549 413 6590 2207 17856 25 33 6 11036, 0 0 0 1 0 0 0 0 0 0
1515914739.22 6995 835 581 9331 1200 15732 20 35 13 10459, 0 0 0 1 0 0 0 0 0 0
1515914740.26 5540 560 1211 8616 1463 15137 30 46 10 9620, 0 0 0 1 0 0 0 0 0 0
1515914741.32 6418 1166 1450 10698 3147 14932 19 35 7 10099, 0 0 0 1 0 0 0 0 0 0
1515914742.36 7786 1011 3168 18363 3418 23056 40 48 14 13304, 0 0 0 1 0 0 0 0 0 0
1515914743.4 4385 725 1472 14230 2050 13636 14 22 9 6179, 0 0 0 1 0 0 0 0 0 0
1515914744.44 4872 1162 3182 17278 2755 13024 20 26 7 7936, 0 0 0 1 0 0 0 0 0 0
1515914745.47 4139 1048 3037 15330 1948 10145 36 44 8 6318, 0 0 0 1 0 0 0 0 0 0
1515914746.5 5775 2270 4680 16242 1968 10767 20 29 13 6542, 0 0 0 1 0 0 0 0 0 0
1515914747.57 3694 1199 2301 15507 941 9570 26 47 13 6884, 0 0 0 1 0 0 0 0 0 0
1515914748.59 5492 1615 3669 14518 1535 9707 31 52 13 8010, 0 0 0 1 0 0 0 0 0 0
1515914749.6 5330 3647 4513 16341 870 10506 33 43 11 8829, 0 0 0 1 0 0 0 0 0 0
1515914750.65 11437 6934 3233 14038 3822 15360 20 26 13 9311, 0 0 0 1 0 0 0 0 0 0
1515914751.68 13825 8000 2072 9224 5409 16991 21 91 8 6511, 0 0 0 1 0 0 0 0 0 0
1515914752.71 12131 5538 565 7258 4025 16633 27 562 2 6049, 0 0 0 1 0 0 0 0 0 0
1515914753.73 15527 7170 538 6366 5488 19176 25 579 7 6274, 0 0 0 1 0 0 0 0 0 0
1515914754.76 12089 4917 2688 5614 5100 17109 23 406 12 3955, 0 0 0 1 0 0 0 0 0 0
1515914755.79 16313 6422 5274 5820 6896 21544 35 2049 8 4758, 0 0 0 1 0 0 0 0 0 0
1515914756.81 19569 7637 3417 5998 7544 23508 22 741 8 3625, 0 0 0 1 0 0 0 0 0 0
1515914757.84 19824 5750 3795 6439 7032 22476 27 1203 5 4630, 0 0 0 1 0 0 0 0 0 0
1515914758.89 29965 11309 4603 6194 9597 34166 22 1753 14 5611, 0 0 0 1 0 0 0 0 0 0
1515914759.91 19615 7007 7224 10476 5666 23169 18 2551 8 10262, 0 0 0 1 0 0 0 0 0 0
1515914760.93 16393 5188 9779 9800 3925 16311 19 2289 6 6754, 0 0 0 1 0 0 0 0 0 0
1515914761.96 14748 6001 11973 13058 4414 12832 21 1897 6 3860, 0 0 0 1 0 0 0 0 0 0
1515914762.98 11673 7375 11723 11589 2503 9745 16 3270 9 5853, 0 0 0 1 0 0 0 0 0 0
1515914764.01 10465 7743 9703 14571 2564 8905 37 1767 7 6712, 0 0 0 1 0 0 0 0 0 0
1515914765.03 10817 6668 8098 17545 2675 10776 31 71 4 8823, 0 0 0 1 0 0 0 0 0 0
1515914766.08 10017 5236 6782 20538 3353 11552 27 48 6 11875, 0 0 0 1 0 0 0 0 0 0
1515914767.12 9946 5253 6348 20616 2005 13612 31 36 7 13327, 0 0 0 1 0 0 0 0 0 0
1515914768.14 7992 4321 4950 20125 3084 12953 29 34 1 12874, 0 0 0 1 0 0 0 0 0 0
1515914769.17 6072 2344 4727 19576 4880 13873 33 43 5 13608, 0 0 0 1 0 0 0 0 0 0
1515914770.2 8520 2993 3538 16066 6407 16609 38 42 3 13080, 0 0 0 1 0 0 0 0 0 0
1515914771.24 12854 3763 2148 13082 7131 19508 47 54 6 11614, 0 0 0 1 0 0 0 0 0 0
1515914772.28 12072 3751 1235 11632 9311 22287 57 119 7 13890, 0 0 0 1 0 0 0 0 0 0
1515914773.29 14286 5012 2074 9554 8398 19832 86 607 18 10910, 0 0 0 1 0 0 0 0 0 0
1515914774.31 12771 4382 2568 9906 7063 18257 248 1299 30 11352, 0 0 0 1 0 0 0 0 0 0
1515914775.34 15634 6381 3242 9022 9189 19371 68 1616 18 9996, 0 0 0 1 0 0 0 0 0 0
1515914776.37 11989 4277 3630 11613 7915 15850 75 1767 13 8469, 0 0 0 1 0 0 0 0 0 0
1515914777.39 13652 3975 6534 20585 9873 22804 105 2339 28 15175, 0 0 0 1 0 0 0 0 0 0
1515914778.41 6564 3111 7202 16683 2547 13528 70 1495 18 14515, 0 0 0 1 0 0 0 0 0 0
1515914779.46 5438 1661 4274 13307 852 10234 78 1539 16 12320, 0 0 0 1 0 0 0 0 0 0
1515914780.47 4693 2276 5337 12900 1005 9391 51 982 182 10321, 0 0 0 1 0 0 0 0 0 0
1515914781.51 5097 2462 8612 14771 1088 6747 50 1774 15 8852, 0 0 0 1 0 0 0 0 0 0
1515914782.54 4713 3041 11212 15171 1270 5478 84 1471 219 7913, 0 0 0 1 0 0 0 0 0 0
1515914783.6 4858 1793 8706 14209 1553 8121 78 430 29 6811, 0 0 0 1 0 0 0 0 0 0
1515914784.63 7050 3318 7448 15253 4291 13868 60 81 16 9427, 0 0 0 1 0 0 0 0 0 0
1515914785.65 5984 2445 5922 12518 2704 12910 87 97 15 7560, 0 0 0 1 0 0 0 0 0 0
1515914786.66 11691 5664 5305 10713 4119 15873 83 88 15 7655, 0 0 0 1 0 0 0 0 0 0
1515914787.69 13205 6492 4093 9050 6253 21220 67 70 17 9406, 0 0 0 1 0 0 0 0 0 0
1515914788.74 12450 5496 4001 8245 5757 22325 54 63 8 6346, 0 0 0 1 0 0 0 0 0 0
1515914789.77 12769 7658 6271 9337 6472 21046 35 49 6 5940, 0 0 0 1 0 0 0 0 0 0
1515914790.8 13279 10517 8555 10121 4752 20188 50 67 12 6100, 0 0 0 1 0 0 0 0 0 0
1515914791.82 11993 9283 9216 11530 2269 16086 93 107 19 8668, 0 0 0 1 0 0 0 0 0 0
1515914792.88 9871 7730 9543 13090 1294 14962 56 382 16 10984, 0 0 0 1 0 0 0 0 0 0
1515914793.94 8775 6343 15018 23541 1474 16004 113 1984 23 15312, 0 0 0 1 0 0 0 0 0 0
1515914794.96 4922 3859 10842 18904 2011 11307 79 1995 25 12484, 0 0 0 1 0 0 0 0 0 0
1515914796.0 4065 2660 9985 20128 1388 9623 38 1174 10 12736, 0 0 0 1 0 0 0 0 0 0
1515914797.04 5560 2815 11693 20463 1226 8004 41 1971 13 11021, 0 0 0 1 0 0 0 0 0 0
1515914798.07 4250 1662 10417 18818 730 7289 28 1003 7 9972, 0 0 0 1 0 0 0 0 0 0
1515914799.12 4870 2393 12110 20524 256 7652 36 820 10 10247, 0 0 0 1 0 0 0 0 0 0
1515914800.16 3209 1298 10513 18513 819 7387 31 756 4 8902, 0 0 0 1 0 0 0 0 0 0
1515914801.19 2048 1458 9574 20882 955 6956 32 606 15 8122, 0 0 0 1 0 0 0 0 0 0
1515914802.22 2742 1149 6035 16915 1666 8013 26 397 2 8206, 0 0 0 1 0 0 0 0 0 0
1515914803.27 3927 969 5695 17505 2446 10674 32 119 99 10587, 0 0 0 1 0 0 0 0 0 0
1515914804.33 3000 1072 5949 18673 4104 9661 35 50 618 9544, 0 0 0 1 0 0 0 0 0 0
1515914805.35 3434 927 5912 17458 4973 10285 32 48 298 8281, 0 0 0 1 0 0 0 0 0 0
1515914806.42 3692 1287 4930 18035 5130 11408 28 374 15 10110, 0 0 0 1 0 0 0 0 0 0
1515914807.47 7451 1947 5109 27149 11286 21491 46 1707 21 18229, 0 0 0 1 0 0 0 0 0 0
1515914808.52 4942 1242 2303 16764 8559 14582 39 535 12 11404, 0 0 0 1 0 0 0 0 0 0
1515914809.56 7051 2268 4310 14974 8346 11775 33 1134 144 7720, 0 0 0 1 0 0 0 0 0 0
1515914810.58 8257 1656 4028 14568 11455 13048 30 1721 11 5920, 0 0 0 1 0 0 0 0 0 0
1515914811.62 9564 1958 3324 14369 9811 11775 28 3109 10 6516, 0 0 0 1 0 0 0 0 0 0
1515914812.65 11408 3040 2662 12429 7866 11981 32 3249 9 6772, 0 0 0 1 0 0 0 0 0 0
1515914813.72 8493 1464 600 12591 8934 10542 30 2722 7 6457, 0 0 0 1 0 0 0 0 0 0
1515914814.75 9559 2079 1339 8664 12229 11529 24 2124 78 4766, 0 0 0 1 0 0 0 0 0 0
1515914815.77 10885 2109 2476 7986 10282 13910 25 1600 111 6950, 0 0 0 1 0 0 0 0 0 0
1515914816.81 8765 2391 3449 10407 11152 13724 25 2126 7 6945, 0 0 0 1 0 0 0 0 0 0
1515914817.85 6683 2871 3906 10562 10859 12849 37 797 18 7859, 0 0 0 1 0 0 0 0 0 0
1515914818.9 5196 1872 3244 9786 8477 11787 31 46 8 8624, 0 0 0 1 0 0 0 0 0 0
1515914819.93 8948 1718 3068 8551 9508 14921 34 213 13 8664, 0 0 0 1 0 0 0 0 0 0
1515914820.96 4566 867 1570 10865 7502 13707 36 36 17 14413, 0 0 0 1 0 0 0 0 0 0
1515914821.98 6564 1896 1836 10563 5310 13235 27 37 8 10927, 0 0 0 1 0 0 0 0 0 0
1515914822.98 3872 628 3016 14738 5468 11794 20 79 15 10032, 0 0 0 1 0 0 0 0 0 0
1515914824.01 1381 793 4280 16563 3776 9978 21 34 10 10030, 0 0 0 1 0 0 0 0 0 0
1515914825.03 1229 659 3682 18086 2362 8952 16 25 10 9694, 0 0 0 1 0 0 0 0 0 0
1515914826.05 1577 691 4502 18525 2585 10645 33 59 20 11050, 0 0 0 1 0 0 0 0 0 0
1515914827.08 4164 1563 2394 14473 3765 12731 30 155 12 11591, 0 0 0 1 0 0 0 0 0 0
1515914828.12 4455 3099 3579 15940 3226 11552 30 49 11 11427, 0 0 0 1 0 0 0 0 0 0
1515914829.18 3217 2055 2709 12938 2066 9477 47 58 16 10773, 0 0 0 1 0 0 0 0 0 0
1515914830.23 3493 2878 1991 14403 1698 9448 10 105 14 11365, 0 0 0 1 0 0 0 0 0 0
1515914831.28 4027 1851 2852 12806 1063 8368 17 47 9 9752, 0 0 0 1 0 0 0 0 0 0
1515914832.29 4783 4169 3059 14455 1203 6309 25 26 10 7327, 0 0 0 1 0 0 0 0 0 0
1515914833.3 4635 6622 3944 11974 1616 6170 30 37 12 6356, 0 0 0 1 0 0 0 0 0 0
1515914834.32 4156 6425 4103 15437 1514 5896 26 43 10 6495, 0 0 0 1 0 0 0 0 0 0
1515914835.35 5355 5539 4335 12830 1237 6895 32 41 10 7843, 0 0 0 1 0 0 0 0 0 0
1515914836.38 7335 4862 2872 13894 3319 9420 23 55 7 9706, 0 0 0 1 0 0 0 0 0 0
1515914837.41 9899 5198 2006 13341 4117 12895 15 21 9 10118, 0 0 0 1 0 0 0 0 0 0
1515914838.45 9627 4073 2759 14401 6325 15144 24 33 11 11507, 0 0 0 1 0 0 0 0 0 0
1515914839.51 13672 4355 2184 20340 10174 22229 31 43 19 17243, 0 0 0 1 0 0 0 0 0 0
1515914840.57 4988 770 403 10022 5057 10387 15 32 14 9059, 0 0 0 1 0 0 0 0 0 0
1515914841.61 6903 1458 1626 9569 5272 13430 9 14 8 9703, 0 0 0 1 0 0 0 0 0 0
1515914842.62 8334 2572 1299 11749 6612 15868 14 93 6 11325, 0 0 0 1 0 0 0 0 0 0
1515914843.63 6255 1533 1691 10065 4986 10816 19 155 12 8573, 0 0 0 1 0 0 0 0 0 0
1515914844.66 5291 1162 3124 10216 2768 10534 23 792 10 9391, 0 0 0 1 0 0 0 0 0 0
1515914845.67 6291 2394 3994 9077 3363 9032 11 1414 11 6592, 0 0 0 1 0 0 0 0 0 0
1515914846.69 8738 2671 5112 9533 2312 11044 15 1958 6 8118, 0 0 0 1 0 0 0 0 0 0
1515914847.71 7524 1699 4288 12957 3550 10556 11 1539 8 8000, 0 0 0 1 0 0 0 0 0 0
1515914848.72 10647 2423 7183 12865 3527 12564 8 2819 7 7945, 0 0 0 1 0 0 0 0 0 0
1515914849.75 9882 3028 7861 15992 2951 12706 14 2009 9 8612, 0 0 0 1 0 0 0 0 0 0
1515914850.79 10419 4887 9620 17662 4032 10759 11 2307 5 8673, 0 0 0 1 0 0 0 0 0 0
1515914851.86 9937 6156 8304 14321 4684 11635 7 2318 9 8390, 0 0 0 1 0 0 0 0 0 0
1515914852.89 9584 6457 7560 14314 4890 11698 6 867 6 7605, 0 0 0 1 0 0 0 0 0 0
1515914853.92 9307 3866 3944 12044 3973 10775 12 1419 13 7786, 0 0 0 1 0 0 0 0 0 0
1515914854.93 7928 3636 5484 13276 3986 11138 13 567 9 8076, 0 0 0 1 0 0 0 0 0 0
1515914855.95 7594 5835 7419 14723 4693 10478 15 32 7 8170, 0 0 0 1 0 0 0 0 0 0
1515914856.99 8272 9626 15085 26471 2933 14155 22 37 14 13626, 0 0 0 1 0 0 0 0 0 0
1515914858.03 6380 5518 8236 17015 1554 9584 18 38 10 9778, 0 0 0 1 0 0 0 0 0 0
1515914859.06 3188 1521 5450 18148 409 6217 28 39 6 8349, 0 0 0 1 0 0 0 0 0 0
1515914860.11 5619 3038 5381 16496 577 8191 23 36 8 9492, 0 0 0 1 0 0 0 0 0 0
1515914861.15 5014 1662 5224 15748 1010 8227 17 35 12 8772, 0 0 0 1 0 0 0 0 0 0
1515914862.17 2370 900 5691 18942 2425 8483 18 37 7 10213, 0 0 0 1 0 0 0 0 0 0
1515914863.24 3389 1153 4438 17524 1400 9241 29 38 12 12475, 0 0 0 1 0 0 0 0 0 0
1515914864.29 1730 1577 4865 16883 1807 7747 7 33 13 11508, 0 0 0 1 0 0 0 0 0 0
1515914865.33 2946 1539 3346 13992 2452 7924 12 26 10 10234, 0 0 0 1 0 0 0 0 0 0
1515914866.41 3388 1384 3004 15477 2550 7870 9 23 9 11327, 0 0 0 1 0 0 0 0 0 0
1515914867.43 2774 836 2359 12549 3111 8029 12 28 13 10172, 0 0 0 1 0 0 0 0 0 0
1515914868.46 2824 1067 3301 13213 4154 9990 13 30 9 9800, 0 0 0 1 0 0 0 0 0 0
1515914869.47 3947 1727 3599 11282 6118 12015 10 21 7 10406, 0 0 0 1 0 0 0 0 0 0
1515914870.55 6126 2672 5307 15191 5027 13855 12 26 11 9654, 0 0 0 1 0 0 0 0 0 0
1515914871.58 6433 2733 4077 12650 4715 14665 11 137 13 12144, 0 0 0 1 0 0 0 0 0 0
1515914872.6 6733 3280 3402 10582 7793 13889 18 25 8 8302, 0 0 0 1 0 0 0 0 0 0
1515914873.63 5822 3082 4716 9870 8664 13361 10 29 78 5987, 0 0 0 1 0 0 0 0 0 0
1515914874.67 8000 3654 2763 10422 9911 17055 15 37 17 7162, 0 0 0 1 0 0 0 0 0 0
1515914875.73 8509 3096 1411 11223 11350 19475 20 38 14 10439, 0 0 0 1 0 0 0 0 0 0
1515914876.75 8585 2727 1670 11447 9054 16144 16 37 9 7600, 0 0 0 1 0 0 0 0 0 0
1515914877.76 5848 1385 939 12432 6986 13857 16 33 17 9560, 0 0 0 1 0 0 0 0 0 0
1515914878.79 6486 1101 1754 14063 6141 12437 14 30 12 8791, 0 0 0 1 0 0 0 0 0 0
1515914879.82 4590 1015 2618 15462 4823 11006 12 22 11 9253, 0 0 0 1 0 0 0 0 0 0
1515914880.85 4553 1046 3415 15633 2659 8083 19 362 12 7454, 0 0 0 1 0 0 0 0 0 0
1515914881.86 4837 1076 4017 18325 2508 9303 28 54 16 9814, 0 0 0 1 0 0 0 0 0 0
1515914882.87 4817 1081 3562 18726 1894 8335 24 45 12 9879, 0 0 0 1 0 0 0 0 0 0
1515914883.9 6333 1980 2833 17048 1469 9265 30 140 11 9435, 0 0 0 1 0 0 0 0 0 0
1515914884.91 4640 1538 3089 14129 1350 6652 35 79 24 8504, 0 0 0 1 0 0 0 0 0 0
1515914885.94 4915 1333 2343 14666 1001 7084 36 50 15 9621, 0 0 0 1 0 0 0 0 0 0
1515914886.96 5630 1992 2539 11494 986 6601 31 708 6 7859, 0 0 0 1 0 0 0 0 0 0
1515914888.0 6017 771 1344 10509 1020 6972 23 1285 11 6219, 0 0 0 1 0 0 0 0 0 0
1515914889.03 20472 6990 5197 13789 3229 17277 52 5098 19 10687, 0 0 0 1 0 0 0 0 0 0
1515914890.07 16559 5306 5004 8422 1541 10660 35 4577 12 5191, 0 0 0 1 0 0 0 0 0 0
1515914891.11 15217 3354 4379 8637 2336 11632 33 3645 186 5676, 0 0 0 1 0 0 0 0 0 0
1515914892.14 18790 4619 2905 5945 2594 12332 36 4867 19 5481, 0 0 0 1 0 0 0 0 0 0
1515914893.18 16791 4276 1829 5874 3852 12535 38 3185 17 5236, 0 0 0 1 0 0 0 0 0 0
1515914894.2 17050 2564 2282 5967 3852 14329 25 5720 26 6047, 0 0 0 1 0 0 0 0 0 0
1515914895.22 19814 3127 4330 7267 4335 15163 29 6725 12 5909, 0 0 0 1 0 0 0 0 0 0
1515914896.25 19655 4817 2649 6234 5046 15345 30 6402 13 7053, 0 0 0 1 0 0 0 0 0 0
1515914897.27 18481 4961 3527 5607 5871 14447 40 6388 8 6433, 0 0 0 1 0 0 0 0 0 0
1515914898.29 20122 4641 3091 4755 6364 11535 28 8070 12 5118, 0 0 0 1 0 0 0 0 0 0
1515914899.31 20162 5501 3884 6995 6915 13054 61 6427 8 4897, 0 0 0 1 0 0 0 0 0 0
1515914900.33 16158 7793 4289 8479 4065 9942 57 4157 14 4991, 0 0 0 1 0 0 0 0 0 0
1515914901.35 16690 10396 5436 8135 2770 10707 60 3754 17 6302, 0 0 0 1 0 0 0 0 0 0
1515914902.36 14850 9697 4949 7998 2143 8713 34 3164 14 5108, 0 0 0 1 0 0 0 0 0 0
1515914903.39 14770 8401 3974 8359 2642 9371 68 1954 7 5789, 0 0 0 1 0 0 0 0 0 0
1515914904.41 18778 8354 3128 6808 3703 14917 44 3022 14 7256, 0 0 0 1 0 0 0 0 0 0
1515914905.45 20063 8498 2474 7401 3777 16807 50 2806 9 9266, 0 0 0 1 0 0 0 0 0 0
1515914906.47 18430 7833 3162 7454 5599 16884 58 2580 8 7170, 0 0 0 1 0 0 0 0 0 0
1515914907.49 17533 7137 2170 9232 6199 19432 27 655 6 6727, 0 0 0 1 0 0 0 0 0 0
1515914908.54 14539 5329 2839 9192 8046 19172 51 64 11 8158, 0 0 0 1 0 0 0 0 0 0
1515914909.56 20814 6575 4788 16541 9133 28580 65 74 9 12643, 0 0 0 1 0 0 0 0 0 0
1515914910.58 16145 4986 1927 10883 5704 22378 35 38 3 12023, 0 0 0 1 0 0 0 0 0 0
1515914911.6 16965 4842 2311 10233 3969 21885 32 1405 13 11889, 0 0 0 1 0 0 0 0 0 0
1515914912.62 16324 5476 3827 8519 3400 21202 31 1646 9 10752, 0 0 0 1 0 0 0 0 0 0
1515914913.64 12241 3064 3237 8436 3700 19902 33 2015 5 10944, 0 0 0 1 0 0 0 0 0 0
1515914914.65 12603 3853 5017 9147 3053 20790 28 2307 15 10850, 0 0 0 1 0 0 0 0 0 0
1515914915.67 13064 5091 9900 10541 1524 18260 28 3169 21 8994, 0 0 0 1 0 0 0 0 0 0
1515914916.7 14039 5621 10008 9748 1703 16697 29 2801 16 9407, 0 0 0 1 0 0 0 0 0 0
1515914917.73 12707 4768 11506 9748 2952 16227 31 2548 10 7559, 0 0 0 1 0 0 0 0 0 0
1515914918.77 12157 5994 13157 11227 2595 16048 24 2524 11 7511, 0 0 0 1 0 0 0 0 0 0
1515914919.79 12058 6044 12563 9530 3206 15828 29 1258 7 5817, 0 0 0 1 0 0 0 0 0 0
1515914920.81 11010 6178 13679 9402 3115 17016 40 527 15 6686, 0 0 0 1 0 0 0 0 0 0
1515914921.83 9806 5490 12578 10368 3825 15783 292 2808 8 5764, 0 0 0 1 0 0 0 0 0 0
1515914922.86 12705 5653 12604 9072 3917 15265 40 637 6 3452, 0 0 0 1 0 0 0 0 0 0
1515914923.87 13010 6014 6393 6847 4190 15455 48 131 5 3484, 0 0 0 1 0 0 0 0 0 0
1515914924.89 15157 4994 5319 10301 5051 21641 59 766 13 7518, 0 0 0 1 0 0 0 0 0 0
1515914925.91 17779 5370 3283 9232 4240 20243 45 1005 4 9287, 0 0 0 1 0 0 0 0 0 0
1515914926.95 17242 4249 3110 10941 2854 21484 25 1088 8 12634, 0 0 0 1 0 0 0 0 0 0
1515914927.97 18695 5521 2635 9448 4149 19398 24 1264 9 10671, 0 0 0 1 0 0 0 0 0 0
1515914929.0 18076 5118 4611 10914 3346 19201 26 447 8 10096, 0 0 0 1 0 0 0 0 0 0
1515914930.01 15136 4058 4206 10540 3131 18930 33 38 4 10693, 0 0 0 1 0 0 0 0 0 0
1515914931.04 15677 4880 3674 8909 4119 19239 34 90 7 9673, 0 0 0 1 0 0 0 0 0 0
1515914932.06 18522 6434 4737 9428 3539 23165 49 762 8 9486, 0 0 0 1 0 0 0 0 0 0
1515914933.09 10122 6222 10525 12239 4291 23404 64 2087 4 11954, 0 0 0 1 0 0 0 0 0 0
1515914934.11 9153 6466 6724 9283 1994 14127 38 2011 14 7913, 0 0 0 1 0 0 0 0 0 0
1515914935.13 10861 5373 6434 7939 3094 18135 36 2127 7 8981, 0 0 0 1 0 0 0 0 0 0
1515914936.15 9270 5393 6418 7771 3069 19959 33 1502 5 11495, 0 0 0 1 0 0 0 0 0 0
1515914937.17 8729 6096 10050 7198 2569 17671 51 2170 9 7901, 0 0 0 1 0 0 0 0 0 0
1515914938.2 9636 5639 11190 10110 4018 16350 57 2129 14 8150, 0 0 0 1 0 0 0 0 0 0
1515914939.23 10740 6146 7667 8694 3515 18049 29 1153 5 8541, 0 0 0 1 0 0 0 0 0 0
1515914940.25 10059 5574 8573 10574 4255 18402 60 359 13 9218, 0 0 0 1 0 0 0 0 0 0
1515914941.27 9898 3698 6091 11703 3517 19775 46 72 9 11594, 0 0 0 1 0 0 0 0 0 0
1515914942.29 10306 2899 3165 10649 5245 21070 50 262 11 11160, 0 0 0 1 0 0 0 0 0 0
1515914943.31 11161 3309 2563 8866 5984 21920 35 46 14 10004, 0 0 0 1 0 0 0 0 0 0
1515914944.35 11841 3459 3386 9644 5243 21167 47 55 9 10424, 0 0 0 1 0 0 0 0 0 0
1515914945.4 12834 3826 2063 9686 4542 20407 37 49 10 10101, 0 0 0 1 0 0 0 0 0 0
1515914946.42 13266 3793 2736 11987 3817 20148 25 46 6 9822, 0 0 0 1 0 0 0 0 0 0
1515914947.47 11934 3592 2580 13033 3149 17915 24 128 5 10837, 0 0 0 1 0 0 0 0 0 0
1515914948.5 12477 4656 3334 12686 2594 16795 28 267 6 10576, 0 0 0 1 0 0 0 0 0 0
1515914949.52 10704 5354 5169 10094 2942 19506 22 105 10 9381, 0 0 0 1 0 0 0 0 0 0
1515914950.54 11833 4850 4270 10697 2476 16108 20 35 4 11223, 0 0 0 1 0 0 0 0 0 0
1515914951.57 9617 4966 4521 12541 2708 15801 28 141 8 11227, 0 0 0 1 0 0 0 0 0 0
1515914952.62 13666 5367 5286 14883 2447 20716 77 1386 12 12519, 0 0 0 1 0 0 0 0 0 0
1515914953.66 9998 5437 3721 8455 1495 14742 50 1070 12 8249, 0 0 0 1 0 0 0 0 0 0
1515914954.73 8470 3594 2223 10295 1885 16554 44 891 9 9815, 0 0 0 1 0 0 0 0 0 0
1515914955.78 8271 3376 2697 11348 3010 15524 31 850 10 8558, 0 0 0 1 0 0 0 0 0 0
1515914956.8 8932 4440 3828 12494 3367 16390 84 2395 12 10618, 0 0 0 1 0 0 0 0 0 0
1515914957.82 9685 4345 3142 14222 3237 17005 72 3237 9 11522, 0 0 0 1 0 0 0 0 0 0
1515914958.84 13350 7307 2805 13637 3412 17217 52 3356 12 12401, 0 0 0 1 0 0 0 0 0 0
1515914959.86 11879 7595 3223 10750 3971 15884 61 1741 10 7860, 0 0 0 1 0 0 0 0 0 0
1515914960.88 9012 4449 2300 12614 3555 15544 35 50 9 9425, 0 0 0 1 0 0 0 0 0 0
1515914961.92 10207 5615 2971 13372 3637 17952 27 39 9 10704, 0 0 0 1 0 0 0 0 0 0
1515914962.95 6974 3122 3547 14070 3719 18386 37 64 10 11701, 0 0 0 1 0 0 0 0 0 0
1515914963.97 8476 3164 2309 10630 2544 16329 29 41 17 10209, 0 0 0 1 0 0 0 0 0 0
1515914964.99 8109 2967 3160 13730 2578 15930 26 240 17 9178, 0 0 0 1 0 0 0 0 0 0
1515914966.01 7699 3583 4770 12325 3031 19880 35 575 11 11327, 0 0 0 1 0 0 0 0 0 0
1515914967.03 8091 3802 5655 14468 3862 16517 23 42 13 7502, 0 0 0 1 0 0 0 0 0 0
1515914968.05 8832 2628 5624 12495 4594 17412 26 39 13 7985, 0 0 0 1 0 0 0 0 0 0
1515914969.07 9038 3344 5853 10939 3488 17797 26 40 10 8069, 0 0 0 1 0 0 0 0 0 0
1515914970.1 9541 3529 4091 9194 2601 17533 24 25 10 8618, 0 0 0 1 0 0 0 0 0 0
1515914971.12 14049 4958 7033 10150 5382 26525 28 44 7 10322, 0 0 0 1 0 0 0 0 0 0
1515914972.15 9803 3865 2597 7823 4064 18702 16 24 10 8005, 0 0 0 1 0 0 0 0 0 0
1515914973.16 9500 2788 1557 7369 3905 19826 19 37 12 9340, 0 0 0 1 0 0 0 0 0 0
1515914974.18 8170 1937 1315 7710 6566 21327 26 30 121 8561, 0 0 0 1 0 0 0 0 0 0
1515914975.2 8527 2352 832 8570 9136 21162 20 24 38 9487, 0 0 0 1 0 0 0 0 0 0
1515914976.22 8257 1864 638 6633 9136 21337 17 29 11 9376, 0 0 0 1 0 0 0 0 0 0
1515914977.23 7716 1735 1317 8466 6955 18859 21 420 14 9806, 0 0 0 1 0 0 0 0 0 0
1515914978.26 8704 2252 1675 8725 6777 18768 17 86 6 8036, 0 0 0 1 0 0 0 0 0 0
1515914979.28 9490 2807 3148 9959 7025 17961 18 29 17 6496, 0 0 0 1 0 0 0 0 0 0
1515914980.3 9230 2401 2918 9599 7087 20192 13 797 237 7951, 0 0 0 1 0 0 0 0 0 0
1515914981.32 9426 3373 2554 11624 8803 20275 15 166 22 8047, 0 0 0 1 0 0 0 0 0 0
1515914982.37 8701 3113 3118 13309 9009 20025 22 39 5 9937, 0 0 0 1 0 0 0 0 0 0
1515914983.39 8612 2268 2315 12947 7186 18263 20 29 2 8237, 0 0 0 1 0 0 0 0 0 0
1515914984.42 7907 2258 2429 14358 6370 18615 19 26 6 10376, 0 0 0 1 0 0 0 0 0 0
1515914985.46 8588 3129 2704 13320 5477 17828 37 42 4 9522, 0 0 0 1 0 0 0 0 0 0
1515914986.5 9457 4102 2178 12217 3444 18523 22 102 8 10794, 0 0 0 1 0 0 0 0 0 0
1515914987.52 9632 5917 5177 11987 2346 13677 33 388 6 6742, 0 0 0 1 0 0 0 0 0 0
1515914988.54 11200 5253 5195 11526 3744 15748 35 40 4 4866, 0 0 0 1 0 0 0 0 0 0
1515914989.57 11767 4963 3250 10582 3433 19066 38 41 7 7754, 0 0 0 1 0 0 0 0 0 0
1515914990.6 12395 4415 2420 8914 3845 19146 40 45 6 7944, 0 0 0 1 0 0 0 0 0 0
1515914991.63 18293 7142 3510 8461 2256 22710 32 48 4 9448, 0 0 0 1 0 0 0 0 0 0
1515914992.63 5363 2925 3576 9550 2859 16094 20 111 10 12254, 0 0 0 1 0 0 0 0 0 0
1515914993.65 15610 6317 4923 12824 3341 23638 51 83 4 14459, 0 0 0 1 0 0 0 0 0 0
1515914994.67 9669 3202 2195 10630 2060 16020 23 41 7 10135, 0 0 0 1 0 0 0 0 0 0
1515914995.69 8956 2256 1629 11723 3810 18444 21 45 12 13571, 0 0 0 1 0 0 0 0 0 0
1515914996.72 8237 2210 2520 16409 3486 19032 22 62 7 14699, 0 0 0 1 0 0 0 0 0 0
1515914997.75 8248 2039 921 14595 5224 19629 31 44 9 12549, 0 0 0 1 0 0 0 0 0 0
1515914998.8 8864 2395 655 13427 5241 19784 31 46 8 12658, 0 0 0 1 0 0 0 0 0 0
1515914999.83 8585 2877 1245 14197 3654 17502 34 126 9 12525, 0 0 0 1 0 0 0 0 0 0
1515915000.86 10396 3149 1867 13755 3832 17567 29 43 10 11476, 0 0 0 1 0 0 0 0 0 0
1515915001.88 12256 4161 1742 11486 4069 17456 21 42 12 7659, 0 0 0 1 0 0 0 0 0 0
1515915002.9 11564 4011 1799 11328 4328 14602 25 37 13 5878, 0 0 0 1 0 0 0 0 0 0
1515915003.94 9695 2437 866 10160 3272 14810 16 27 8 7375, 0 0 0 1 0 0 0 0 0 0
1515915004.96 10137 3206 1235 9196 3193 15698 26 41 8 7530, 0 0 0 1 0 0 0 0 0 0
1515915005.99 9995 3269 1743 9641 3340 17725 32 39 6 7996, 0 0 0 1 0 0 0 0 0 0
1515915007.0 9880 3437 3534 10284 2393 17644 19 31 10 9105, 0 0 0 1 0 0 0 0 0 0
1515915008.02 10785 4222 4255 10317 1958 18567 22 36 4 9978, 0 0 0 1 0 0 0 0 0 0
1515915009.05 10364 3425 3575 10082 2551 18181 17 28 11 12336, 0 0 0 1 0 0 0 0 0 0
1515915010.07 9865 3999 5999 10158 1318 17979 25 41 10 11099, 0 0 0 1 0 0 0 0 0 0
1515915011.1 10750 4284 4785 10121 1816 16274 15 29 8 10520, 0 0 0 1 0 0 0 0 0 0
1515915012.12 11191 5047 4387 12110 1565 16373 37 110 9 12062, 0 0 0 1 0 0 0 0 0 0
1515915013.14 10512 5819 7327 15172 1279 14819 32 52 9 11704, 0 0 0 1 0 0 0 0 0 0
1515915014.22 14218 7535 8387 18468 2523 20152 34 60 14 13119, 0 0 0 1 0 0 0 0 0 0
1515915015.25 8280 4316 7275 15950 1792 12000 28 34 9 9941, 0 0 0 1 0 0 0 0 0 0
1515915016.28 8920 4048 4618 12637 2290 12186 22 28 14 7258, 0 0 0 1 0 0 0 0 0 0
1515915017.3 8578 3933 3753 12462 1981 13449 14 140 9 8881, 0 0 0 1 0 0 0 0 0 0
1515915018.35 8265 2976 5182 14486 2233 14801 25 324 8 9861, 0 0 0 1 0 0 0 0 0 0
1515915019.37 8352 2755 3781 12791 1837 15196 21 37 10 10407, 0 0 0 1 0 0 0 0 0 0
1515915020.4 9391 3670 3477 12922 1973 15120 16 311 9 10056, 0 0 0 1 0 0 0 0 0 0
1515915021.43 12859 5992 4597 10878 2246 13873 33 1549 7 9389, 0 0 0 1 0 0 0 0 0 0
1515915022.45 14101 5511 3747 11945 2208 15701 27 2191 10 9848, 0 0 0 1 0 0 0 0 0 0
1515915023.47 15646 5387 3249 9503 1584 15519 39 2100 5 6596, 0 0 0 1 0 0 0 0 0 0
1515915024.52 12949 4813 3512 6877 1538 13801 30 2474 10 3866, 0 0 0 1 0 0 0 0 0 0
1515915025.55 11429 4866 2110 5734 1402 9439 44 2619 6 3565, 0 0 0 1 0 0 0 0 0 0
1515915026.56 12730 4336 1958 4770 2558 11476 50 3514 7 3992, 0 0 0 1 0 0 0 0 0 0
1515915027.59 14266 3747 910 5953 3602 15089 38 1222 10 4337, 0 0 0 1 0 0 0 0 0 0
1515915028.63 15605 5277 1941 6445 3137 14881 33 1309 8 3692, 0 0 0 1 0 0 0 0 0 0
1515915029.66 16053 6849 1843 6186 2610 15347 32 627 3 4137, 0 0 0 1 0 0 0 0 0 0
1515915030.69 24977 13545 5860 9696 3823 23108 32 96 13 4289, 0 0 0 1 0 0 0 0 0 0
1515915031.71 15608 10472 4836 7455 2841 18674 38 976 12 7807, 0 0 0 1 0 0 0 0 0 0
1515915032.75 12744 9040 6091 6634 2039 15197 39 1187 14 5332, 0 0 0 1 0 0 0 0 0 0
1515915033.79 10957 8638 5806 5788 2326 14836 26 1151 9 5277, 0 0 0 1 0 0 0 0 0 0
1515915034.8 10087 8386 7153 8523 2131 16487 22 1118 11 8487, 0 0 0 1 0 0 0 0 0 0
1515915035.83 13096 8370 5144 7392 2313 17687 26 2089 6 8045, 0 0 0 1 0 0 0 0 0 0
1515915036.87 13417 7764 3897 7472 2453 16509 30 1615 10 6411, 0 0 0 1 0 0 0 0 0 0
1515915037.91 10811 6662 2006 8722 4101 17537 18 1708 7 7393, 0 0 0 1 0 0 0 0 0 0
1515915038.98 8829 4266 1159 6445 3816 16790 19 428 9 7031, 0 0 0 1 0 0 0 0 0 0
1515915040.04 8504 4258 1646 6880 1547 15527 24 147 4 7044, 0 0 0 1 0 0 0 0 0 0
1515915041.07 6089 3473 2314 10109 1737 15948 28 409 4 7772, 0 0 0 1 0 0 0 0 0 0
1515915042.1 8819 5154 2101 6924 2166 17552 26 729 3 9203, 0 0 0 1 0 0 0 0 0 0
1515915043.13 8901 4401 2296 10031 3324 18205 29 488 3 9287, 0 0 0 1 0 0 0 0 0 0
1515915044.16 10397 5546 2753 9726 2618 17350 30 460 6 10200, 0 0 0 1 0 0 0 0 0 0
1515915045.18 10797 7551 2751 8164 3181 18376 36 868 3 10473, 0 0 0 1 0 0 0 0 0 0
1515915046.2 18201 11985 5073 12377 4988 21536 44 1418 8 10365, 0 0 0 1 0 0 0 0 0 0
1515915047.22 13406 10456 3824 8255 8026 24634 93 683 6 14752, 0 0 0 1 0 0 0 0 0 0
1515915048.23 16782 10923 3205 5166 3796 19617 50 814 6 8581, 0 0 0 1 0 0 0 0 0 0
1515915049.25 18405 11662 4555 6945 2371 17673 30 1091 8 8072, 0 0 0 1 0 0 0 0 0 0
1515915050.29 17147 11090 4329 6959 2839 16353 25 828 9 7955, 0 0 0 1 0 0 0 0 0 0
1515915051.31 15186 10903 6203 7147 2278 16223 33 2695 5 8022, 0 0 0 1 0 0 0 0 0 0
1515915052.34 14216 8687 7542 7694 2433 15445 29 2077 12 8237, 0 0 0 1 0 0 0 0 0 0
1515915053.38 11202 7517 6188 8676 2071 16267 38 2178 10 10913, 0 0 0 1 0 0 0 0 0 0
1515915054.4 9356 7126 8219 7374 1349 14322 32 3075 5 9861, 0 0 0 1 0 0 0 0 0 0
1515915055.44 10336 5065 8734 9274 2272 16646 37 1655 11 10108, 0 0 0 1 0 0 0 0 0 0
1515915056.49 9401 3391 11043 10488 1905 17300 31 2930 9 9956, 0 0 0 1 0 0 0 0 0 0
1515915057.53 8704 3320 12794 10259 1605 15900 21 3694 8 10477, 0 0 0 1 0 0 0 0 0 0
1515915058.57 9316 4257 10978 11611 1312 14802 22 2454 5 10571, 0 0 0 1 0 0 0 0 0 0
1515915059.58 9280 2996 9461 9624 1842 13324 24 2473 6 8941, 0 0 0 1 0 0 0 0 0 0
1515915060.61 11201 4029 6293 10843 2870 16500 28 1219 19 8944, 0 0 0 1 0 0 0 0 0 0
1515915061.63 10243 3513 4176 10216 3136 17350 19 34 9 8393, 0 0 0 1 0 0 0 0 0 0
1515915062.67 9550 3509 4097 11144 3893 18333 18 219 11 8977, 0 0 0 1 0 0 0 0 0 0
1515915063.71 9416 4104 5868 11120 2772 16344 23 42 6 8454, 0 0 0 1 0 0 0 0 0 0
1515915064.74 12381 3875 7550 20088 4481 25199 32 43 8 14281, 0 0 0 1 0 0 0 0 0 0
1515915065.79 9677 3192 4327 12200 2112 16938 14 26 10 9543, 0 0 0 1 0 0 0 0 0 0
1515915066.81 7602 1952 4057 12296 1399 17943 13 23 4 11491, 0 0 0 1 0 0 0 0 0 0
1515915067.83 9251 3152 4312 12682 1746 17497 22 27 9 13500, 0 0 0 1 0 0 0 0 0 0
1515915068.87 8869 2556 5837 13276 1927 16883 25 40 5 12800, 0 0 0 1 0 0 0 0 0 0
1515915069.91 9819 3087 3946 12388 1888 16517 18 39 6 11696, 0 0 0 1 0 0 0 0 0 0
1515915070.94 9739 3074 3574 11352 2177 17915 19 28 5 12303, 0 0 0 1 0 0 0 0 0 0
1515915071.97 8587 2485 1793 8609 1667 15923 15 31 2 10187, 0 0 0 1 0 0 0 0 0 0
1515915073.01 8572 1991 1781 11136 1486 14151 20 35 8 11681, 0 0 0 1 0 0 0 0 0 0
1515915074.05 8169 1785 1577 9949 1834 15101 19 26 6 9326, 0 0 0 1 0 0 0 0 0 0
1515915075.08 9145 2648 3541 11959 1491 16239 19 27 6 10470, 0 0 0 1 0 0 0 0 0 0
1515915076.12 9025 2382 2622 12220 1901 18919 22 33 7 13927, 0 0 0 1 0 0 0 0 0 0
1515915077.16 9476 2656 2444 12646 2625 18452 28 33 10 11998, 0 0 0 1 0 0 0 0 0 0
1515915078.18 8544 2473 2469 12000 2065 20072 20 109 5 13449, 0 0 0 1 0 0 0 0 0 0
1515915079.2 7823 2871 5615 12911 509 16602 46 245 4 12102, 0 0 0 1 0 0 0 0 0 0
1515915080.24 7606 2544 5236 13136 959 14911 56 107 6 10344, 0 0 0 1 0 0 0 0 0 0
1515915081.28 11342 3312 5361 20419 4619 21457 48 79 7 12172, 0 0 0 1 0 0 0 0 0 0
1515915082.3 8024 1848 2699 11830 5369 17473 34 47 9 6909, 0 0 0 1 0 0 0 0 0 0
1515915083.33 8598 2010 2675 12817 5213 16488 29 43 7 6781, 0 0 0 1 0 0 0 0 0 0
1515915084.36 7851 1991 1563 10607 5523 18407 33 136 7 8259, 0 0 0 1 0 0 0 0 0 0
1515915085.39 8566 2598 4129 9794 3703 18628 30 1289 8 9905, 0 0 0 1 0 0 0 0 0 0
1515915086.44 9469 4294 8137 9162 4888 15839 28 2887 8 9897, 0 0 0 1 0 0 0 0 0 0
1515915087.48 7946 3276 10339 10887 5477 13667 28 3911 9 7549, 0 0 0 1 0 0 0 0 0 0
1515915088.51 7833 4039 11196 8661 6955 14969 31 3687 7 6437, 0 0 0 1 0 0 0 0 0 0
1515915089.53 8262 3681 14009 7754 5371 13343 37 4775 6 4298, 0 0 0 1 0 0 0 0 0 0
1515915090.56 9592 3235 13296 7654 4714 15961 42 4218 12 7238, 0 0 0 1 0 0 0 0 0 0
1515915091.6 11547 6329 12314 5192 3423 14245 23 5548 10 5663, 0 0 0 1 0 0 0 0 0 0
1515915092.63 11884 4461 12442 5194 3746 14182 22 4277 7 5658, 0 0 0 1 0 0 0 0 0 0
1515915093.66 10766 3288 12247 6195 4502 13601 28 4185 7 5926, 0 0 0 1 0 0 0 0 0 0
1515915094.72 10984 4301 9912 8278 3827 17241 22 2261 17 9601, 0 0 0 1 0 0 0 0 0 0
1515915095.76 12021 5494 10862 7532 4462 16008 23 1759 5 5800, 0 0 0 1 0 0 0 0 0 0
1515915096.79 16484 6570 19284 14724 6450 23280 34 3549 14 8700, 0 0 0 1 0 0 0 0 0 0
1515915097.83 11126 3659 8943 8383 3337 17257 16 2946 1 6552, 0 0 0 1 0 0 0 0 0 0
1515915098.85 9540 4652 10628 8463 1149 15465 21 1919 19 7818, 0 0 0 1 0 0 0 0 0 0
1515915099.9 9845 5723 13099 10373 1380 12836 101 1621 101 7890, 0 0 0 1 0 0 0 0 0 0
1515915100.92 8862 5563 10777 10675 1834 14420 53 414 46 7598, 0 0 0 1 0 0 0 0 0 0
1515915101.94 7456 4939 11451 13084 2051 13382 47 63 14 8567, 0 0 0 1 0 0 0 0 0 0
1515915102.97 7450 4790 12503 10957 2556 13849 59 69 51 7656, 0 0 0 1 0 0 0 0 0 0
1515915103.98 6338 5458 12801 9071 1919 11554 67 77 30 6313, 0 0 0 1 0 0 0 0 0 0
1515915105.01 5237 4443 9711 11739 4682 14513 52 440 29 9926, 0 0 0 1 0 0 0 0 0 0
1515915106.03 5405 3930 9645 9848 4302 15265 71 669 30 9623, 0 0 0 1 0 0 0 0 0 0
1515915107.06 5429 3528 8574 9521 4656 15227 206 1158 41 9209, 0 0 0 1 0 0 0 0 0 0
1515915108.08 6686 3073 7783 9205 3727 16559 189 1818 55 9419, 0 0 0 1 0 0 0 0 0 0
1515915109.11 7613 3655 7658 10209 2979 13846 127 3302 43 11265, 0 0 0 1 0 0 0 0 0 0
1515915110.14 5764 3480 6712 12344 2834 14505 137 2738 41 12214, 0 0 0 1 0 0 0 0 0 0
1515915111.16 5665 1053 4889 11540 3630 14384 117 2957 55 9611, 0 0 0 1 0 0 0 0 0 0
1515915112.18 5837 947 4256 9826 2115 16137 107 3371 34 13685, 0 0 0 1 0 0 0 0 0 0
1515915113.2 5798 1237 3581 11263 1925 18404 80 1337 34 13739, 0 0 0 1 0 0 0 0 0 0
1515915114.21 8245 2105 2492 9170 1742 18086 93 469 15 11230, 0 0 0 1 0 0 0 0 0 0
1515915115.24 7370 2202 3743 11686 2586 17059 86 101 22 11605, 0 0 0 1 0 0 0 0 0 0
1515915116.26 7398 2595 3650 12241 2191 17216 70 88 17 12034, 0 0 0 1 0 0 0 0 0 0
1515915117.3 14059 5953 9329 16438 3291 22259 147 479 30 12551, 0 0 0 1 0 0 0 0 0 0
1515915118.33 11417 4597 6526 11288 2325 17317 81 395 19 8078, 0 0 0 1 0 0 0 0 0 0
1515915119.37 11850 5170 7504 11102 2609 18282 99 150 18 8819, 0 0 0 1 0 0 0 0 0 0
1515915120.41 11268 4698 8703 11225 2847 16032 49 504 10 8031, 0 0 0 1 0 0 0 0 0 0
1515915121.44 8723 2850 5903 13668 3171 14773 32 698 6 7474, 0 0 0 1 0 0 0 0 0 0
1515915122.47 10023 3232 5895 12304 2429 14646 27 1049 6 9219, 0 0 0 1 0 0 0 0 0 0
1515915123.52 9215 2921 4243 11283 3043 14768 13 1353 7 8817, 0 0 0 1 0 0 0 0 0 0
1515915124.55 11040 2763 3699 11052 5500 17068 48 1663 12 10092, 0 0 0 1 0 0 0 0 0 0
1515915125.58 9644 2598 3213 12798 4024 17122 30 704 9 11469, 0 0 0 1 0 0 0 0 0 0
1515915126.61 10755 2008 2839 11394 5114 19823 38 156 8 11164, 0 0 0 1 0 0 0 0 0 0
1515915127.63 10563 3966 3240 11630 4643 17497 31 97 7 10566, 0 0 0 1 0 0 0 0 0 0
1515915128.66 13265 4551 2403 10318 4497 18673 41 58 12 8941, 0 0 0 1 0 0 0 0 0 0
1515915129.68 12899 3770 2127 10626 5111 18622 30 35 8 5926, 0 0 0 1 0 0 0 0 0 0
1515915130.73 13800 3979 2105 10630 6181 21649 22 40 10 7406, 0 0 0 1 0 0 0 0 0 0
1515915131.78 12709 3297 2049 10610 5299 20654 19 27 8 7939, 0 0 0 1 0 0 0 0 0 0
1515915132.81 16494 6402 5623 14021 8261 31337 46 62 8 8958, 0 0 0 1 0 0 0 0 0 0
1515915133.83 9796 3615 2799 9691 4070 18863 17 25 8 7480, 0 0 0 1 0 0 0 0 0 0
1515915134.87 8286 2200 2750 10961 4436 20015 19 39 10 8675, 0 0 0 1 0 0 0 0 0 0
1515915135.9 8601 1542 3812 10337 4219 19065 14 20 8 7875, 0 0 0 1 0 0 0 0 0 0
1515915136.93 8519 2303 3575 10050 4124 16925 13 233 10 8016, 0 0 0 1 0 0 0 0 0 0
1515915137.98 9177 2758 5327 10540 3068 16213 17 47 8 7774, 0 0 0 1 0 0 0 0 0 0
1515915139.02 8334 1820 3124 9570 3786 16395 17 29 8 8360, 0 0 0 1 0 0 0 0 0 0
1515915140.05 7987 1817 2673 7894 2973 14302 12 28 9 5555, 0 0 0 1 0 0 0 0 0 0
1515915141.07 9399 2312 2275 7482 3270 14458 17 31 4 6686, 0 0 0 1 0 0 0 0 0 0
1515915142.1 10282 3232 2009 8624 3812 17044 17 28 7 7085, 0 0 0 1 0 0 0 0 0 0
1515915143.12 9913 3608 1954 7077 3635 16754 13 26 8 6626, 0 0 0 1 0 0 0 0 0 0
1515915144.15 8786 2437 2371 8103 3684 15300 15 31 5 5494, 0 0 0 1 0 0 0 0 0 0
1515915145.17 9726 3102 2282 6430 4058 16519 21 39 14 4446, 0 0 0 1 0 0 0 0 0 0
1515915146.19 8637 2720 3342 5926 4353 16751 20 28 5 4458, 0 0 0 1 0 0 0 0 0 0
1515915147.21 11880 4264 3917 6724 2920 16038 27 1276 6 4869, 0 0 0 1 0 0 0 0 0 0
1515915148.25 12700 3589 7214 9438 3426 14656 30 2186 12 4120, 0 0 0 1 0 0 0 0 0 0
1515915149.29 14723 5211 4785 5431 2177 15450 34 2571 15 4618, 0 0 0 1 0 0 0 0 0 0
1515915150.31 13242 3221 6268 6547 1745 13841 27 1738 3 5632, 0 0 0 1 0 0 0 0 0 0
1515915151.33 19993 4540 7704 12503 5041 25021 54 1634 7 11813, 0 0 0 1 0 0 0 0 0 0
1515915152.35 10338 2586 7461 10064 4681 14651 33 1413 6 7041, 0 0 0 1 0 0 0 0 0 0
1515915153.38 9495 3409 7086 11586 4893 15705 34 681 9 13042, 0 0 0 1 0 0 0 0 0 0
1515915154.4 6744 2815 9016 11058 5206 14806 39 68 7 11923, 0 0 0 1 0 0 0 0 0 0
1515915155.42 7051 3119 6636 9494 5418 15572 40 52 5 12521, 0 0 0 1 0 0 0 0 0 0
1515915156.45 7999 2712 5411 11700 5205 16001 35 38 12 14844, 0 0 0 1 0 0 0 0 0 0
1515915157.48 7437 2512 5158 11373 5744 17804 27 40 6 14254, 0 0 0 1 0 0 0 0 0 0
1515915158.52 7602 1691 6105 12612 3763 17441 23 33 6 12857, 0 0 0 1 0 0 0 0 0 0
1515915159.55 8485 2113 4897 10463 2536 17656 28 36 9 11148, 0 0 0 1 0 0 0 0 0 0
1515915160.57 8340 2270 5105 9973 2285 17936 22 832 10 9780, 0 0 0 1 0 0 0 0 0 0
1515915161.6 8612 2403 5162 10833 1878 17227 17 1310 9 12019, 0 0 0 1 0 0 0 0 0 0
1515915162.62 9253 2277 3067 10812 1845 18256 19 1339 10 12881, 0 0 0 1 0 0 0 0 0 0
1515915163.64 11639 2984 1616 10774 2641 16485 12 2330 6 11690, 0 0 0 1 0 0 0 0 0 0
1515915164.7 11427 3063 635 9609 3397 19748 24 1463 4 12322, 0 0 0 1 0 0 0 0 0 0
1515915165.73 14382 2682 871 7671 5165 22261 23 1434 5 9900, 0 0 0 1 0 0 0 0 0 0
1515915166.76 14705 3681 642 7986 4259 21413 21 732 3 8142, 0 0 0 1 0 0 0 0 0 0
1515915167.78 14777 2390 2296 10831 3275 20181 25 35 8 9823, 0 0 0 1 0 0 0 0 0 0
1515915168.81 10733 3267 3672 10966 2823 19542 33 38 0 9458, 0 0 0 1 0 0 0 0 0 0
1515915169.83 10415 2752 2144 10621 4427 18210 25 43 7 11187, 0 0 0 1 0 0 0 0 0 0
1515915170.89 13459 3561 3985 16769 5766 27124 44 58 16 18726, 0 0 0 1 0 0 0 0 0 0
1515915171.92 10106 2956 3616 12529 3913 16975 19 27 5 12818, 0 0 0 1 0 0 0 0 0 0
1515915172.95 9551 2510 2945 13115 4680 17152 27 1119 15 13666, 0 0 0 1 0 0 0 0 0 0
1515915173.98 8976 1491 2715 10902 3951 16819 25 592 7 10843, 0 0 0 1 0 0 0 0 0 0
1515915175.0 8598 1917 3520 13175 4975 18442 22 26 10 13503, 0 0 0 1 0 0 0 0 0 0
1515915176.02 7383 1926 3787 12660 5141 16509 14 28 7 12123, 0 0 0 1 0 0 0 0 0 0
1515915177.04 9489 2615 2478 12354 4104 18735 15 24 10 11846, 0 0 0 1 0 0 0 0 0 0
1515915178.08 8157 1345 1815 12092 4009 16649 20 37 5 9671, 0 0 0 1 0 0 0 0 0 0
1515915179.12 10683 3713 2259 13733 4126 17720 21 29 3 12721, 0 0 0 1 0 0 0 0 0 0
1515915180.17 6423 947 1203 13759 4208 15748 24 32 6 10229, 0 0 0 1 0 0 0 0 0 0
1515915181.21 6791 1519 2533 13218 1997 13285 17 25 5 10372, 0 0 0 1 0 0 0 0 0 0
1515915182.24 8202 1842 1531 10707 2379 16599 32 48 7 12470, 0 0 0 1 0 0 0 0 0 0
1515915183.26 8669 2246 1448 10956 3034 16488 22 41 3 11973, 0 0 0 1 0 0 0 0 0 0
1515915184.28 7872 1905 82 7760 4599 17817 22 30 5 9888, 0 0 0 1 0 0 0 0 0 0
1515915185.31 8196 2615 3657 9229 4900 18134 17 996 14 9270, 0 0 0 1 0 0 0 0 0 0
1515915186.34 8392 2074 4137 7018 5085 18818 23 905 4 10745, 0 0 0 1 0 0 0 0 0 0
1515915187.38 8675 1865 4693 9136 4291 20393 21 1455 8 12340, 0 0 0 1 0 0 0 0 0 0
1515915188.41 12126 3022 7010 15374 7100 26472 31 3009 13 16294, 0 0 0 1 0 0 0 0 0 0
1515915189.45 9271 2420 4032 8988 5266 16392 19 1331 10 8824, 0 0 0 1 0 0 0 0 0 0
1515915190.47 7260 1530 3860 9351 5526 12981 12 29 6 7524, 0 0 0 1 0 0 0 0 0 0
1515915191.5 5926 1377 2865 9790 4421 13033 18 40 9 6710, 0 0 0 1 0 0 0 0 0 0
1515915192.54 7306 1638 2401 8464 4301 16362 24 34 3 7777, 0 0 0 1 0 0 0 0 0 0
1515915193.58 4932 817 1227 7853 5208 14220 16 17 6 7620, 0 0 0 1 0 0 0 0 0 0
1515915194.6 5427 528 685 8348 1601 14394 21 49 2 8195, 0 0 0 1 0 0 0 0 0 0
1515915195.63 6740 1151 1223 8657 2890 17021 25 457 8 10521, 0 0 0 1 0 0 0 0 0 0
1515915196.68 9219 1167 807 8081 3062 17474 15 803 2 8902, 0 0 0 1 0 0 0 0 0 0
1515915197.74 11452 2274 1159 7071 2263 14997 22 1759 7 7694, 0 0 0 1 0 0 0 0 0 0
1515915198.78 11134 1906 666 5968 2070 13726 18 2077 10 5572, 0 0 0 1 0 0 0 0 0 0
1515915199.83 13676 2814 1412 6366 2177 15495 22 1650 6 5921, 0 0 0 1 0 0 0 0 0 0
1515915200.86 11321 2079 1174 8386 2499 13242 20 389 11 7234, 0 0 0 1 0 0 0 0 0 0
1515915201.92 11861 1799 1744 12644 2073 22682 44 569 14 12778, 0 0 0 1 0 0 0 0 0 0
1515915202.98 10388 1928 2144 11087 2979 17896 31 117 8 10957, 0 0 0 1 0 0 0 0 0 0
1515915204.02 8401 1474 1709 10871 2730 14557 21 39 4 7960, 0 0 0 1 0 0 0 0 0 0
1515915205.06 10190 3157 3185 13929 4399 17180 33 36 6 12961, 0 0 0 1 0 0 0 0 0 0
1515915206.09 10142 2341 2612 14277 3213 16486 28 34 9 10133, 0 0 0 1 0 0 0 0 0 0
1515915207.13 9959 2652 2344 15351 3988 15061 26 30 3 11596, 0 0 0 1 0 0 0 0 0 0
1515915208.15 7861 2540 4058 14046 2791 12140 30 46 9 8775, 0 0 0 1 0 0 0 0 0 0
1515915209.21 7421 2086 3383 13188 4623 14891 22 36 9 10563, 0 0 0 1 0 0 0 0 0 0
1515915210.23 6498 2139 4966 14396 4299 14776 33 50 8 10285, 0 0 0 1 0 0 0 0 0 0
1515915211.26 7708 2486 4543 13932 4179 16258 21 147 6 9489, 0 0 0 1 0 0 0 0 0 0
1515915212.33 9352 1670 3502 12249 3405 16461 15 69 9 8331, 0 0 0 1 0 0 0 0 0 0
1515915213.35 8692 1654 3210 11497 4174 16487 22 32 6 8198, 0 0 0 1 0 0 0 0 0 0
1515915214.38 6580 1138 4038 13905 2017 14549 16 519 6 8357, 0 0 0 1 0 0 0 0 0 0
1515915215.4 13145 3337 6016 13499 4130 26789 33 2441 8 13704, 0 0 0 1 0 0 0 0 0 0
1515915216.44 9584 2383 4259 8640 2912 19177 15 1758 7 6879, 0 0 0 1 0 0 0 0 0 0
1515915217.46 9911 3114 6486 8589 3087 17141 30 645 11 5738, 0 0 0 1 0 0 0 0 0 0
1515915218.49 11712 3729 7567 7514 2517 17441 22 903 6 6527, 0 0 0 1 0 0 0 0 0 0
1515915219.51 14497 4385 4241 7192 2645 16402 27 260 6 5674, 0 0 0 1 0 0 0 0 0 0
1515915220.53 15114 4325 5040 6374 2641 15536 26 37 9 4984, 0 0 0 1 0 0 0 0 0 0
1515915221.57 15228 4882 3279 9550 3353 19717 20 27 9 9893, 0 0 0 1 0 0 0 0 0 0
1515915222.62 13860 4077 3618 9909 3520 19015 37 45 8 9169, 0 0 0 1 0 0 0 0 0 0
1515915223.67 13555 3509 3047 9992 3257 20955 32 36 13 11765, 0 0 0 1 0 0 0 0 0 0
1515915224.69 9812 2075 4786 11907 2607 17592 25 33 7 9032, 0 0 0 1 0 0 0 0 0 0
1515915225.73 10317 3185 2118 9342 4344 18152 27 41 8 11247, 0 0 0 1 0 0 0 0 0 0
1515915226.75 7557 2300 1838 9906 3091 16383 29 45 6 10733, 0 0 0 1 0 0 0 0 0 0
1515915227.78 7157 1848 2053 12246 3204 17953 31 39 14 12815, 0 0 0 1 0 0 0 0 0 0
1515915228.79 7663 2791 3522 13998 2960 17224 27 37 8 10540, 0 0 0 1 0 0 0 0 0 0
1515915229.82 7555 2293 2607 13043 4127 17124 33 45 11 9363, 0 0 0 1 0 0 0 0 0 0
1515915230.84 7522 2249 3473 14765 4001 19398 23 28 4 11231, 0 0 0 1 0 0 0 0 0 0
1515915231.87 7481 1988 3018 10610 4617 17543 32 41 5 9545, 0 0 0 1 0 0 0 0 0 0
1515915232.88 7580 1926 2398 10224 5744 19374 18 39 2 9543, 0 0 0 1 0 0 0 0 0 0
1515915233.9 7717 1404 1974 12252 4020 19998 28 42 6 10887, 0 0 0 1 0 0 0 0 0 0
1515915234.92 12581 2976 2119 12842 3513 19444 30 40 9 9734, 0 0 0 1 0 0 0 0 0 0
1515915235.94 7610 1190 2470 14664 5185 22534 30 39 10 13719, 0 0 0 1 0 0 0 0 0 0
1515915236.97 7029 1632 2541 11816 3897 17599 22 31 13 8829, 0 0 0 1 0 0 0 0 0 0
1515915237.99 6740 1296 2454 11201 3888 17041 21 25 7 7692, 0 0 0 1 0 0 0 0 0 0
1515915239.02 5097 1001 1765 12510 4933 15824 13 26 4 6653, 0 0 0 1 0 0 0 0 0 0
1515915240.08 6194 1664 4173 12985 3380 16854 21 31 9 7330, 0 0 0 1 0 0 0 0 0 0
1515915241.09 6060 2700 3705 13260 2733 19299 25 36 5 13482, 0 0 0 1 0 0 0 0 0 0
1515915242.11 4488 1921 5245 13912 2352 18228 29 44 5 13482, 0 0 0 1 0 0 0 0 0 0
1515915243.13 4008 1767 5562 12563 2547 16490 20 28 6 9322, 0 0 0 1 0 0 0 0 0 0
1515915244.14 6015 1599 3369 10686 2150 15526 23 34 5 9251, 0 0 0 1 0 0 0 0 0 0
1515915245.16 8280 2332 1419 10003 2140 16988 16 28 5 11390, 0 0 0 1 0 0 0 0 0 0
1515915246.18 9655 2519 1284 10079 2270 16083 33 249 12 12043, 0 0 0 1 0 0 0 0 0 0
1515915247.19 9981 2627 1392 10463 2508 16453 16 34 11 12472, 0 0 0 1 0 0 0 0 0 0
1515915248.25 7620 2476 1340 11411 2572 16689 19 33 4 12673, 0 0 0 1 0 0 0 0 0 0
1515915249.27 6259 1567 1022 11580 3918 17538 19 27 8 12234, 0 0 0 1 0 0 0 0 0 0
1515915250.31 6748 1371 1416 10631 4048 19365 25 46 7 10832, 0 0 0 1 0 0 0 0 0 0
1515915251.36 8533 3158 2401 11083 5331 17254 15 88 5 15224, 0 0 0 1 0 0 0 0 0 0
1515915252.43 10880 4304 1279 9598 6559 22954 13 45 5 15514, 0 0 0 1 0 0 0 0 0 0
1515915253.48 14037 3874 3486 13913 5396 30755 26 2585 14 19987, 0 0 0 1 0 0 0 0 0 0
1515915254.53 7782 1440 2346 10377 2782 18167 25 46 10 10356, 0 0 0 1 0 0 0 0 0 0
1515915255.59 7176 1467 2322 7011 3194 17508 10 110 3 7939, 0 0 0 1 0 0 0 0 0 0
1515915256.64 6020 2036 1741 7957 3885 16992 21 61 7 7865, 0 0 0 1 0 0 0 0 0 0
1515915257.67 4969 972 2939 7112 2964 13509 38 367 8 5953, 0 0 0 1 0 0 0 0 0 0
1515915258.7 7049 802 1193 5599 2767 18024 31 251 5 7627, 0 0 0 1 0 0 0 0 0 0
1515915259.73 10069 1848 621 6647 3578 19430 23 145 11 10513, 0 0 0 1 0 0 0 0 0 0
1515915260.75 7176 862 1333 9806 2940 16920 30 48 6 9208, 0 0 0 1 0 0 0 0 0 0
1515915261.78 8129 1489 864 9693 3897 19243 30 45 6 10675, 0 0 0 1 0 0 0 0 0 0
1515915262.8 8631 2019 877 10068 4358 19940 24 32 5 13661, 0 0 0 1 0 0 0 0 0 0
1515915263.83 6529 1228 622 9809 2662 19566 22 40 6 13695, 0 0 0 1 0 0 0 0 0 0
1515915264.86 7639 2239 1129 10747 3012 20056 37 53 4 15569, 0 0 0 1 0 0 0 0 0 0
1515915265.88 9205 3587 1946 10590 1588 19251 30 323 14 13899, 0 0 0 1 0 0 0 0 0 0
1515915266.9 9990 3519 2362 8205 2120 17407 37 487 9 11793, 0 0 0 1 0 0 0 0 0 0
1515915267.92 9010 3002 3850 8039 4170 17126 37 941 12 9680, 0 0 0 1 0 0 0 0 0 0
1515915268.95 9190 3919 5120 9831 3940 16875 36 1195 185 7767, 0 0 0 1 0 0 0 0 0 0
1515915269.97 14180 4770 9488 11557 6725 22641 30 4320 83 9017, 0 0 0 1 0 0 0 0 0 0
1515915271.0 10350 4208 7137 10087 6025 16099 45 2913 14 7040, 0 0 0 1 0 0 0 0 0 0
1515915272.02 8565 3458 5910 9381 6657 15642 33 1880 5 6040, 0 0 0 1 0 0 0 0 0 0
1515915273.03 9673 4343 7707 7263 6760 16445 39 2332 19 6618, 0 0 0 1 0 0 0 0 0 0
1515915274.05 9765 3999 6836 6925 5310 15981 41 1436 3 5051, 0 0 0 1 0 0 0 0 0 0
1515915275.06 10201 4767 5548 8828 6511 16098 34 902 8 8822, 0 0 0 1 0 0 0 0 0 0
1515915276.09 7913 3675 3737 8965 6269 18334 78 664 2 13097, 0 0 0 1 0 0 0 0 0 0
1515915277.12 7949 3207 3668 9491 5897 17677 61 933 9 12170, 0 0 0 1 0 0 0 0 0 0
1515915278.16 8640 1868 1128 10641 4925 20284 52 160 8 11229, 0 0 0 1 0 0 0 0 0 0
1515915279.18 8450 1801 1195 12620 4065 18387 47 53 4 13844, 0 0 0 1 0 0 0 0 0 0
1515915280.2 8295 1893 2070 12382 5325 15751 34 42 6 10115, 0 0 0 1 0 0 0 0 0 0
1515915281.22 10285 1924 2752 11677 6641 15867 33 45 5 6966, 0 0 0 1 0 0 0 0 0 0
1515915282.24 13081 2752 1394 7278 5789 17571 38 42 2 6973, 0 0 0 1 0 0 0 0 0 0
1515915283.33 12038 2044 760 7953 7296 18245 44 52 6 7279, 0 0 0 1 0 0 0 0 0 0
1515915284.39 12046 2406 577 5638 6097 16366 43 73 11 5544, 0 0 0 1 0 0 0 0 0 0
1515915285.47 12953 2352 970 6537 4437 16605 35 386 4 6667, 0 0 0 1 0 0 0 0 0 0
1515915286.5 16178 2835 1598 7809 7781 21838 72 455 5 8205, 0 0 0 1 0 0 0 0 0 0
1515915287.54 14298 2851 1169 6614 4020 17633 41 48 9 7502, 0 0 0 1 0 0 0 0 0 0
1515915288.57 13552 2407 1194 6236 3196 16362 26 130 5 7987, 0 0 0 1 0 0 0 0 0 0
1515915289.59 13165 1438 1459 9304 2949 18681 37 54 9 9899, 0 0 0 1 0 0 0 0 0 0
1515915290.63 13696 3228 1458 8132 4684 21063 24 59 4 10165, 0 0 0 1 0 0 0 0 0 0
1515915291.66 13364 2747 1924 7567 6168 20772 33 50 17 7486, 0 0 0 1 0 0 0 0 0 0
1515915292.68 15701 3691 1391 8041 4827 19343 31 41 8 5793, 0 0 0 1 0 0 0 0 0 0
1515915293.74 14944 4527 2935 7290 3049 16045 31 45 7 3814, 0 0 0 1 0 0 0 0 0 0
1515915294.77 14459 3657 2125 9710 3340 17360 33 87 6 6645, 0 0 0 1 0 0 0 0 0 0
1515915295.79 13769 3876 1536 9283 2360 16830 34 527 12 7887, 0 0 0 1 0 0 0 0 0 0
1515915296.81 15067 4209 1370 7734 3690 19491 34 936 6 8094, 0 0 0 1 0 0 0 0 0 0
1515915297.83 11990 4026 1916 7892 2121 14647 39 993 6 8306, 0 0 0 1 0 0 0 0 0 0
1515915298.85 13066 2880 1582 9781 3665 15568 30 1707 3 8481, 0 0 0 1 0 0 0 0 0 0
1515915299.88 12697 3384 1131 9331 3651 19802 34 654 10 9506, 0 0 0 1 0 0 0 0 0 0
1515915300.91 15136 4113 873 8665 4285 17962 33 107 12 6936, 0 0 0 1 0 0 0 0 0 0
1515915301.95 15206 3592 839 6949 5067 20633 38 47 9 9091, 0 0 0 1 0 0 0 0 0 0
1515915302.98 14901 3846 278 6133 4297 24020 31 540 11 10882, 0 0 0 1 0 0 0 0 0 0
1515915304.02 24572 6136 2331 10540 5191 32345 63 1477 7 14488, 0 0 0 1 0 0 0 0 0 0
1515915305.04 17955 4367 2017 7084 3297 18988 39 1400 5 7846, 0 0 0 1 0 0 0 0 0 0
1515915306.08 18029 4533 2130 7905 2915 20344 31 1512 7 7407, 0 0 0 1 0 0 0 0 0 0
1515915307.12 17356 4016 2137 7035 4075 20060 41 1373 6 6270, 0 0 0 1 0 0 0 0 0 0
1515915308.17 19818 5531 1867 6293 5598 21933 36 1087 11 5370, 0 0 0 1 0 0 0 0 0 0
1515915309.2 18289 4138 2200 7675 4914 21632 28 817 7 5599, 0 0 0 1 0 0 0 0 0 0
1515915310.22 13596 2977 1946 10032 4516 17383 36 1143 6 6994, 0 0 0 1 0 0 0 0 0 0
1515915311.27 13232 2884 2920 8422 4495 16066 44 973 10 5172, 0 0 0 1 0 0 0 0 0 0
1515915312.29 11695 2247 1783 9961 4495 16901 39 1081 8 6572, 0 0 0 1 0 0 0 0 0 0
1515915313.31 10518 2046 2226 11138 3977 17112 27 990 8 8184, 0 0 0 1 0 0 0 0 0 0
1515915314.33 12621 3378 1087 7640 4011 18961 32 814 4 8525, 0 0 0 1 0 0 0 0 0 0
1515915315.36 12095 2487 1336 10502 4107 19745 46 784 6 11091, 0 0 0 1 0 0 0 0 0 0
1515915316.39 12569 2741 944 10652 4859 23418 38 209 6 12932, 0 0 0 1 0 0 0 0 0 0
1515915317.43 13199 3261 672 10162 3757 22750 38 44 4 12561, 0 0 0 1 0 0 0 0 0 0
1515915318.5 13205 3260 433 9480 3631 23501 53 72 6 12268, 0 0 0 1 0 0 0 0 0 0
1515915319.54 12684 3160 1920 9381 3379 21387 49 67 5 12357, 0 0 0 1 0 0 0 0 0 0
1515915320.54 13097 4104 1774 10144 3081 19512 37 43 9 12466, 0 0 0 1 0 0 0 0 0 0
1515915321.56 13121 5171 3768 14018 4947 23493 62 61 9 14997, 0 0 0 1 0 0 0 0 0 0
1515915322.62 20516 6709 3768 15087 5385 28773 62 85 12 14997, 0 0 0 1 0 0 0 0 0 0
1515915323.62 14769 4656 2392 9045 2866 18182 36 47 6 7532, 0 0 0 1 0 0 0 0 0 0
1515915324.62 14805 3472 2012 8884 3207 18099 42 51 14 7426, 0 0 0 1 0 0 0 0 0 0
1515915325.64 14805 3472 2012 8884 3207 18099 42 51 14 7426, 0 0 0 1 0 0 0 0 0 0
1515915326.68 13789 3124 3979 10112 2625 17558 44 50 6 6566, 0 0 0 1 0 0 0 0 0 0
1515915327.71 13030 2943 1919 10553 2079 16506 37 46 13 8824, 0 0 0 1 0 0 0 0 0 0
1515915328.73 12439 2487 2245 10769 1846 16726 22 32 4 7862, 0 0 0 1 0 0 0 0 0 0
1515915329.75 13563 3122 1691 8157 2514 19953 28 33 5 10372, 0 0 0 1 0 0 0 0 0 0
1515915330.78 12567 3015 427 8797 3745 19093 24 51 5 10301, 0 0 0 1 0 0 0 0 0 0
1515915331.84 12215 2552 1070 7808 3333 19900 34 72 10 9874, 0 0 0 1 0 0 0 0 0 0
1515915332.85 11655 2287 1969 8475 3134 18193 30 147 9 6371, 0 0 0 1 0 0 0 0 0 0
1515915333.88 13488 3428 684 5907 2765 17995 30 475 5 5692, 0 0 0 1 0 0 0 0 0 0
1515915334.94 17478 4146 1617 5349 3176 17847 25 2136 3 3619, 0 0 0 1 0 0 0 0 0 0
1515915336.0 18361 4002 3758 5335 2062 16289 29 3003 8 3292, 0 0 0 1 0 0 0 0 0 0
1515915337.04 15675 2921 3013 5291 2308 15080 43 4660 1 3453, 0 0 0 1 0 0 0 0 0 0
1515915338.07 23679 4894 5185 9082 2612 21376 44 5857 9 6165, 0 0 0 1 0 0 0 0 0 0
1515915339.09 16532 3597 2367 5559 1943 17740 41 2313 5 5555, 0 0 0 1 0 0 0 0 0 0
1515915340.11 14595 2950 2140 4379 3152 17222 32 2371 6 4951, 0 0 0 1 0 0 0 0 0 0
1515915341.14 14392 3159 2358 6282 3279 18585 37 2238 4 6917, 0 0 0 1 0 0 0 0 0 0
1515915342.16 16319 3209 1934 3279 3106 17260 36 3364 8 4018, 0 0 0 1 0 0 0 0 0 0
1515915343.16 17882 3371 1832 1899 3709 17477 32 3497 2 1801, 0 0 0 1 0 0 0 0 0 0
1515915344.18 13642 3175 1742 2962 3291 16372 40 2273 9 2463, 0 0 0 1 0 0 0 0 0 0
1515915345.2 14836 3160 1646 7360 3673 16874 39 4085 10 4559, 0 0 0 1 0 0 0 0 0 0
1515915346.22 11979 2204 1859 7292 2367 18122 64 3767 8 7436, 0 0 0 1 0 0 0 0 0 0
1515915347.24 12623 3898 2414 6133 3141 18601 35 2781 8 6997, 0 0 0 1 0 0 0 0 0 0
1515915348.27 13394 2876 2125 7480 4011 19169 33 2583 6 7190, 0 0 0 1 0 0 0 0 0 0
1515915349.28 15442 4993 2086 6133 3756 18371 37 2666 3 5557, 0 0 0 1 0 0 0 0 0 0
1515915350.3 13995 1854 2006 7993 4106 21105 26 2943 6 7494, 0 0 0 1 0 0 0 0 0 0
1515915351.31 15898 3708 1436 6350 4076 16847 22 2598 4 6803, 0 0 0 1 0 0 0 0 0 0
1515915352.36 12171 1431 1181 5979 3212 16528 30 2465 7 7772, 0 0 0 1 0 0 0 0 0 0
1515915353.41 12987 3363 1641 7064 3479 17165 25 1856 5 9429, 0 0 0 1 0 0 0 0 0 0
1515915354.44 13413 2504 1348 4921 4128 18662 31 1768 5 8725, 0 0 0 1 0 0 0 0 0 0
1515915355.46 17837 3898 1058 3993 5149 21922 30 1680 5 7930, 0 0 0 1 0 0 0 0 0 0
1515915356.51 16390 2769 1521 6001 3556 20526 21 2161 10 7997, 0 0 0 1 0 0 0 0 0 0
1515915357.54 16391 3349 1969 6411 2256 18955 28 2731 8 9817, 0 0 0 1 0 0 0 0 0 0
1515915358.56 18017 3221 2329 7472 1700 17032 17 4414 7 7384, 0 0 0 1 0 0 0 0 0 0
1515915359.6 26272 5990 5202 8264 3016 23833 36 4549 8 6727, 0 0 0 1 0 0 0 0 0 0
1515915360.64 15760 3379 3947 7659 2952 16729 34 3535 10 7422, 0 0 0 1 0 0 0 0 0 0
1515915361.67 14900 2599 3202 8748 2747 17257 48 2119 4 6806, 0 0 0 1 0 0 0 0 0 0
1515915362.71 14341 3846 2889 8325 2883 17479 36 1473 11 8266, 0 0 0 1 0 0 0 0 0 0
1515915363.76 12085 3229 3962 7863 2139 16039 32 1030 6 8685, 0 0 0 1 0 0 0 0 0 0
1515915364.85 11618 2776 2239 8802 2172 17859 46 317 12 8303, 0 0 0 1 0 0 0 0 0 0
1515915365.9 10973 1706 1863 6936 2250 18244 37 1123 6 7978, 0 0 0 1 0 0 0 0 0 0
1515915366.94 11252 2062 1686 7296 1221 13525 31 467 3 8818, 0 0 0 1 0 0 0 0 0 0
1515915367.99 10712 4611 2639 7250 2718 13063 38 744 8 8770, 0 0 0 1 0 0 0 0 0 0
1515915369.03 9770 3558 3191 9446 1941 9403 33 1901 5 7259, 0 0 0 1 0 0 0 0 0 0
1515915370.07 8092 3110 3229 12628 2683 11067 34 48 5 9721, 0 0 0 1 0 0 0 0 0 0
1515915371.14 12868 4186 4039 18357 5719 20613 39 65 12 12152, 0 0 0 1 0 0 0 0 0 0
1515915372.17 8639 2846 2593 10043 4135 14077 54 60 11 7064, 0 0 0 1 0 0 0 0 0 0
1515915373.19 8598 2055 2269 8737 1555 11835 35 279 7 4603, 0 0 0 1 0 0 0 0 0 0
1515915374.21 10930 2935 3566 7630 2117 14642 40 660 7 6127, 0 0 0 1 0 0 0 0 0 0
1515915375.23 12089 1833 2048 9353 1127 15964 54 1100 8 7544, 0 0 0 1 0 0 0 0 0 0
1515915376.25 11675 1688 1521 8422 1344 14467 21 937 4 6850, 0 0 0 1 0 0 0 0 0 0
1515915377.27 11137 2319 1472 9955 1038 14064 21 671 5 8145, 0 0 0 1 0 0 0 0 0 0
1515915378.29 13389 2220 2377 7526 2369 17425 27 1156 7 8208, 0 0 0 1 0 0 0 0 0 0
1515915379.32 15056 3080 2852 10789 3051 17858 36 338 5 9247, 0 0 0 1 0 0 0 0 0 0
1515915380.34 15539 3158 1774 9554 3282 16728 32 87 9 8866, 0 0 0 1 0 0 0 0 0 0
1515915381.38 14015 1584 2464 9204 3330 18822 21 1777 4 8757, 0 0 0 1 0 0 0 0 0 0
1515915382.41 13594 1305 1522 8946 5984 21902 25 1277 4 8097, 0 0 0 1 0 0 0 0 0 0
1515915383.43 13193 1004 753 10291 4814 20386 31 916 5 10044, 0 0 0 1 0 0 0 0 0 0
1515915384.47 13662 1173 666 8634 3867 21130 24 1439 7 10499, 0 0 0 1 0 0 0 0 0 0
1515915385.5 18948 2285 728 6767 4503 21136 21 4395 1 9346, 0 0 0 1 0 0 0 0 0 0
1515915386.54 18226 2922 909 4503 3506 20642 16 2368 6 5707, 0 0 0 1 0 0 0 0 0 0
1515915387.56 15949 3012 1187 6527 2834 20762 20 1932 8 9716, 0 0 0 1 0 0 0 0 0 0
1515915388.6 15764 2634 1003 7325 3750 19724 13 3014 6 9338, 0 0 0 1 0 0 0 0 0 0
1515915389.62 24007 5373 937 9904 5776 32317 33 3466 10 16088, 0 0 0 1 0 0 0 0 0 0
1515915390.65 15445 3830 275 6856 3671 22487 25 1762 5 11576, 0 0 0 1 0 0 0 0 0 0
1515915391.67 13536 3240 237 6724 4930 21725 28 958 4 11203, 0 0 0 1 0 0 0 0 0 0
1515915392.68 13363 2783 87 6664 4480 21770 18 214 9 10277, 0 0 0 1 0 0 0 0 0 0
1515915393.7 11451 1726 269 6421 4679 20702 27 41 17 9668, 0 0 0 1 0 0 0 0 0 0
1515915394.72 13239 2897 780 8362 6595 22886 33 37 2 8708, 0 0 0 1 0 0 0 0 0 0
1515915395.73 14131 1895 753 7991 8141 24324 38 814 3 9033, 0 0 0 1 0 0 0 0 0 0
1515915396.75 14100 1984 1908 7602 6745 23711 34 2078 8 8081, 0 0 0 1 0 0 0 0 0 0
1515915397.77 12833 1436 1455 7177 7634 22679 36 1158 4 9087, 0 0 0 1 0 0 0 0 0 0
1515915398.78 13277 1870 900 9026 8602 26292 22 26 7 11928, 0 0 0 1 0 0 0 0 0 0
1515915399.81 11419 1889 1209 8419 8612 24617 29 37 3 12265, 0 0 0 1 0 0 0 0 0 0
1515915400.83 11029 2379 1281 7766 7451 21191 21 24 5 9919, 0 0 0 1 0 0 0 0 0 0
1515915401.85 11542 1971 1158 7968 6062 21953 25 31 10 9673, 0 0 0 1 0 0 0 0 0 0
1515915402.87 9736 2211 911 8467 5014 20617 31 31 8 11521, 0 0 0 1 0 0 0 0 0 0
1515915403.9 11265 2690 1184 7033 5643 22088 27 32 5 8144, 0 0 0 1 0 0 0 0 0 0
1515915404.92 13312 2548 963 6746 6171 22901 35 41 8 6230, 0 0 0 1 0 0 0 0 0 0
1515915405.95 12748 2807 696 5261 5629 24223 23 49 3 7913, 0 0 0 1 0 0 0 0 0 0
1515915406.99 11260 2740 2462 7647 3720 21323 48 69 1 8261, 0 0 0 1 0 0 0 0 0 0
1515915408.03 9860 2459 1874 8636 3899 17923 32 43 6 8247, 0 0 0 1 0 0 0 0 0 0
1515915409.06 8372 1417 2021 9790 3996 18918 21 31 5 11331, 0 0 0 1 0 0 0 0 0 0
1515915410.09 9451 1677 1983 10694 4046 17698 24 27 1 8414, 0 0 0 1 0 0 0 0 0 0
1515915411.11 7422 1108 1207 10773 4440 19470 26 41 2 9706, 0 0 0 1 0 0 0 0 0 0
1515915412.14 13224 2435 3063 15198 5833 28929 43 54 4 15131, 0 0 0 1 0 0 0 0 0 0
1515915413.17 6353 879 2979 10231 3369 18391 44 57 2 8287, 0 0 0 1 0 0 0 0 0 0
1515915414.2 7001 1346 1335 10358 3259 18224 29 35 3 9882, 0 0 0 1 0 0 0 0 0 0
1515915415.23 7692 1177 1790 13126 3369 21148 30 43 5 12066, 0 0 0 1 0 0 0 0 0 0
1515915416.26 9112 2471 2079 12665 3822 19739 31 44 8 11294, 0 0 0 1 0 0 0 0 0 0
1515915417.3 8354 1884 2040 12098 4566 19691 28 40 8 9264, 0 0 0 1 0 0 0 0 0 0
1515915418.35 9232 2270 1413 10664 4378 20479 18 30 3 10215, 0 0 0 1 0 0 0 0 0 0
1515915419.4 8533 1808 1234 9614 4233 18337 25 85 5 8162, 0 0 0 1 0 0 0 0 0 0
1515915420.43 8066 1581 2145 9638 4768 17109 28 1162 7 6663, 0 0 0 1 0 0 0 0 0 0
1515915421.46 6991 1239 2162 12599 5830 18719 23 870 161 9050, 0 0 0 1 0 0 0 0 0 0
1515915422.48 8278 2026 3886 9848 5835 18205 33 2870 12 7819, 0 0 0 1 0 0 0 0 0 0
1515915423.5 9248 2154 3943 6034 5635 18821 38 2574 10 5405, 0 0 0 1 0 0 0 0 0 0
1515915424.53 8361 2470 7106 9121 4301 18103 66 2433 190 6233, 0 0 0 1 0 0 0 0 0 0
1515915425.55 6743 2168 9606 9776 5906 19646 38 2564 566 10288, 0 0 0 1 0 0 0 0 0 0
1515915426.57 7445 1474 7249 8668 5767 20852 55 1879 366 10245, 0 0 0 1 0 0 0 0 0 0
1515915427.62 8050 2148 5646 9166 5818 21041 61 1281 9 10183, 0 0 0 1 0 0 0 0 0 0
1515915428.66 6804 1851 4892 11029 8966 19167 51 1147 11 11177, 0 0 0 1 0 0 0 0 0 0
1515915429.69 11131 2541 9419 15584 12586 32091 73 2408 15 17494, 0 0 0 1 0 0 0 0 0 0
1515915430.71 8906 2484 3567 9790 9062 24668 36 42 7 10556, 0 0 0 1 0 0 0 0 0 0
1515915431.72 9089 3177 3406 8716 9151 22787 35 46 10 8637, 0 0 0 1 0 0 0 0 0 0
1515915432.74 11418 4172 3335 9350 7716 21123 48 1339 12 9681, 0 0 0 1 0 0 0 0 0 0
1515915433.77 12294 2290 3766 9272 2856 20536 44 2368 1 9433, 0 0 0 1 0 0 0 0 0 0
1515915434.79 13294 3628 4566 9473 6010 21560 31 2992 4 11482, 0 0 0 1 0 0 0 0 0 0
1515915435.81 14230 3672 1940 9920 4507 23599 27 1023 7 14323, 0 0 0 1 0 0 0 0 0 0
1515915436.84 12657 3164 3610 11339 3508 22219 40 1192 7 13253, 0 0 0 1 0 0 0 0 0 0
1515915437.86 11130 2457 5728 10164 3352 19131 35 2119 9 10281, 0 0 0 1 0 0 0 0 0 0
1515915438.91 9864 2730 4460 10238 2135 18035 35 1165 5 11380, 0 0 0 1 0 0 0 0 0 0
1515915439.94 9635 2033 4025 13877 3201 19352 36 38 6 13119, 0 0 0 1 0 0 0 0 0 0
1515915440.96 7192 1569 2481 14395 5303 20722 36 190 11 14087, 0 0 0 1 0 0 0 0 0 0
1515915441.98 7759 1747 4341 15533 7497 21523 193 199 157 11988, 0 0 0 1 0 0 0 0 0 0
1515915443.01 5921 2210 6131 14930 8038 18240 28 41 10 8932, 0 0 0 1 0 0 0 0 0 0
1515915444.04 3478 1364 3853 12581 5830 16926 38 50 9 8128, 0 0 0 1 0 0 0 0 0 0
1515915445.07 3203 1752 5553 12834 6732 16751 40 48 8 7895, 0 0 0 1 0 0 0 0 0 0
1515915446.1 4419 1497 3617 10708 7521 17337 38 41 5 8980, 0 0 0 1 0 0 0 0 0 0
1515915447.12 4263 1763 3302 12787 6155 16411 28 38 10 8188, 0 0 0 1 0 0 0 0 0 0
1515915448.14 6366 2535 3512 13290 6373 13959 22 45 9 9155, 0 0 0 1 0 0 0 0 0 0
1515915449.17 4925 2618 4096 13377 7832 13550 23 38 8 12587, 0 0 0 1 0 0 0 0 0 0
1515915450.2 5743 1835 4656 18593 11201 15575 22 47 10 9542, 0 0 0 1 0 0 0 0 0 0
1515915451.26 8400 1656 2412 16679 4959 21701 30 78 9 17206, 0 0 0 1 0 0 0 0 0 0
1515915452.26 6296 1837 3850 15194 4203 16882 19 34 7 11068, 0 0 0 1 0 0 0 0 0 0
1515915453.29 6421 1610 2927 11985 3842 17338 19 34 14 10987, 0 0 0 1 0 0 0 0 0 0
1515915454.31 7142 2120 2784 14074 3601 17308 23 37 251 13534, 0 0 0 1 0 0 0 0 0 0
1515915455.33 8463 2861 3531 15300 4322 19843 14 28 11 15899, 0 0 0 1 0 0 0 0 0 0
1515915456.35 8312 2582 3438 14089 5184 21572 30 46 2 16619, 0 0 0 1 0 0 0 0 0 0
1515915457.37 9009 2258 2634 13924 5680 19735 27 843 6 15668, 0 0 0 1 0 0 0 0 0 0
1515915458.42 10970 2370 2963 11134 5360 19517 32 2110 6 12977, 0 0 0 1 0 0 0 0 0 0
1515915459.45 12640 3792 2179 10942 6512 19125 26 1536 3 11069, 0 0 0 1 0 0 0 0 0 0
1515915460.48 10250 1809 2337 9028 6394 18303 32 1683 5 8132, 0 0 0 1 0 0 0 0 0 0
1515915461.5 16712 5277 1866 5514 6475 20776 31 1211 8 6760, 0 0 0 1 0 0 0 0 0 0
1515915462.53 17447 5749 2820 6534 6286 19105 28 1339 8 6099, 0 0 0 1 0 0 0 0 0 0
1515915463.54 15347 4126 2502 6695 4816 16183 49 1712 8 5143, 0 0 0 1 0 0 0 0 0 0
1515915464.57 11414 3297 3849 9931 2749 15916 60 613 10 8767, 0 0 0 1 0 0 0 0 0 0
1515915465.6 10086 2601 3400 11144 3602 14579 42 138 7 8541, 0 0 0 1 0 0 0 0 0 0
1515915466.62 9859 2794 2506 10996 2461 14993 31 87 9 11412, 0 0 0 1 0 0 0 0 0 0
1515915467.66 12846 3239 3392 11514 3251 18705 27 1066 6 9837, 0 0 0 1 0 0 0 0 0 0
1515915468.68 12912 2547 3637 9763 3521 20351 32 774 7 9060, 0 0 0 1 0 0 0 0 0 0
1515915469.7 15702 3636 3856 9602 5392 25118 37 2379 5 9691, 0 0 0 1 0 0 0 0 0 0
1515915470.74 23805 5021 5025 13530 2312 25166 25 3660 5 14736, 0 0 0 1 0 0 0 0 0 0
1515915471.81 14833 5065 4797 10017 1358 16494 27 1178 4 9205, 0 0 0 1 0 0 0 0 0 0
1515915472.87 14748 4456 3712 10191 2212 19749 20 36 3 10702, 0 0 0 1 0 0 0 0 0 0
1515915473.89 11736 2474 2721 8951 1937 20101 31 34 8 11763, 0 0 0 1 0 0 0 0 0 0
1515915474.9 16167 4161 2271 7381 2971 20568 24 35 3 7864, 0 0 0 1 0 0 0 0 0 0
1515915475.92 13549 4081 3697 9033 3401 20432 22 27 9 9372, 0 0 0 1 0 0 0 0 0 0
1515915476.94 12483 1865 3200 11575 3138 21429 33 40 7 10541, 0 0 0 1 0 0 0 0 0 0
1515915477.96 13362 2431 1961 7975 3390 19865 39 45 9 7679, 0 0 0 1 0 0 0 0 0 0
1515915479.0 13587 2783 1526 9509 3417 18410 24 25 6 8013, 0 0 0 1 0 0 0 0 0 0
1515915480.01 10678 2096 2738 9621 3464 19693 25 36 6 8661, 0 0 0 1 0 0 0 0 0 0
1515915481.05 7639 1878 2631 12803 3416 15457 25 41 13 9784, 0 0 0 1 0 0 0 0 0 0
1515915482.13 7922 2141 2998 14592 2880 15884 21 34 4 13250, 0 0 0 1 0 0 0 0 0 0
1515915483.13 7948 2065 2564 15588 2798 15957 20 23 4 12825, 0 0 0 1 0 0 0 0 0 0
1515915484.15 9216 2119 2116 12791 1635 15339 25 32 4 10134, 0 0 0 1 0 0 0 0 0 0
1515915485.2 7087 1773 2492 14399 4485 15811 25 41 7 8047, 0 0 0 1 0 0 0 0 0 0
1515915486.22 8635 2557 2349 13105 3807 16956 21 44 8 10957, 0 0 0 1 0 0 0 0 0 0
1515915487.26 11419 3245 2626 16358 8988 23449 34 55 3 9547, 0 0 0 1 0 0 0 0 0 0
1515915488.32 6748 1870 980 8382 5239 13845 34 45 6 5877, 0 0 0 1 0 0 0 0 0 0
1515915489.36 5505 1330 185 9250 3681 13105 31 37 5 6807, 0 0 0 1 0 0 0 0 0 0
1515915490.38 8657 2475 262 6242 5571 14704 25 40 7 5612, 0 0 0 1 0 0 0 0 0 0
1515915491.42 7863 2147 924 5866 4758 13583 22 53 6 3044, 0 0 0 1 0 0 0 0 0 0
1515915492.47 9211 2899 2253 8474 5529 15964 28 45 7 5251, 0 0 0 1 0 0 0 0 0 0
1515915493.5 8711 3338 3660 9095 3026 15392 22 328 4 5054, 0 0 0 1 0 0 0 0 0 0
1515915494.53 9370 2579 3451 9848 2268 14996 22 1112 5 5097, 0 0 0 1 0 0 0 0 0 0
1515915495.57 13787 3500 2792 9393 2677 15449 31 1678 5 4450, 0 0 0 1 0 0 0 0 0 0
1515915496.6 15648 3625 3543 8801 1760 14128 33 2796 7 5931, 0 0 0 1 0 0 0 0 0 0
1515915497.65 15412 2985 2819 5287 1620 17060 22 4436 5 7025, 0 0 0 1 0 0 0 0 0 0
1515915498.69 15367 3242 1566 4251 1996 15942 48 4031 4 6737, 0 0 0 1 0 0 0 0 0 0
1515915499.74 10439 2114 424 3285 1417 14907 34 2126 2 7355, 0 0 0 1 0 0 0 0 0 0
1515915500.76 18326 4324 1324 10066 2115 23985 41 2813 11 15339, 0 0 0 1 0 0 0 0 0 0
1515915501.81 12934 2882 1328 9417 1724 15795 30 1844 3 11021, 0 0 0 1 0 0 0 0 0 0
1515915502.82 11695 3012 2101 9902 2106 14681 23 421 3 8217, 0 0 0 1 0 0 0 0 0 0
1515915503.84 10486 2660 2058 8435 1222 12289 38 1165 5 6902, 0 0 0 1 0 0 0 0 0 0
1515915504.87 10820 2904 3594 12082 1871 14161 26 1277 6 7960, 0 0 0 1 0 0 0 0 0 0
1515915505.9 9462 3505 5019 13214 2005 14681 30 419 6 7899, 0 0 0 1 0 0 0 0 0 0
1515915506.91 8072 1819 4330 16562 1741 15700 21 36 8 8765, 0 0 0 1 0 0 0 0 0 0
1515915507.95 13298 4587 4041 14124 2578 15803 27 316 8 7390, 0 0 0 1 0 0 0 0 0 0
1515915508.97 12155 2749 3506 13948 2584 16209 17 1596 7 5726, 0 0 0 1 0 0 0 0 0 0
1515915509.99 13217 3322 3741 11364 2948 15078 15 1782 9 6127, 0 0 0 1 0 0 0 0 0 0
1515915511.02 13378 2483 2862 11416 2666 15604 27 3193 5 5174, 0 0 0 1 0 0 0 0 0 0
1515915512.08 13846 3052 2395 9562 3614 16193 22 1492 11 5112, 0 0 0 1 0 0 0 0 0 0
1515915513.11 11157 2187 3305 8630 3472 17277 24 2230 6 6000, 0 0 0 1 0 0 0 0 0 0
1515915514.15 8362 1213 1357 7796 2228 17631 15 938 9 5976, 0 0 0 1 0 0 0 0 0 0
1515915515.18 13478 3652 3345 7794 5305 19005 22 949 10 6773, 0 0 0 1 0 0 0 0 0 0
1515915516.21 15784 4264 2374 6277 4650 21351 23 1037 15 6764, 0 0 0 1 0 0 0 0 0 0
1515915517.24 13069 3924 3768 7809 5232 20559 38 1132 14 7428, 0 0 0 1 0 0 0 0 0 0
1515915518.26 14550 3970 3617 5481 6605 22270 27 2193 12 7177, 0 0 0 1 0 0 0 0 0 0
1515915519.3 23499 5007 6794 10870 6829 28298 62 4059 16 8147, 0 0 0 1 0 0 0 0 0 0
1515915520.33 19138 4156 4217 6527 3773 17705 30 3163 8 4708, 0 0 0 1 0 0 0 0 0 0
1515915521.35 18899 4456 4605 6010 5232 19715 44 4009 6 4760, 0 0 0 1 0 0 0 0 0 0
1515915522.37 18493 4640 1909 6974 7762 23110 35 1331 10 9299, 0 0 0 1 0 0 0 0 0 0
1515915523.4 15967 4167 2146 6212 6717 20219 36 1605 4 8298, 0 0 0 1 0 0 0 0 0 0
1515915524.41 13767 2570 1375 6965 6632 18443 34 1776 10 8207, 0 0 0 1 0 0 0 0 0 0
1515915525.42 14368 3404 2518 8421 6100 19225 59 1314 5 8736, 0 0 0 1 0 0 0 0 0 0
1515915526.48 15065 2523 2020 8391 5303 19563 60 1228 5 10348, 0 0 0 1 0 0 0 0 0 0
1515915527.52 14834 3109 3049 8904 5894 19363 38 1192 11 9569, 0 0 0 1 0 0 0 0 0 0
1515915528.55 14665 2841 2069 8888 5220 20253 32 1088 8 11208, 0 0 0 1 0 0 0 0 0 0
1515915529.59 13732 2131 3025 9906 4871 18221 36 823 7 9500, 0 0 0 1 0 0 0 0 0 0
1515915530.62 13504 4546 4547 8388 3142 15474 31 1845 4 8513, 0 0 0 1 0 0 0 0 0 0
1515915531.66 15415 5527 5096 5622 2749 15954 31 1726 10 6387, 0 0 0 1 0 0 0 0 0 0
1515915532.69 13001 5705 4714 6885 3842 15356 29 1048 2 7059, 0 0 0 1 0 0 0 0 0 0
1515915533.75 12790 4863 4978 8636 2646 15532 31 1610 6 6980, 0 0 0 1 0 0 0 0 0 0
1515915534.77 12123 2659 5027 10472 2638 17077 56 2095 3 5880, 0 0 0 1 0 0 0 0 0 0
1515915535.79 19950 5441 6011 10936 4353 20497 51 2888 8 6725, 0 0 0 1 0 0 0 0 0 0
1515915536.81 16258 4408 5125 11435 5831 20726 56 4457 5 10116, 0 0 0 1 0 0 0 0 0 0
1515915537.83 13295 3721 2780 10197 4169 16928 38 3287 6 7779, 0 0 0 1 0 0 0 0 0 0
1515915538.86 11372 2975 3118 7190 5237 18056 47 2861 8 6251, 0 0 0 1 0 0 0 0 0 0
1515915539.9 10601 2471 2732 7551 4914 17577 38 2431 9 5926, 0 0 0 1 0 0 0 0 0 0
1515915540.92 12653 2781 2018 7852 4846 18243 34 2132 14 7100, 0 0 0 1 0 0 0 0 0 0
1515915541.94 11491 2412 2501 8142 4447 19982 45 1878 7 9104, 0 0 0 1 0 0 0 0 0 0
1515915542.98 10996 2939 1676 7321 3591 20241 28 969 14 10660, 0 0 0 1 0 0 0 0 0 0
1515915543.99 10171 2894 2324 7394 2328 17559 30 782 4 8789, 0 0 0 1 0 0 0 0 0 0
1515915545.01 10158 3884 3727 7471 2770 18756 39 588 7 9709, 0 0 0 1 0 0 0 0 0 0
1515915546.04 11590 4524 3937 10160 3604 18085 35 78 4 8374, 0 0 0 1 0 0 0 0 0 0
1515915547.06 12336 4485 3134 10516 4542 19296 30 64 7 11918, 0 0 0 1 0 0 0 0 0 0
1515915548.11 9871 2846 2970 10122 4586 19712 25 42 7 10655, 0 0 0 1 0 0 0 0 0 0
1515915549.13 10105 3453 4402 12183 4982 19355 24 42 7 10597, 0 0 0 1 0 0 0 0 0 0
1515915550.15 12336 4520 2917 10583 6345 20220 23 37 11 9828, 0 0 0 1 0 0 0 0 0 0
1515915551.17 10492 3570 2782 10917 7409 20946 22 41 6 10910, 0 0 0 1 0 0 0 0 0 0
1515915552.2 9663 2186 1627 9686 7655 20818 24 35 9 8922, 0 0 0 1 0 0 0 0 0 0
1515915553.22 10113 3349 3836 10748 7110 19144 25 36 3 6611, 0 0 0 1 0 0 0 0 0 0
1515915554.26 9652 2680 1667 7234 6138 18721 21 39 7 6649, 0 0 0 1 0 0 0 0 0 0
1515915555.28 10837 3413 2788 8766 8023 17346 27 710 8 6733, 0 0 0 1 0 0 0 0 0 0
1515915556.3 11835 4234 2513 10531 8342 19222 32 75 7 6085, 0 0 0 1 0 0 0 0 0 0
1515915557.33 12777 4383 2283 13934 10331 18669 23 104 3 8084, 0 0 0 1 0 0 0 0 0 0
1515915558.35 15161 4533 2896 14811 9526 25537 61 87 5 11621, 0 0 0 1 0 0 0 0 0 0
1515915559.37 13226 3971 1391 8702 7966 16865 45 400 3 8250, 0 0 0 1 0 0 0 0 0 0
1515915560.39 15539 5645 2173 8389 6344 17737 47 582 5 7770, 0 0 0 1 0 0 0 0 0 0
1515915561.44 18050 4913 1325 8763 5814 15816 43 2088 5 8583, 0 0 0 1 0 0 0 0 0 0
1515915562.49 17784 5045 2496 8963 5459 16051 46 2519 7 6647, 0 0 0 1 0 0 0 0 0 0
1515915563.51 14103 5716 3020 10920 6055 13462 49 2428 4 8920, 0 0 0 1 0 0 0 0 0 0
1515915564.53 13729 4431 3500 11327 6357 13302 45 1629 2 6890, 0 0 0 1 0 0 0 0 0 0
1515915565.55 9449 3539 4845 13031 7594 18018 55 907 16 10883, 0 0 0 1 0 0 0 0 0 0
1515915566.55 9449 3539 4845 13031 7594 18018 55 907 16 10883, 0 0 0 1 0 0 0 0 0 0
1515915567.57 9987 3420 4572 13301 7001 18048 57 830 10 8244, 0 0 0 1 0 0 0 0 0 0
1515915568.58 7659 2480 4806 12723 6113 17808 46 397 8 9639, 0 0 0 1 0 0 0 0 0 0
1515915569.65 8581 2862 4291 11392 8385 19195 39 61 7 8028, 0 0 0 1 0 0 0 0 0 0
1515915570.68 9308 3200 4228 11037 8092 21195 27 32 4 9930, 0 0 0 1 0 0 0 0 0 0
1515915571.7 9091 2178 5720 11692 6922 21339 19 34 7 9317, 0 0 0 1 0 0 0 0 0 0
1515915572.72 11445 5017 4582 8456 6259 18477 21 638 7 7466, 0 0 0 1 0 0 0 0 0 0
1515915573.74 10704 3587 5565 8470 7167 17928 31 1010 8 8100, 0 0 0 1 0 0 0 0 0 0
1515915574.76 8593 3173 5833 8899 6108 17828 35 884 4 9192, 0 0 0 1 0 0 0 0 0 0
1515915575.81 8892 4350 9145 10434 7466 17144 39 550 10 8147, 0 0 0 1 0 0 0 0 0 0
1515915576.85 8840 3932 9499 9314 7917 14885 49 383 17 5757, 0 0 0 1 0 0 0 0 0 0
1515915577.89 11680 4999 15610 13544 11213 21348 71 88 21 9927, 0 0 0 1 0 0 0 0 0 0
1515915578.94 6292 3700 11000 9349 5004 13246 49 53 14 7056, 0 0 0 1 0 0 0 0 0 0
1515915579.98 7319 2638 11302 9524 7005 13698 53 64 21 5682, 0 0 0 1 0 0 0 0 0 0
1515915581.02 7194 2713 9029 10982 6020 16303 47 54 13 8875, 0 0 0 1 0 0 0 0 0 0
1515915582.05 8850 2819 6250 10044 7930 18575 37 42 16 9053, 0 0 0 1 0 0 0 0 0 0
1515915583.08 7515 2457 6745 11117 6087 18603 35 40 14 11002, 0 0 0 1 0 0 0 0 0 0
1515915584.1 7374 1753 5267 11038 8697 17631 42 43 11 10916, 0 0 0 1 0 0 0 0 0 0
1515915585.12 9448 3080 5116 11411 6385 18199 35 42 16 11714, 0 0 0 1 0 0 0 0 0 0
1515915586.16 10051 3961 4532 11753 6155 21028 36 50 64 14093, 0 0 0 1 0 0 0 0 0 0
1515915587.17 7446 1974 4424 10416 9230 21552 35 49 702 12997, 0 0 0 1 0 0 0 0 0 0
1515915588.2 6784 1987 5779 11506 10197 19763 30 42 1125 11395, 0 0 0 1 0 0 0 0 0 0
1515915589.22 6489 1935 3886 11241 10784 19949 20 36 753 10411, 0 0 0 1 0 0 0 0 0 0
1515915590.26 5288 1347 3188 12662 11809 19878 21 47 927 10105, 0 0 0 1 0 0 0 0 0 0
1515915591.27 8356 1767 1425 10108 9612 20084 21 450 29 9289, 0 0 0 1 0 0 0 0 0 0
1515915592.29 10093 2976 1648 10367 6683 19166 32 40 4 8537, 0 0 0 1 0 0 0 0 0 0
1515915593.31 12973 3216 1556 9365 7847 18234 15 21 5 6426, 0 0 0 1 0 0 0 0 0 0
1515915594.34 14660 3514 2459 6846 6218 16661 14 36 7 4134, 0 0 0 1 0 0 0 0 0 0
1515915595.38 24076 6961 4166 6705 5593 21203 29 104 6 4948, 0 0 0 1 0 0 0 0 0 0
1515915596.4 15405 3859 3479 12639 9813 20634 34 44 7 6005, 0 0 0 1 0 0 0 0 0 0
1515915597.41 12056 3954 4307 11508 7098 16147 47 49 6 6516, 0 0 0 1 0 0 0 0 0 0
1515915598.44 11393 3337 4402 9982 7100 15643 41 48 4 7976, 0 0 0 1 0 0 0 0 0 0
1515915599.45 9993 3093 3728 10738 7277 18043 22 25 7 10155, 0 0 0 1 0 0 0 0 0 0
1515915600.47 4043 3093 3722 7543 7277 8054 27 25 7 3755, 0 0 0 1 0 0 0 0 0 0
1515915601.48 4043 3093 3725 5656 7277 6195 9 25 11 10, 0 0 0 1 0 0 0 0 0 0
1515915602.49 4043 3093 3725 5656 7277 6195 9 25 11 10, 0 0 0 1 0 0 0 0 0 0
1515915603.51 4043 3093 3725 5656 7277 6195 9 25 11 10, 0 0 0 1 0 0 0 0 0 0
1515915604.52 4043 3093 3725 5656 7277 6195 9 25 11 10, 0 0 0 1 0 0 0 0 0 0
1515915605.53 4043 3093 3725 5656 7277 6195 9 25 11 10, 0 0 0 1 0 0 0 0 0 0
1515915606.54 4043 3093 3725 5656 7277 6195 9 25 11 10, 0 0 0 1 0 0 0 0 0 0
1515915607.55 4043 3093 3725 5656 7277 6195 9 25 11 10, 0 0 0 1 0 0 0 0 0 0
