1515920822.47 18422 15813 14960 14294 15748 21613 18872 18847 23 2465, 0 0 0 0 0 1 0 0 0 0
1515920823.48 20115 16687 16125 15919 18878 21145 16943 16945 13 1945, 0 0 0 0 0 1 0 0 0 0
1515920824.48 17858 15425 14531 15549 17380 19687 13745 13744 12 1715, 0 0 0 0 0 1 0 0 0 0
1515920825.48 26629 27364 27083 22734 21784 25662 21039 21024 7 2475, 0 0 0 0 0 1 0 0 0 0
1515920826.48 16010 16641 17163 15541 10800 12122 12027 12032 10 1705, 0 0 0 0 0 1 0 0 0 0
1515920827.48 15582 15419 16863 15585 10923 12298 11819 11821 6 1339, 0 0 0 0 0 1 0 0 0 0
1515920828.49 14910 15911 16646 18139 12939 10552 11345 11354 13 1450, 0 0 0 0 0 1 0 0 0 0
1515920829.49 16757 16801 18943 16251 12863 13775 11441 11438 5 694, 0 0 0 0 0 1 0 0 0 0
1515920830.49 16682 18366 19238 13498 9642 13841 11987 11981 7 1418, 0 0 0 0 0 1 0 0 0 0
1515920831.49 15336 17512 18066 12487 9165 12720 10919 10920 3 2018, 0 0 0 0 0 1 0 0 0 0
1515920832.49 14519 15850 15250 12961 10619 12077 12204 12208 7 1947, 0 0 0 0 0 1 0 0 0 0
1515920833.5 15138 18034 15972 13335 13349 13528 9440 9440 4 1682, 0 0 0 0 0 1 0 0 0 0
1515920834.5 14007 16480 16101 14587 14127 14190 9407 9431 9 1501, 0 0 0 0 0 1 0 0 0 0
1515920835.5 13335 16948 17057 16347 15302 13994 6575 6555 5 1768, 0 0 0 0 0 1 0 0 0 0
1515920836.5 12204 16103 16700 16496 16056 13644 6466 6470 16 1697, 0 0 0 0 0 1 0 0 0 0
1515920837.5 12687 15787 17404 18276 17354 12823 7172 7172 6 1332, 0 0 0 0 0 1 0 0 0 0
1515920838.5 14546 17687 17658 16426 17684 14311 8787 8793 7 194, 0 0 0 0 0 1 0 0 0 0
1515920839.51 12343 15699 17976 17200 17447 12951 7293 7297 6 814, 0 0 0 0 0 1 0 0 0 0
1515920840.51 18761 23257 26740 28054 24223 17472 12331 12333 8 941, 0 0 0 0 0 1 0 0 0 0
1515920841.51 14662 15614 17042 17043 15488 13046 8808 8809 8 310, 0 0 0 0 0 1 0 0 0 0
1515920842.51 15127 16844 16726 15193 12895 13563 10276 10291 10 26, 0 0 0 0 0 1 0 0 0 0
1515920843.51 15116 16303 15661 15632 15804 15606 10804 10793 15 282, 0 0 0 0 0 1 0 0 0 0
1515920844.51 13587 13735 14020 16431 18336 15287 10392 10399 10 457, 0 0 0 0 0 1 0 0 0 0
1515920845.51 13845 13225 15429 17883 18401 17488 11269 11274 19 218, 0 0 0 0 0 1 0 0 0 0
1515920846.51 14975 14906 14188 15938 14715 15614 10859 10860 10 2029, 0 0 0 0 0 1 0 0 0 0
1515920847.53 13819 14647 12741 16102 17462 15849 7512 7513 5 1712, 0 0 0 0 0 1 0 0 0 0
1515920848.56 13819 14647 12741 16102 17462 15849 7512 7513 5 1712, 0 0 0 0 0 1 0 0 0 0
1515920849.62 15398 15756 14828 14911 17875 18139 12590 12593 5 1383, 0 0 0 0 0 1 0 0 0 0
1515920850.67 13542 16529 15956 14740 17140 17330 8848 8847 7 969, 0 0 0 0 0 1 0 0 0 0
1515920851.76 13365 18132 17146 16921 13998 12253 7666 7671 11 1459, 0 0 0 0 0 1 0 0 0 0
1515920852.8 19082 29184 27477 23572 19691 17456 10713 10723 28 1407, 0 0 0 0 0 1 0 0 0 0
1515920853.86 10614 16435 17144 16183 14120 12846 7429 7429 13 1915, 0 0 0 0 0 1 0 0 0 0
1515920854.9 10993 16541 17864 16562 14283 11904 6121 6129 12 2429, 0 0 0 0 0 1 0 0 0 0
1515920855.94 11296 16564 17331 15500 15264 10870 7229 7228 7 2482, 0 0 0 0 0 1 0 0 0 0
1515920857.01 14245 19141 18743 14800 13969 12119 9647 9655 16 1481, 0 0 0 0 0 1 0 0 0 0
1515920858.04 13676 15350 16698 14201 14010 11615 9167 9173 10 1621, 0 0 0 0 0 1 0 0 0 0
1515920859.08 14845 18097 21420 18886 11886 8016 7784 7785 15 1150, 0 0 0 0 0 1 0 0 0 0
1515920860.1 16043 18078 20850 18607 11933 8549 9100 9109 14 1762, 0 0 0 0 0 1 0 0 0 0
1515920861.14 14283 17621 20715 18177 11628 7875 8297 8304 12 1291, 0 0 0 0 0 1 0 0 0 0
1515920862.17 15494 17642 17874 16519 10986 7232 6755 6758 7 1948, 0 0 0 0 0 1 0 0 0 0
1515920863.19 16332 15766 13817 14795 7388 6166 7753 7754 14 2519, 0 0 0 0 0 1 0 0 0 0
1515920864.24 14591 15792 15491 14685 9067 5476 7633 7634 15 831, 0 0 0 0 0 1 0 0 0 0
1515920865.26 14144 17052 17098 16812 9236 5301 7142 7140 15 490, 0 0 0 0 0 1 0 0 0 0
1515920866.29 14005 17754 16885 16184 10810 7366 8216 8219 11 558, 0 0 0 0 0 1 0 0 0 0
1515920867.33 19162 20756 22778 22992 13960 8960 8921 8925 25 2368, 0 0 0 0 0 1 0 0 0 0
1515920868.37 12107 15082 15463 13870 7723 4689 4072 4077 16 1206, 0 0 0 0 0 1 0 0 0 0
1515920869.41 13164 18575 17303 15996 8697 5826 4914 4921 25 855, 0 0 0 0 0 1 0 0 0 0
1515920870.44 13569 19958 18886 16338 9498 7313 5683 5466 22 1140, 0 0 0 0 0 1 0 0 0 0
1515920871.47 12131 18108 17631 16706 10722 6740 6061 5531 21 1547, 0 0 0 0 0 1 0 0 0 0
1515920872.5 11516 19231 17577 17160 10952 7214 6862 6332 24 2395, 0 0 0 0 0 1 0 0 0 0
1515920873.53 11477 18817 18810 14348 10373 6276 4359 4369 15 612, 0 0 0 0 0 1 0 0 0 0
1515920874.57 10714 16489 17127 14140 7932 3972 3416 3417 13 21, 0 0 0 0 0 1 0 0 0 0
1515920875.6 11516 17830 18979 14709 10661 6731 5278 5284 14 19, 0 0 0 0 0 1 0 0 0 0
1515920876.64 11541 17552 18795 12171 9982 6989 6307 6313 17 24, 0 0 0 0 0 1 0 0 0 0
1515920877.66 9325 15753 18031 14067 9090 4119 3968 3971 12 12, 0 0 0 0 0 1 0 0 0 0
1515920878.69 8982 15912 17124 12808 7993 2914 2772 2778 16 66, 0 0 0 0 0 1 0 0 0 0
1515920879.72 9923 16591 17902 14355 7936 3240 3176 3190 22 2325, 0 0 0 0 0 1 0 0 0 0
1515920880.74 10828 19018 21008 16007 10069 1908 2571 2588 17 16, 0 0 0 0 0 1 0 0 0 0
1515920881.76 11154 19773 21734 15882 10063 4559 5699 5706 6 10, 0 0 0 0 0 1 0 0 0 0
1515920882.79 10662 19616 20648 14276 9638 3923 4246 4256 16 18, 0 0 0 0 0 1 0 0 0 0
1515920883.81 9960 15176 16275 12744 9124 3670 4701 4707 14 23, 0 0 0 0 0 1 0 0 0 0
1515920884.84 15099 23924 24624 21345 17015 4827 6024 6030 23 43, 0 0 0 0 0 1 0 0 0 0
1515920885.88 10714 14560 15172 14883 12375 4122 5627 5643 7 9, 0 0 0 0 0 1 0 0 0 0
1515920886.91 10876 14117 16336 16702 12366 5864 7736 7730 8 18, 0 0 0 0 0 1 0 0 0 0
1515920887.93 12163 14812 16491 15202 11993 6527 7603 7608 7 8, 0 0 0 0 0 1 0 0 0 0
1515920888.96 13220 13926 15530 15975 11785 8204 10302 10302 6 13, 0 0 0 0 0 1 0 0 0 0
1515920889.99 12639 13548 15666 16689 11474 6026 8727 8729 9 19, 0 0 0 0 0 1 0 0 0 0
1515920891.02 10836 13838 16889 17189 13349 6035 7288 7292 9 11, 0 0 0 0 0 1 0 0 0 0
1515920892.06 10226 12733 17019 15973 11212 5084 6699 6704 11 15, 0 0 0 0 0 1 0 0 0 0
1515920893.1 9911 14085 18944 15284 10615 6164 6262 6273 17 25, 0 0 0 0 0 1 0 0 0 0
1515920894.15 11133 13565 17019 14152 10119 5976 7427 7432 7 7, 0 0 0 0 0 1 0 0 0 0
1515920895.17 11061 16321 18380 14811 10018 3456 5494 5496 14 18, 0 0 0 0 0 1 0 0 0 0
1515920896.2 11901 16381 18477 15351 9829 5027 7047 7057 16 23, 0 0 0 0 0 1 0 0 0 0
1515920897.23 14409 17072 20694 13228 7937 6498 8630 8639 11 7, 0 0 0 0 0 1 0 0 0 0
1515920898.25 14180 16243 18896 14537 9168 5441 7856 7866 12 11, 0 0 0 0 0 1 0 0 0 0
1515920899.28 12924 16389 18541 15223 9047 5081 6667 6675 17 18, 0 0 0 0 0 1 0 0 0 0
1515920900.32 13134 17117 18123 14041 8055 6092 8119 8127 14 14, 0 0 0 0 0 1 0 0 0 0
1515920901.37 20289 26306 25178 22680 15912 10649 11338 11344 13 15, 0 0 0 0 0 1 0 0 0 0
1515920902.4 13153 19119 18671 17124 11259 6545 5705 5717 8 13, 0 0 0 0 0 1 0 0 0 0
1515920903.43 13229 19903 18703 16296 9501 5407 6169 6167 10 9, 0 0 0 0 0 1 0 0 0 0
1515920904.46 13174 19983 20531 15155 9576 6940 6316 6321 3 7, 0 0 0 0 0 1 0 0 0 0
1515920905.49 13126 19476 20815 15233 9871 7083 5775 5778 14 14, 0 0 0 0 0 1 0 0 0 0
1515920906.52 12316 18085 19780 16205 11914 8498 6620 6625 12 21, 0 0 0 0 0 1 0 0 0 0
1515920907.54 11481 18267 21666 16542 9832 7133 6534 6537 10 14, 0 0 0 0 0 1 0 0 0 0
1515920908.58 10246 20273 22623 17598 13435 7623 4654 4656 6 7, 0 0 0 0 0 1 0 0 0 0
1515920909.6 10967 19971 23041 16607 11068 7056 4710 4722 12 19, 0 0 0 0 0 1 0 0 0 0
1515920910.64 9573 19132 21635 18789 11826 7577 3790 3793 10 2156, 0 0 0 0 0 1 0 0 0 0
1515920911.67 10757 16796 19778 15156 9092 7743 6204 6216 23 1754, 0 0 0 0 0 1 0 0 0 0
1515920912.72 12878 15115 16837 14665 11420 12061 5385 5394 13 1523, 0 0 0 0 0 1 0 0 0 0
1515920913.75 12336 15444 15019 13221 9874 10660 5145 5095 16 1625, 0 0 0 0 0 1 0 0 0 0
1515920914.78 14150 17973 18464 16470 11371 10156 5117 4943 15 795, 0 0 0 0 0 1 0 0 0 0
1515920915.81 17148 18653 17325 15165 8741 11271 10228 10024 7 2085, 0 0 0 0 0 1 0 0 0 0
1515920916.84 15672 18823 17931 16182 9742 11194 9535 8606 11 2700, 0 0 0 0 0 1 0 0 0 0
1515920917.89 24177 24355 25351 24203 14776 15925 16953 15613 20 4185, 0 0 0 0 0 1 0 0 0 0
1515920918.93 18279 15477 15000 15593 9862 14315 15272 14091 9 4389, 0 0 0 0 0 1 0 0 0 0
1515920919.96 18751 17360 15744 13954 9521 12302 12848 12828 11 2995, 0 0 0 0 0 1 0 0 0 0
1515920920.99 18436 18753 17025 13104 8918 11155 10702 10709 17 2177, 0 0 0 0 0 1 0 0 0 0
1515920922.01 16393 19677 19944 13400 8582 9981 11419 11424 5 1498, 0 0 0 0 0 1 0 0 0 0
1515920923.05 14667 19259 19863 14268 10247 10750 10969 10970 4 1518, 0 0 0 0 0 1 0 0 0 0
1515920924.09 13825 18633 19437 13700 11354 11019 9339 9344 8 1059, 0 0 0 0 0 1 0 0 0 0
1515920925.16 11321 17477 18935 14595 13001 12151 8256 8257 13 1176, 0 0 0 0 0 1 0 0 0 0
1515920926.22 12449 19433 19008 13175 13395 13299 7634 7629 8 794, 0 0 0 0 0 1 0 0 0 0
1515920927.26 12074 18695 19421 12947 13733 14016 7571 7575 13 26, 0 0 0 0 0 1 0 0 0 0
1515920928.3 13123 18989 19613 12987 12911 13701 6970 6971 9 18, 0 0 0 0 0 1 0 0 0 0
1515920929.36 12986 19180 20757 14836 14242 11941 7136 7139 14 20, 0 0 0 0 0 1 0 0 0 0
1515920930.41 18787 25188 28552 23216 23815 23943 8619 10603 20 26, 0 0 0 0 0 1 0 0 0 0
1515920931.47 12959 16278 17242 15837 15558 18762 13024 11049 15 36, 0 0 0 0 0 1 0 0 0 0
1515920932.49 13229 14888 16383 16170 16420 17298 12584 12584 22 38, 0 0 0 0 0 1 0 0 0 0
1515920933.51 10303 14012 16641 16499 18259 16023 9074 9085 9 11, 0 0 0 0 0 1 0 0 0 0
1515920934.55 8694 15145 16584 17579 20445 15334 6004 6006 16 25, 0 0 0 0 0 1 0 0 0 0
1515920935.6 10917 17008 17830 14039 17842 16893 9491 9489 7 24, 0 0 0 0 0 1 0 0 0 0
1515920936.63 12108 16078 17556 13256 14681 13282 9245 9255 10 15, 0 0 0 0 0 1 0 0 0 0
1515920937.66 12024 14671 15462 12569 11793 11548 9528 9545 13 22, 0 0 0 0 0 1 0 0 0 0
1515920938.69 11646 18303 17321 12420 12414 10882 9105 9100 16 36, 0 0 0 0 0 1 0 0 0 0
1515920939.72 12829 17159 18774 15155 13449 10843 9756 9749 8 29, 0 0 0 0 0 1 0 0 0 0
1515920940.75 12004 18097 17674 17147 12348 6603 7144 7149 14 19, 0 0 0 0 0 1 0 0 0 0
1515920941.78 12650 19852 20335 20565 11912 4004 5906 5916 10 15, 0 0 0 0 0 1 0 0 0 0
1515920942.82 12109 16449 20308 21314 13120 3920 5266 5260 8 15, 0 0 0 0 0 1 0 0 0 0
1515920943.86 11897 15096 14382 19545 14850 5993 5998 6012 19 32, 0 0 0 0 0 1 0 0 0 0
1515920944.93 11311 13679 16571 18159 17251 11097 8395 8402 22 45, 0 0 0 0 0 1 0 0 0 0
1515920946.0 18096 18821 23292 29684 27100 21994 12951 12957 15 33, 0 0 0 0 0 1 0 0 0 0
1515920947.07 12820 11602 14842 18476 17086 13940 8458 8461 14 37, 0 0 0 0 0 1 0 0 0 0
1515920948.14 12314 14764 14891 15941 17113 13928 8070 8077 15 30, 0 0 0 0 0 1 0 0 0 0
1515920949.23 12061 13994 14609 15875 17260 14708 9733 9740 14 28, 0 0 0 0 0 1 0 0 0 0
1515920950.26 11574 17616 15888 12475 14029 14117 8167 8172 13 27, 0 0 0 0 0 1 0 0 0 0
1515920951.29 13054 18264 15720 12860 16343 14007 9377 8592 13 820, 0 0 0 0 0 1 0 0 0 0
1515920952.34 12132 17207 14276 12834 15625 14229 10798 8039 12 2792, 0 0 0 0 0 1 0 0 0 0
1515920953.39 11089 17235 15223 13254 13341 11995 7623 6605 19 3166, 0 0 0 0 0 1 0 0 0 0
1515920954.44 19457 25065 22372 20742 13711 13602 14689 11342 19 5074, 0 0 0 0 0 1 0 0 0 0
1515920955.48 13269 16778 16486 14846 9748 8942 10148 8644 9 2862, 0 0 0 0 0 1 0 0 0 0
1515920956.59 14174 17973 16632 16436 10965 10299 11122 9824 15 2034, 0 0 0 0 0 1 0 0 0 0
1515920957.67 13293 16031 16454 15576 8031 5929 9701 8544 15 1603, 0 0 0 0 0 1 0 0 0 0
1515920958.74 12938 18678 18284 19183 11225 6318 6809 6466 17 993, 0 0 0 0 0 1 0 0 0 0
1515920959.8 14458 19710 18804 19626 9955 5738 8013 7811 13 1310, 0 0 0 0 0 1 0 0 0 0
1515920960.83 15438 19352 19102 17375 9951 6713 7820 7651 14 498, 0 0 0 0 0 1 0 0 0 0
1515920961.86 14855 22261 20772 17032 8422 5766 6972 6814 13 918, 0 0 0 0 0 1 0 0 0 0
1515920962.9 13811 23583 21239 13776 6587 4940 6489 6484 16 34, 0 0 0 0 0 1 0 0 0 0
1515920963.92 15485 20291 18619 13833 8141 6798 9639 9652 16 19, 0 0 0 0 0 1 0 0 0 0
1515920964.96 22254 27855 25965 22602 15962 12509 15200 15210 19 1902, 0 0 0 0 0 1 0 0 0 0
1515920966.02 13833 18558 15529 14604 12777 7021 8690 8703 13 108, 0 0 0 0 0 1 0 0 0 0
1515920967.06 15118 16879 13533 9884 9779 8407 11122 11132 14 27, 0 0 0 0 0 1 0 0 0 0
1515920968.08 15290 15963 13494 11619 9799 9148 11634 11638 10 16, 0 0 0 0 0 1 0 0 0 0
1515920969.11 14173 15389 12438 10860 7435 7898 11175 11181 17 25, 0 0 0 0 0 1 0 0 0 0
1515920970.14 13930 15102 13396 11308 8697 9266 11515 11529 14 20, 0 0 0 0 0 1 0 0 0 0
1515920971.16 13418 13425 12160 9654 8790 9508 11847 11856 10 16, 0 0 0 0 0 1 0 0 0 0
1515920972.19 13187 14213 11706 9635 9789 9782 11475 11483 14 22, 0 0 0 0 0 1 0 0 0 0
1515920973.25 14407 14183 11568 10265 9599 9570 10771 10769 12 30, 0 0 0 0 0 1 0 0 0 0
1515920974.27 12738 13468 12034 9299 8664 9883 9630 9648 17 27, 0 0 0 0 0 1 0 0 0 0
1515920975.31 13466 14956 12347 10617 9969 7847 8777 8765 6 10, 0 0 0 0 0 1 0 0 0 0
1515920976.34 14223 17300 16614 12022 9315 8004 9943 9951 14 9, 0 0 0 0 0 1 0 0 0 0
1515920977.38 15273 19532 18408 12255 9113 7207 9138 9148 13 17, 0 0 0 0 0 1 0 0 0 0
1515920978.42 14321 21018 19263 14239 8551 6949 6815 6818 14 20, 0 0 0 0 0 1 0 0 0 0
1515920979.46 18485 25835 20204 14951 14051 8777 6105 6111 20 23, 0 0 0 0 0 1 0 0 0 0
1515920980.49 12717 27776 31552 17805 8870 7050 7118 7128 18 1669, 0 0 0 0 0 1 0 0 0 0
1515920981.55 10712 19398 21299 13918 9473 6506 3845 3859 18 2086, 0 0 0 0 0 1 0 0 0 0
1515920982.6 11197 23477 24971 15341 6721 5089 4274 4278 16 1820, 0 0 0 0 0 1 0 0 0 0
1515920983.64 10929 21408 24600 13837 7903 4717 3520 3519 16 782, 0 0 0 0 0 1 0 0 0 0
1515920984.68 11067 19301 21426 14335 7860 3499 4187 4207 23 24, 0 0 0 0 0 1 0 0 0 0
1515920985.71 10734 20368 23396 15757 9026 4805 4183 4190 13 14, 0 0 0 0 0 1 0 0 0 0
1515920986.75 11888 19675 22482 16200 9171 3414 4966 4970 20 22, 0 0 0 0 0 1 0 0 0 0
1515920987.77 14344 16729 18328 12766 8370 6714 7515 7525 16 18, 0 0 0 0 0 1 0 0 0 0
1515920988.8 12848 16084 18623 15752 8692 6074 6358 6366 14 17, 0 0 0 0 0 1 0 0 0 0
1515920989.82 12005 16539 20716 15113 7855 5582 5434 5439 13 18, 0 0 0 0 0 1 0 0 0 0
1515920990.86 9670 14553 17756 12761 6441 2099 2489 2503 19 15, 0 0 0 0 0 1 0 0 0 0
1515920991.88 10386 11840 14301 12585 6219 2330 3487 3503 26 31, 0 0 0 0 0 1 0 0 0 0
1515920992.91 11071 14113 14702 14044 6014 4018 6028 6036 25 54, 0 0 0 0 0 1 0 0 0 0
1515920993.94 12344 16537 16407 15455 9441 5289 8006 8013 31 184, 0 0 0 0 0 1 0 0 0 0
1515920994.97 18599 27139 25540 22101 12169 9691 7549 7558 38 720, 0 0 0 0 0 1 0 0 0 0
1515920996.0 16703 18512 16426 15548 7885 8077 10853 10859 19 734, 0 0 0 0 0 1 0 0 0 0
1515920997.05 14605 18671 17528 15511 7154 5618 5874 5731 19 993, 0 0 0 0 0 1 0 0 0 0
1515920998.09 15511 17359 16924 14028 5986 9677 7951 7620 24 763, 0 0 0 0 0 1 0 0 0 0
1515920999.14 15855 16259 18406 14596 5808 10234 9128 8785 18 753, 0 0 0 0 0 1 0 0 0 0
1515921000.18 13361 18128 18667 14220 6257 11103 9092 8972 30 1964, 0 0 0 0 0 1 0 0 0 0
1515921001.22 12630 18995 17820 15329 7305 10327 7092 7038 19 2112, 0 0 0 0 0 1 0 0 0 0
1515921002.26 14210 17631 15540 13377 8107 11450 8664 8520 20 1439, 0 0 0 0 0 1 0 0 0 0
1515921003.3 12626 18036 16623 13761 11020 13502 8569 8583 12 2009, 0 0 0 0 0 1 0 0 0 0
1515921004.33 11525 15999 14365 14147 12986 12927 8017 8027 17 724, 0 0 0 0 0 1 0 0 0 0
1515921005.36 10727 18862 18971 14641 14806 12906 7302 7304 15 28, 0 0 0 0 0 1 0 0 0 0
1515921006.4 9874 17002 17461 15266 15803 12816 7048 7052 13 25, 0 0 0 0 0 1 0 0 0 0
1515921007.45 8761 15277 18289 13952 13789 11811 6659 6669 17 27, 0 0 0 0 0 1 0 0 0 0
1515921008.48 14180 23433 22655 18665 21021 15619 8513 8521 19 25, 0 0 0 0 0 1 0 0 0 0
1515921009.51 13259 16455 23484 19762 11430 11000 12177 12191 16 25, 0 0 0 0 0 1 0 0 0 0
1515921010.54 10557 16314 17747 13516 10865 9570 6515 6517 20 168, 0 0 0 0 0 1 0 0 0 0
1515921011.57 5478 10189 15159 11625 6991 6339 4116 4137 25 32, 0 0 0 0 0 1 0 0 0 0
1515921012.6 3535 5500 10977 9750 6619 5601 3159 3169 29 72, 0 0 0 0 0 1 0 0 0 0
1515921013.63 7914 12923 14332 14203 7509 5892 5023 5040 36 1251, 0 0 0 0 0 1 0 0 0 0
1515921014.66 11074 15355 15888 17109 9197 9395 6197 6205 22 4471, 0 0 0 0 0 1 0 0 0 0
1515921015.69 11886 18298 17216 18879 9727 9324 3174 3177 15 6202, 0 0 0 0 0 1 0 0 0 0
1515921016.72 13032 17762 14369 16855 8507 10065 5690 5696 27 6035, 0 0 0 0 0 1 0 0 0 0
1515921017.75 13463 18190 14708 15801 7289 9974 6251 6259 12 4940, 0 0 0 0 0 1 0 0 0 0
1515921018.8 13451 18024 14260 18006 8694 7586 6324 6336 16 4181, 0 0 0 0 0 1 0 0 0 0
1515921019.83 12624 18224 15367 17059 7693 6939 4763 4770 18 3473, 0 0 0 0 0 1 0 0 0 0
1515921020.86 13687 14871 14988 15880 5674 7118 5050 5065 23 3427, 0 0 0 0 0 1 0 0 0 0
1515921021.89 13632 14595 12922 11800 5725 7024 7087 7091 12 1464, 0 0 0 0 0 1 0 0 0 0
1515921022.91 15307 15381 12717 11034 5447 7999 7341 7347 15 741, 0 0 0 0 0 1 0 0 0 0
1515921023.95 13672 15934 12361 10060 5878 7738 6730 6738 18 857, 0 0 0 0 0 1 0 0 0 0
1515921024.99 13243 13500 12611 9249 5846 5590 5548 5557 16 518, 0 0 0 0 0 1 0 0 0 0
1515921026.04 19921 18008 19530 15891 11463 9501 8829 8460 17 18, 0 0 0 0 0 1 0 0 0 0
1515921027.07 12807 13105 14141 10575 5974 6348 9611 10002 12 15, 0 0 0 0 0 1 0 0 0 0
1515921028.1 11246 13423 16830 12205 4820 4814 5857 5869 18 34, 0 0 0 0 0 1 0 0 0 0
1515921029.13 11057 15916 19142 13074 4349 3791 5823 5827 11 19, 0 0 0 0 0 1 0 0 0 0
1515921030.17 8738 15138 22896 15965 6919 4166 4634 4631 10 23, 0 0 0 0 0 1 0 0 0 0
1515921031.2 9105 17748 22131 16586 6885 2199 4040 4048 8 16, 0 0 0 0 0 1 0 0 0 0
1515921032.24 9521 14782 20498 17666 7259 2954 3457 3459 4 6, 0 0 0 0 0 1 0 0 0 0
1515921033.28 9086 13903 20748 15941 7759 5256 3768 3770 13 33, 0 0 0 0 0 1 0 0 0 0
1515921034.31 10400 13453 17272 15227 8866 8376 2711 2719 12 165, 0 0 0 0 0 1 0 0 0 0
1515921035.37 10683 12691 16583 16912 10319 8681 4251 4254 4 116, 0 0 0 0 0 1 0 0 0 0
1515921036.4 11338 11482 13147 14320 11836 10385 5031 5038 10 12, 0 0 0 0 0 1 0 0 0 0
1515921037.45 11740 9074 12015 15315 11592 10842 7281 7279 7 7, 0 0 0 0 0 1 0 0 0 0
1515921038.48 11901 11425 13643 15588 8674 9142 5102 5111 9 18, 0 0 0 0 0 1 0 0 0 0
1515921039.52 10013 10244 13204 16426 11552 10843 4303 4297 13 16, 0 0 0 0 0 1 0 0 0 0
1515921040.56 14342 19675 24913 22370 16367 10980 5979 5981 14 26, 0 0 0 0 0 1 0 0 0 0
1515921041.62 12298 13386 15894 15073 10694 8244 7176 7179 11 21, 0 0 0 0 0 1 0 0 0 0
1515921042.65 11776 13948 15288 16582 12764 7817 5555 5565 13 75, 0 0 0 0 0 1 0 0 0 0
1515921043.71 11624 13569 15527 17486 11925 7765 5296 5300 15 1823, 0 0 0 0 0 1 0 0 0 0
1515921044.76 9619 15731 18255 15594 9877 4177 3653 3672 27 837, 0 0 0 0 0 1 0 0 0 0
1515921045.82 9463 19070 21723 16405 9725 2643 2078 2085 11 843, 0 0 0 0 0 1 0 0 0 0
1515921046.88 8014 18220 21874 13032 7218 3160 1563 1574 15 307, 0 0 0 0 0 1 0 0 0 0
1515921047.99 8388 14493 19846 11043 6146 3904 3434 3424 9 36, 0 0 0 0 0 1 0 0 0 0
1515921049.03 9702 15909 20449 10830 5799 3149 4210 4210 11 17, 0 0 0 0 0 1 0 0 0 0
1515921050.07 10220 21932 31195 18992 9894 5620 4037 4045 16 20, 0 0 0 0 0 1 0 0 0 0
1515921051.15 5022 18065 23578 15644 7120 2597 46 44 10 27, 0 0 0 0 0 1 0 0 0 0
1515921052.21 7224 15559 24103 13456 5229 3118 1242 1252 13 16, 0 0 0 0 0 1 0 0 0 0
1515921053.34 7281 12752 22775 11474 3832 3694 1819 1826 15 22, 0 0 0 0 0 1 0 0 0 0
1515921054.42 9698 14711 22308 12725 4658 4541 3359 3376 27 36, 0 0 0 0 0 1 0 0 0 0
1515921055.48 11677 14353 21228 13844 5013 4539 5523 5529 19 395, 0 0 0 0 0 1 0 0 0 0
1515921056.53 12432 16539 21581 16363 5788 3219 4229 4231 11 1620, 0 0 0 0 0 1 0 0 0 0
1515921057.58 18381 21648 32433 21917 6045 4100 4632 3661 24 2644, 0 0 0 0 0 1 0 0 0 0
1515921058.63 12973 15914 18842 15387 5601 3834 3145 4140 12 1742, 0 0 0 0 0 1 0 0 0 0
1515921059.67 15031 14546 14703 11801 5150 5512 4733 4737 6 1628, 0 0 0 0 0 1 0 0 0 0
1515921060.7 14451 13196 11854 12520 6320 4824 5270 5271 11 1270, 0 0 0 0 0 1 0 0 0 0
1515921061.75 13066 12691 12143 15417 9262 4596 6022 6027 13 1209, 0 0 0 0 0 1 0 0 0 0
1515921062.82 12448 11760 11807 15388 10673 6077 6059 6063 4 544, 0 0 0 0 0 1 0 0 0 0
1515921063.88 11895 12125 12049 16063 11085 5175 6575 6579 10 492, 0 0 0 0 0 1 0 0 0 0
1515921064.94 10875 13136 11009 15422 11592 7506 4918 4922 11 2595, 0 0 0 0 0 1 0 0 0 0
1515921066.01 10915 13349 12378 12267 10528 8798 8718 8726 20 670, 0 0 0 0 0 1 0 0 0 0
1515921067.04 11925 13001 12406 13670 11349 8823 10234 10233 15 30, 0 0 0 0 0 1 0 0 0 0
1515921068.09 19284 22314 20698 18409 12027 14014 17835 17848 14 23, 0 0 0 0 0 1 0 0 0 0
1515921069.18 12910 18118 18753 13453 7122 8298 11738 11739 15 15, 0 0 0 0 0 1 0 0 0 0
1515921070.22 10555 15259 17998 16900 9901 7203 7838 7844 18 28, 0 0 0 0 0 1 0 0 0 0
1515921071.26 10314 13103 17559 17658 11688 10261 7759 7771 14 12, 0 0 0 0 0 1 0 0 0 0
1515921072.29 12739 14632 15352 15834 11685 10517 6549 6572 16 18, 0 0 0 0 0 1 0 0 0 0
1515921073.32 13871 16969 15682 13433 11002 10711 7940 7939 16 24, 0 0 0 0 0 1 0 0 0 0
1515921074.38 14503 14910 12890 13528 13228 12232 9349 9366 19 20, 0 0 0 0 0 1 0 0 0 0
1515921075.43 13496 12383 10601 12120 16114 15783 8380 8391 16 31, 0 0 0 0 0 1 0 0 0 0
1515921076.48 13036 11829 9914 10784 15584 15272 9199 9215 31 45, 0 0 0 0 0 1 0 0 0 0
1515921077.53 9910 9873 9662 11398 16320 15500 8679 8690 15 21, 0 0 0 0 0 1 0 0 0 0
1515921078.57 11591 11550 11153 12132 20437 18524 10152 10158 12 22, 0 0 0 0 0 1 0 0 0 0
1515921079.61 17096 17999 16884 21903 33553 26378 17703 17725 22 33, 0 0 0 0 0 1 0 0 0 0
1515921080.66 11729 13552 12268 15419 21789 16753 10301 10322 14 19, 0 0 0 0 0 1 0 0 0 0
1515921081.69 12449 15561 14094 15141 19095 15900 10735 10742 16 16, 0 0 0 0 0 1 0 0 0 0
1515921082.73 11294 14490 13026 15858 18527 12578 9140 9143 12 21, 0 0 0 0 0 1 0 0 0 0
1515921083.78 13302 15871 13325 13205 15006 10038 7657 7667 10 16, 0 0 0 0 0 1 0 0 0 0
1515921084.82 13141 15691 13490 10200 12613 10147 7439 7452 17 34, 0 0 0 0 0 1 0 0 0 0
1515921085.85 10719 19611 18698 15814 10104 5097 2663 2671 18 1260, 0 0 0 0 0 1 0 0 0 0
1515921086.88 9774 17487 20214 16087 7520 3266 2967 2975 12 670, 0 0 0 0 0 1 0 0 0 0
1515921087.91 10169 14097 16747 14824 7187 3292 4442 4453 11 22, 0 0 0 0 0 1 0 0 0 0
1515921088.95 9799 14914 17216 15967 8674 4366 4493 4499 18 34, 0 0 0 0 0 1 0 0 0 0
1515921090.01 11887 16703 14785 16380 9669 5392 5433 5436 14 27, 0 0 0 0 0 1 0 0 0 0
1515921091.06 11902 17381 14387 14952 11196 7926 5262 5274 19 37, 0 0 0 0 0 1 0 0 0 0
1515921092.15 12685 17882 12046 15171 12952 9196 6602 6611 17 29, 0 0 0 0 0 1 0 0 0 0
1515921093.19 19267 24339 19523 22949 15222 11332 11662 11672 23 62, 0 0 0 0 0 1 0 0 0 0
1515921094.23 12820 16231 12050 15388 10001 8218 8186 8192 21 1050, 0 0 0 0 0 1 0 0 0 0
1515921095.29 13434 18274 13524 17278 9310 8777 7365 7376 14 2688, 0 0 0 0 0 1 0 0 0 0
1515921096.33 13705 18759 13016 14502 7467 8235 8053 8061 13 1671, 0 0 0 0 0 1 0 0 0 0
1515921097.37 15140 17335 11510 11665 4453 8912 11319 11324 7 1178, 0 0 0 0 0 1 0 0 0 0
1515921098.41 14243 18072 12031 14352 5737 8079 8541 8417 18 1479, 0 0 0 0 0 1 0 0 0 0
1515921099.47 17478 19528 12820 12446 5032 10594 9546 9302 16 1414, 0 0 0 0 0 1 0 0 0 0
1515921100.51 13865 19405 13637 11303 6739 8832 5196 5110 15 1224, 0 0 0 0 0 1 0 0 0 0
1515921101.6 13522 19155 13874 12725 7435 8001 7123 7139 23 1276, 0 0 0 0 0 1 0 0 0 0
1515921102.66 18619 25835 21531 19013 13185 14428 6135 6154 33 2092, 0 0 0 0 0 1 0 0 0 0
1515921103.68 10812 17151 13322 11366 9241 9480 4400 4411 14 1420, 0 0 0 0 0 1 0 0 0 0
1515921104.78 11346 18364 15444 9987 8752 8609 4468 4474 19 112, 0 0 0 0 0 1 0 0 0 0
1515921105.82 12698 18029 15674 8345 4264 7436 7072 7095 29 40, 0 0 0 0 0 1 0 0 0 0
1515921106.84 12292 17682 16857 10754 5411 6477 6496 6506 18 1093, 0 0 0 0 0 1 0 0 0 0
1515921107.91 11425 18087 17315 11336 4951 5616 5590 5597 17 2540, 0 0 0 0 0 1 0 0 0 0
1515921108.96 13682 17318 14581 11997 4753 7617 7886 7905 28 3761, 0 0 0 0 0 1 0 0 0 0
1515921109.99 14987 17953 15072 13910 4556 5969 7149 7148 11 3266, 0 0 0 0 0 1 0 0 0 0
1515921111.06 16281 18839 16112 14171 4703 5067 9313 9313 8 2311, 0 0 0 0 0 1 0 0 0 0
1515921112.11 14932 18448 16192 13944 4079 4813 9350 9369 15 2965, 0 0 0 0 0 1 0 0 0 0
1515921113.14 23395 29243 25514 22847 10428 5823 10753 8558 25 2452, 0 0 0 0 0 1 0 0 0 0
1515921114.19 15094 21048 19038 15257 8412 4045 7334 9548 21 19, 0 0 0 0 0 1 0 0 0 0
1515921115.25 15901 21114 18173 14419 5998 4591 9085 9085 18 27, 0 0 0 0 0 1 0 0 0 0
1515921116.28 16131 20081 16666 12746 7114 7492 9399 9418 23 42, 0 0 0 0 0 1 0 0 0 0
1515921117.31 12891 20021 17260 13133 8147 6337 6142 6155 23 38, 0 0 0 0 0 1 0 0 0 0
1515921118.34 13927 17618 14890 12366 9099 7765 7197 7207 18 44, 0 0 0 0 0 1 0 0 0 0
1515921119.37 13645 17949 16767 10646 9051 10014 8723 8734 22 34, 0 0 0 0 0 1 0 0 0 0
1515921120.41 12607 16481 16945 11913 8244 10513 8557 8577 24 41, 0 0 0 0 0 1 0 0 0 0
1515921121.46 17128 16304 15731 11312 7739 11272 14578 14594 20 27, 0 0 0 0 0 1 0 0 0 0
1515921122.51 15542 16211 13912 10935 7015 9867 12957 12969 24 41, 0 0 0 0 0 1 0 0 0 0
1515921123.57 16576 15633 12923 9594 6530 12092 11294 11293 17 42, 0 0 0 0 0 1 0 0 0 0
1515921124.66 14708 15704 13715 12704 9094 10955 8589 8588 20 31, 0 0 0 0 0 1 0 0 0 0
1515921125.75 25050 27616 22778 20085 11623 15575 13256 13271 19 23, 0 0 0 0 0 1 0 0 0 0
1515921126.78 15578 17327 14384 14662 9900 10848 7650 7663 20 24, 0 0 0 0 0 1 0 0 0 0
1515921127.81 14697 17032 13522 13993 9477 12912 6812 6832 26 35, 0 0 0 0 0 1 0 0 0 0
1515921128.86 14782 18589 14339 13391 7644 9992 6596 6596 20 31, 0 0 0 0 0 1 0 0 0 0
1515921129.9 15580 18045 12358 11866 6340 11446 8649 8643 10 15, 0 0 0 0 0 1 0 0 0 0
1515921130.92 16272 17175 12510 10997 5989 10161 9359 9385 26 50, 0 0 0 0 0 1 0 0 0 0
1515921131.96 16413 18757 15941 11387 6545 9682 8098 8105 16 26, 0 0 0 0 0 1 0 0 0 0
1515921132.99 15705 17689 17325 12542 6535 7384 6463 6471 13 18, 0 0 0 0 0 1 0 0 0 0
1515921134.03 13909 17034 17267 14041 5512 5837 6365 6376 20 26, 0 0 0 0 0 1 0 0 0 0
1515921135.07 14643 16076 17479 12844 5388 7408 9611 9616 16 35, 0 0 0 0 0 1 0 0 0 0
1515921136.12 14899 18031 16826 13344 4977 6148 8389 7917 22 509, 0 0 0 0 0 1 0 0 0 0
1515921137.17 13154 17279 17248 15704 7875 8526 8803 8257 22 1584, 0 0 0 0 0 1 0 0 0 0
1515921138.21 21641 26020 21230 21286 14148 15359 9723 9509 44 2855, 0 0 0 0 0 1 0 0 0 0
1515921139.26 12760 15782 10567 11366 11534 11879 5449 5459 26 793, 0 0 0 0 0 1 0 0 0 0
1515921140.29 12722 14946 9773 12469 13273 11994 4845 4842 25 711, 0 0 0 0 0 1 0 0 0 0
1515921141.32 11766 18046 12262 13466 11896 10997 3315 3332 17 1236, 0 0 0 0 0 1 0 0 0 0
1515921142.37 12380 17132 11597 13063 11856 11608 4611 4609 14 1378, 0 0 0 0 0 1 0 0 0 0
1515921143.42 13292 16135 9131 13264 12206 11596 5324 5334 19 2533, 0 0 0 0 0 1 0 0 0 0
1515921144.47 12786 16658 12944 17275 14314 12074 4692 4711 24 1943, 0 0 0 0 0 1 0 0 0 0
1515921145.51 10397 17933 15232 16762 12163 9319 3863 3882 22 1835, 0 0 0 0 0 1 0 0 0 0
1515921146.57 10320 16659 20010 16503 10865 8100 2830 2840 23 1541, 0 0 0 0 0 1 0 0 0 0
1515921147.6 9992 16077 19393 15472 8882 6180 1650 1659 25 909, 0 0 0 0 0 1 0 0 0 0
1515921148.7 10347 18424 22096 17143 8529 4616 2836 2857 28 1396, 0 0 0 0 0 1 0 0 0 0
1515921149.72 15911 22592 31829 25186 11091 8364 7167 7211 38 2964, 0 0 0 0 0 1 0 0 0 0
1515921150.76 12141 14153 17642 16734 9383 8514 6958 6971 33 1214, 0 0 0 0 0 1 0 0 0 0
1515921151.78 13199 14920 17772 12944 7439 10137 8288 8316 33 926, 0 0 0 0 0 1 0 0 0 0
1515921152.84 13795 13495 15185 15389 8324 11340 8741 8760 33 1215, 0 0 0 0 0 1 0 0 0 0
1515921153.87 12883 13216 15688 16575 8678 9568 9442 9455 22 1366, 0 0 0 0 0 1 0 0 0 0
1515921154.93 11465 14327 16159 14630 9131 13528 10285 10298 26 1325, 0 0 0 0 0 1 0 0 0 0
1515921155.97 12626 15515 17186 14452 11080 12673 10127 10150 24 75, 0 0 0 0 0 1 0 0 0 0
1515921157.05 13601 15026 14495 11621 9525 13748 11877 11880 19 1192, 0 0 0 0 0 1 0 0 0 0
1515921158.11 12972 13332 16435 11921 10274 14333 9464 9519 24 1729, 0 0 0 0 0 1 0 0 0 0
1515921159.17 14260 14670 14642 9710 10650 14977 10957 10940 25 843, 0 0 0 0 0 1 0 0 0 0
1515921160.23 15263 14012 13377 7205 9864 15623 12637 12657 27 47, 0 0 0 0 0 1 0 0 0 0
1515921161.28 20833 20477 21367 15011 19339 22760 15246 15271 39 47, 0 0 0 0 0 1 0 0 0 0
1515921162.34 11660 13592 13552 11969 15193 15817 8884 8895 19 1748, 0 0 0 0 0 1 0 0 0 0
1515921163.39 10989 14483 14974 12191 15236 14887 8333 8352 23 616, 0 0 0 0 0 1 0 0 0 0
1515921164.44 11187 15388 15864 11888 14300 14325 8094 8109 24 44, 0 0 0 0 0 1 0 0 0 0
1515921165.5 13039 16709 15998 12717 15126 14044 8283 8291 26 34, 0 0 0 0 0 1 0 0 0 0
1515921166.52 11930 16937 17212 13794 15874 13868 8397 8426 19 19, 0 0 0 0 0 1 0 0 0 0
1515921167.55 10386 15700 16647 15843 16881 12531 6113 6119 26 30, 0 0 0 0 0 1 0 0 0 0
1515921168.58 10666 15352 16207 14904 18595 14370 6749 6761 19 25, 0 0 0 0 0 1 0 0 0 0
1515921169.61 12458 15316 16355 14428 18180 14734 10077 10086 12 14, 0 0 0 0 0 1 0 0 0 0
1515921170.63 10499 12713 14909 16638 19254 13665 9193 9202 15 23, 0 0 0 0 0 1 0 0 0 0
1515921171.67 8441 11786 14801 18617 19387 11110 6727 6751 29 33, 0 0 0 0 0 1 0 0 0 0
1515921172.7 7960 11292 13707 18582 20316 12153 5525 5543 21 801, 0 0 0 0 0 1 0 0 0 0
1515921173.73 8377 12143 14581 19383 18369 11199 5014 5032 24 1859, 0 0 0 0 0 1 0 0 0 0
1515921174.76 13865 18393 20039 27555 26574 19007 8320 8337 43 2819, 0 0 0 0 0 1 0 0 0 0
1515921175.83 9708 12750 14401 17424 15879 12111 6903 6921 20 1581, 0 0 0 0 0 1 0 0 0 0
1515921176.86 10631 13164 12424 15121 14346 11862 6387 6403 20 1794, 0 0 0 0 0 1 0 0 0 0
1515921177.9 12647 13785 13019 16199 13169 14221 7346 7363 23 1422, 0 0 0 0 0 1 0 0 0 0
1515921178.93 12790 14212 13194 16544 14739 15169 8708 8723 25 1325, 0 0 0 0 0 1 0 0 0 0
1515921179.96 10898 14139 12794 17102 14986 12504 5678 5698 24 863, 0 0 0 0 0 1 0 0 0 0
1515921181.02 12578 16054 12397 17204 16658 12679 5721 5744 32 263, 0 0 0 0 0 1 0 0 0 0
1515921182.1 13387 18211 13819 15424 14684 13617 5545 5563 26 1678, 0 0 0 0 0 1 0 0 0 0
1515921183.15 12369 16362 15083 13981 13175 12647 5155 5202 28 2237, 0 0 0 0 0 1 0 0 0 0
1515921184.2 11742 14605 14730 17693 12243 11394 6248 6230 21 2743, 0 0 0 0 0 1 0 0 0 0
1515921185.23 12014 16760 17553 16337 10591 9274 5782 5792 24 259, 0 0 0 0 0 1 0 0 0 0
1515921186.27 13465 16338 17852 18198 10147 9089 5653 5681 35 2034, 0 0 0 0 0 1 0 0 0 0
1515921187.36 20840 23627 25754 26550 11637 11710 10935 10960 40 2777, 0 0 0 0 0 1 0 0 0 0
1515921188.42 11486 14468 16669 18131 9128 8271 5913 5928 19 3419, 0 0 0 0 0 1 0 0 0 0
1515921189.46 10885 15713 17280 16766 8869 7393 3118 3132 23 2715, 0 0 0 0 0 1 0 0 0 0
1515921190.5 10700 16148 18375 15835 10713 8361 5071 5088 27 2157, 0 0 0 0 0 1 0 0 0 0
1515921191.56 9934 15960 18061 15468 9970 8134 5543 5547 22 1761, 0 0 0 0 0 1 0 0 0 0
1515921192.6 9183 15488 17702 17847 11737 5521 4140 4137 13 385, 0 0 0 0 0 1 0 0 0 0
1515921193.65 10085 14096 17326 18732 9816 5274 4834 4846 20 1975, 0 0 0 0 0 1 0 0 0 0
1515921194.7 10942 14490 17556 16551 7727 6134 5468 5486 19 1845, 0 0 0 0 0 1 0 0 0 0
1515921195.74 12791 15143 16217 12822 6793 6856 6763 6788 24 1925, 0 0 0 0 0 1 0 0 0 0
1515921196.77 13237 12959 12838 14339 8710 8271 8928 8933 19 1596, 0 0 0 0 0 1 0 0 0 0
1515921197.8 17514 22380 22278 23584 15467 8438 9467 9484 25 2068, 0 0 0 0 0 1 0 0 0 0
1515921198.85 11642 16379 16563 18122 13085 7415 6481 6488 18 1226, 0 0 0 0 0 1 0 0 0 0
1515921199.92 9535 17239 19202 18176 11926 5194 4600 4618 20 960, 0 0 0 0 0 1 0 0 0 0
1515921200.96 12321 17255 18362 15608 9695 6590 8104 8116 17 448, 0 0 0 0 0 1 0 0 0 0
1515921202.01 11999 15941 16522 14946 9429 6393 8134 8147 18 175, 0 0 0 0 0 1 0 0 0 0
1515921203.03 11266 15181 15879 15513 6583 3367 6233 6246 19 242, 0 0 0 0 0 1 0 0 0 0
1515921204.09 10450 13966 12957 15201 10741 3848 6140 6143 18 34, 0 0 0 0 0 1 0 0 0 0
1515921205.13 12764 16136 12256 12378 7772 5168 7819 7810 16 33, 0 0 0 0 0 1 0 0 0 0
1515921206.16 15046 18382 11270 9653 6579 7342 9404 9426 20 24, 0 0 0 0 0 1 0 0 0 0
1515921207.24 13241 18485 15120 10776 6959 7124 8000 8005 23 38, 0 0 0 0 0 1 0 0 0 0
1515921208.3 13923 18863 14278 10745 7611 8842 9832 10029 18 27, 0 0 0 0 0 1 0 0 0 0
1515921209.34 22345 28010 20886 16400 11823 13809 16576 16406 22 31, 0 0 0 0 0 1 0 0 0 0
1515921210.4 16719 19492 13080 10907 7535 9781 12535 12541 12 26, 0 0 0 0 0 1 0 0 0 0
1515921211.46 14990 17728 12865 11050 8112 8289 10200 10207 18 31, 0 0 0 0 0 1 0 0 0 0
1515921212.52 11737 14575 12918 11943 12762 7454 7970 7983 18 46, 0 0 0 0 0 1 0 0 0 0
1515921213.57 12087 16584 13439 11957 11873 9183 9827 9834 16 29, 0 0 0 0 0 1 0 0 0 0
1515921214.62 12223 13407 15096 14367 11687 8355 8881 8896 18 618, 0 0 0 0 0 1 0 0 0 0
1515921215.65 11811 13408 15763 16217 10852 9186 9283 9297 16 2263, 0 0 0 0 0 1 0 0 0 0
1515921216.69 11874 14652 16503 15692 11505 8859 8526 8531 10 767, 0 0 0 0 0 1 0 0 0 0
1515921217.74 10497 13670 16009 14235 11327 9064 7989 7994 9 18, 0 0 0 0 0 1 0 0 0 0
1515921218.76 9384 15767 18604 14442 10937 8720 7070 7067 10 24, 0 0 0 0 0 1 0 0 0 0
1515921219.79 8004 15085 17523 14192 12821 7277 5030 5043 13 26, 0 0 0 0 0 1 0 0 0 0
1515921220.85 12634 18288 14449 16432 18072 7991 5210 5211 24 27, 0 0 0 0 0 1 0 0 0 0
1515921221.93 12353 21900 23059 17287 10245 6468 8421 8441 18 37, 0 0 0 0 0 1 0 0 0 0
1515921223.03 11516 18386 17630 14496 8933 4803 5515 5507 12 46, 0 0 0 0 0 1 0 0 0 0
1515921224.12 11321 18199 18063 14291 8102 6547 6251 6265 14 1083, 0 0 0 0 0 1 0 0 0 0
1515921225.18 12422 17994 17005 14603 6372 5203 7744 7739 11 1428, 0 0 0 0 0 1 0 0 0 0
1515921226.23 12293 18242 17516 13737 5972 5779 7918 7924 14 1775, 0 0 0 0 0 1 0 0 0 0
1515921227.3 13008 18138 16612 14473 7237 6265 8618 8625 13 942, 0 0 0 0 0 1 0 0 0 0
1515921228.37 12935 16489 15443 14430 8169 7146 9509 9514 11 1940, 0 0 0 0 0 1 0 0 0 0
1515921229.41 22866 23381 20848 20426 12344 11215 17109 17127 17 2480, 0 0 0 0 0 1 0 0 0 0
1515921230.49 13219 16138 15258 14613 8474 6304 9664 9655 12 1339, 0 0 0 0 0 1 0 0 0 0
1515921231.55 11500 15664 15538 12543 8820 6623 7718 7723 15 29, 0 0 0 0 0 1 0 0 0 0
1515921232.61 11917 15752 16227 11489 7486 4448 7738 7745 7 11, 0 0 0 0 0 1 0 0 0 0
1515921233.65 12580 16411 15068 11497 8567 7015 8487 8500 14 25, 0 0 0 0 0 1 0 0 0 0
1515921234.7 11988 16069 14133 10194 8852 6541 7459 7450 9 22, 0 0 0 0 0 1 0 0 0 0
1515921235.75 13582 16979 11814 10134 8995 7554 9214 9216 10 15, 0 0 0 0 0 1 0 0 0 0
1515921236.83 12296 16642 12990 11405 9510 8543 7959 7957 10 28, 0 0 0 0 0 1 0 0 0 0
1515921237.91 11246 16038 13303 10312 7441 5126 5058 5061 12 21, 0 0 0 0 0 1 0 0 0 0
1515921238.95 17264 22932 22573 18900 11297 7606 9805 9825 28 31, 0 0 0 0 0 1 0 0 0 0
1515921239.99 12399 16881 16799 13399 7099 4654 6574 6588 17 30, 0 0 0 0 0 1 0 0 0 0
1515921241.1 11039 17410 15823 13667 6766 3762 4312 4335 21 32, 0 0 0 0 0 1 0 0 0 0
1515921242.17 9733 16438 18321 15717 5595 2399 3785 3792 13 19, 0 0 0 0 0 1 0 0 0 0
1515921243.21 10533 15801 17382 14328 6780 2925 5384 5391 18 28, 0 0 0 0 0 1 0 0 0 0
1515921244.26 12734 16898 16296 12574 6209 4063 6687 6696 17 26, 0 0 0 0 0 1 0 0 0 0
1515921245.28 13016 15561 15205 13759 8316 6252 8181 8187 9 959, 0 0 0 0 0 1 0 0 0 0
1515921246.38 11148 13543 14064 15585 7934 4882 6128 6149 9 2195, 0 0 0 0 0 1 0 0 0 0
1515921247.41 15565 26582 24783 25002 14918 5603 6263 6257 19 2235, 0 0 0 0 0 1 0 0 0 0
1515921248.46 12267 18139 15641 15435 10098 6154 6908 6915 12 1665, 0 0 0 0 0 1 0 0 0 0
1515921249.51 13182 17062 14642 14537 8672 4110 7156 7157 9 1377, 0 0 0 0 0 1 0 0 0 0
1515921250.57 12894 16452 12898 15697 9868 5871 8187 8196 16 1405, 0 0 0 0 0 1 0 0 0 0
1515921251.59 12058 15008 13499 16145 11317 6695 7418 7455 9 1261, 0 0 0 0 0 1 0 0 0 0
1515921252.63 10088 13147 13351 15482 11368 5811 6506 6477 14 1381, 0 0 0 0 0 1 0 0 0 0
1515921253.66 9342 13325 14562 16935 13268 5334 5754 5751 11 717, 0 0 0 0 0 1 0 0 0 0
1515921254.69 12600 17145 16325 14967 11023 4424 5555 5555 10 22, 0 0 0 0 0 1 0 0 0 0
1515921255.74 12115 19043 17023 14788 10844 4077 4996 4993 10 22, 0 0 0 0 0 1 0 0 0 0
1515921256.78 10117 17424 15978 16639 10333 3931 4833 4840 9 15, 0 0 0 0 0 1 0 0 0 0
1515921257.84 9758 16158 14087 12597 8770 3176 5005 5016 17 28, 0 0 0 0 0 1 0 0 0 0
1515921258.88 9302 16010 14430 16458 9641 3556 5010 5024 17 1233, 0 0 0 0 0 1 0 0 0 0
1515921259.92 13265 21706 20720 25152 14576 5887 6517 5925 25 2685, 0 0 0 0 0 1 0 0 0 0
1515921260.98 8959 12550 12666 16585 11603 5306 5362 5978 17 2101, 0 0 0 0 0 1 0 0 0 0
1515921262.08 7830 10768 13491 16653 13847 6233 4205 4216 12 1584, 0 0 0 0 0 1 0 0 0 0
1515921263.11 9701 13013 17031 19512 13798 5533 5207 5219 16 1125, 0 0 0 0 0 1 0 0 0 0
1515921264.2 10093 12907 16805 18268 12711 6528 4533 4549 19 1449, 0 0 0 0 0 1 0 0 0 0
1515921265.23 10366 13458 18688 17512 11709 5926 6293 6300 13 2175, 0 0 0 0 0 1 0 0 0 0
1515921266.3 12089 12933 18258 17573 10176 6221 7971 7983 18 693, 0 0 0 0 0 1 0 0 0 0
1515921267.33 11564 11587 15600 16328 11070 6007 9584 9595 17 301, 0 0 0 0 0 1 0 0 0 0
1515921268.37 10671 11404 14877 16919 9309 6141 9833 9845 16 1839, 0 0 0 0 0 1 0 0 0 0
1515921269.41 11824 10300 13926 16191 8376 7566 10622 10636 17 1102, 0 0 0 0 0 1 0 0 0 0
1515921270.49 16252 17933 22026 26309 17056 10449 11931 11947 22 646, 0 0 0 0 0 1 0 0 0 0
1515921271.52 10522 14111 16287 16639 9831 6412 5721 5734 22 599, 0 0 0 0 0 1 0 0 0 0
1515921272.59 9241 13152 16806 18472 12933 5900 4041 4058 22 422, 0 0 0 0 0 1 0 0 0 0
1515921273.62 10089 13585 16175 20673 12055 6481 4722 4730 13 488, 0 0 0 0 0 1 0 0 0 0
1515921274.67 10797 14123 17109 18017 11407 5843 3632 3630 18 29, 0 0 0 0 0 1 0 0 0 0
1515921275.74 11540 14635 15344 17412 12083 6164 4653 4664 23 37, 0 0 0 0 0 1 0 0 0 0
1515921276.77 12269 15908 16004 15807 10300 6052 5493 5519 17 21, 0 0 0 0 0 1 0 0 0 0
1515921277.84 10928 15024 13900 13742 8526 4606 4903 4906 19 33, 0 0 0 0 0 1 0 0 0 0
1515921278.9 10843 14196 12706 13543 9811 5142 5575 5591 17 27, 0 0 0 0 0 1 0 0 0 0
1515921279.92 11072 14557 11723 10621 6162 3337 4826 4831 16 29, 0 0 0 0 0 1 0 0 0 0
1515921280.95 21105 29579 23726 20427 14005 9450 11952 11966 21 33, 0 0 0 0 0 1 0 0 0 0
1515921281.97 14433 20027 15634 14670 8784 5553 9661 9670 20 36, 0 0 0 0 0 1 0 0 0 0
1515921283.01 15372 19816 16809 13137 8194 6057 10996 11028 18 30, 0 0 0 0 0 1 0 0 0 0
1515921284.08 15167 18868 14920 12602 9006 6612 11801 11805 30 38, 0 0 0 0 0 1 0 0 0 0
1515921285.12 14701 18736 14766 10891 8278 7273 11415 11429 22 34, 0 0 0 0 0 1 0 0 0 0
1515921286.17 14283 18478 16146 12575 7034 6225 8862 8882 28 38, 0 0 0 0 0 1 0 0 0 0
1515921287.25 11329 16033 17231 14811 10069 7078 7681 7703 25 31, 0 0 0 0 0 1 0 0 0 0
1515921288.32 10168 15321 16641 14110 10580 6608 5938 5944 19 40, 0 0 0 0 0 1 0 0 0 0
1515921289.38 11007 16656 17150 13971 12761 7974 7394 7417 29 44, 0 0 0 0 0 1 0 0 0 0
1515921290.41 10257 18504 20706 16551 11271 5626 5100 5119 25 32, 0 0 0 0 0 1 0 0 0 0
1515921291.48 10314 19330 20028 15016 11074 4998 4733 4745 16 19, 0 0 0 0 0 1 0 0 0 0
1515921292.51 14936 25790 26164 24623 18383 9642 8216 8238 25 40, 0 0 0 0 0 1 0 0 0 0
1515921293.56 12325 17536 16616 15852 11455 7247 7698 7701 11 22, 0 0 0 0 0 1 0 0 0 0
1515921294.65 12253 17398 16386 13041 8986 6722 7151 7163 14 27, 0 0 0 0 0 1 0 0 0 0
1515921295.71 10740 15761 15533 14080 10242 5879 6162 6176 25 40, 0 0 0 0 0 1 0 0 0 0
1515921296.75 10710 14982 17653 16065 12430 6001 5160 5181 23 39, 0 0 0 0 0 1 0 0 0 0
1515921297.79 9739 14223 13526 12639 9737 3834 4338 4345 15 27, 0 0 0 0 0 1 0 0 0 0
1515921298.84 10048 15060 16237 14942 8891 2692 4907 4918 25 32, 0 0 0 0 0 1 0 0 0 0
1515921299.88 11653 16027 17440 13529 7305 3736 5833 5843 14 50, 0 0 0 0 0 1 0 0 0 0
1515921300.93 13665 17613 16996 12628 6159 5929 7178 7198 16 2036, 0 0 0 0 0 1 0 0 0 0
1515921302.0 13096 17034 17655 11779 6307 5753 8014 8024 18 536, 0 0 0 0 0 1 0 0 0 0
1515921303.06 14072 22788 25263 17751 10216 6225 9552 9574 32 260, 0 0 0 0 0 1 0 0 0 0
1515921304.13 7841 16596 18119 13296 7628 4339 4227 4250 17 1837, 0 0 0 0 0 1 0 0 0 0
1515921305.26 7181 15404 16422 13929 7349 3578 4006 4010 17 2043, 0 0 0 0 0 1 0 0 0 0
1515921306.4 6005 14213 15077 11477 6190 3051 2320 2328 14 2145, 0 0 0 0 0 1 0 0 0 0
1515921307.44 5661 13255 14498 10319 6335 3147 1706 1723 18 1636, 0 0 0 0 0 1 0 0 0 0
1515921308.5 6141 15541 15710 10739 5096 2312 1750 1759 14 983, 0 0 0 0 0 1 0 0 0 0
1515921309.55 10873 25704 24692 19787 10998 2652 2140 2163 30 1559, 0 0 0 0 0 1 0 0 0 0
1515921310.58 10426 19400 18128 13763 6198 1859 3007 3017 14 896, 0 0 0 0 0 1 0 0 0 0
1515921311.64 10085 17349 15958 12922 6626 3040 4585 4601 17 1465, 0 0 0 0 0 1 0 0 0 0
1515921312.7 10192 16251 13561 11737 7056 5098 4611 4618 14 760, 0 0 0 0 0 1 0 0 0 0
1515921313.77 12200 16961 14848 15509 9691 6162 5374 5382 13 741, 0 0 0 0 0 1 0 0 0 0
1515921314.81 11182 16693 15331 16958 10884 4907 4341 4358 23 568, 0 0 0 0 0 1 0 0 0 0
1515921315.86 11468 16359 14818 15922 11018 4507 3678 3688 16 23, 0 0 0 0 0 1 0 0 0 0
1515921316.91 14635 15481 12240 14277 10554 6525 6655 6669 20 27, 0 0 0 0 0 1 0 0 0 0
1515921317.98 12965 13313 10312 13794 9749 4966 7323 7339 15 40, 0 0 0 0 0 1 0 0 0 0
1515921319.02 13119 14325 11478 14182 9069 6194 7143 7157 23 1539, 0 0 0 0 0 1 0 0 0 0
1515921320.06 18178 19790 17812 24068 12090 7576 12123 12141 33 2503, 0 0 0 0 0 1 0 0 0 0
1515921321.14 13766 15013 13296 15774 10779 6400 8243 8264 26 961, 0 0 0 0 0 1 0 0 0 0
1515921322.23 13089 15662 14776 14734 9030 5383 4955 4959 29 100, 0 0 0 0 0 1 0 0 0 0
1515921323.26 9331 11698 12537 14661 8554 5891 2939 2955 21 2572, 0 0 0 0 0 1 0 0 0 0
1515921324.3 8040 11789 13342 16379 8501 5020 2547 2553 17 2092, 0 0 0 0 0 1 0 0 0 0
1515921325.33 8865 13211 13450 16915 10323 5505 3618 3634 11 1763, 0 0 0 0 0 1 0 0 0 0
1515921326.4 9202 15341 15866 17385 11316 5840 5132 5149 23 1493, 0 0 0 0 0 1 0 0 0 0
1515921327.45 8115 14063 15236 16577 10083 3541 3797 3806 27 1306, 0 0 0 0 0 1 0 0 0 0
1515921328.48 8509 16875 18108 19585 10726 2670 3955 3988 27 906, 0 0 0 0 0 1 0 0 0 0
1515921329.55 9428 16069 18230 18884 11828 3754 5806 5803 30 888, 0 0 0 0 0 1 0 0 0 0
1515921330.59 15658 25902 26849 25876 16277 6025 9409 8027 33 1454, 0 0 0 0 0 1 0 0 0 0
1515921331.64 8980 14869 18350 16392 9242 4670 7659 6216 29 1497, 0 0 0 0 0 1 0 0 0 0
1515921332.66 10128 14726 18228 16651 8333 5748 7591 6918 24 2038, 0 0 0 0 0 1 0 0 0 0
1515921333.7 10653 15096 17133 14612 7945 4621 5946 5819 17 892, 0 0 0 0 0 1 0 0 0 0
1515921334.73 10395 17051 20688 14682 7987 3603 3704 3709 12 13, 0 0 0 0 0 1 0 0 0 0
1515921335.76 9770 14773 19813 17394 8221 3437 4851 4865 26 26, 0 0 0 0 0 1 0 0 0 0
1515921336.83 7265 14205 21471 16316 8111 3260 4279 4289 18 21, 0 0 0 0 0 1 0 0 0 0
1515921337.85 9335 14493 18598 14960 7158 1897 5484 5494 15 24, 0 0 0 0 0 1 0 0 0 0
1515921338.89 11506 14414 17680 17121 8019 3632 7932 7941 23 31, 0 0 0 0 0 1 0 0 0 0
1515921339.94 7281 12233 14880 15396 7595 1502 4518 4525 11 25, 0 0 0 0 0 1 0 0 0 0
1515921340.97 10276 13402 13960 15809 7752 2898 6109 6119 27 43, 0 0 0 0 0 1 0 0 0 0
1515921342.0 12429 15313 14867 16636 9704 5208 7501 7506 21 29, 0 0 0 0 0 1 0 0 0 0
1515921343.05 13823 18151 15414 15088 9504 4416 7687 7698 18 23, 0 0 0 0 0 1 0 0 0 0
1515921344.11 20366 26371 23613 22705 16732 8854 9221 8722 23 32, 0 0 0 0 0 1 0 0 0 0
1515921345.16 13379 16647 18899 18420 12596 4547 8235 8746 10 18, 0 0 0 0 0 1 0 0 0 0
1515921346.2 11726 17535 18291 17297 12435 5115 5806 5812 11 12, 0 0 0 0 0 1 0 0 0 0
1515921347.26 11631 14370 14849 16755 12238 5586 6603 6619 29 35, 0 0 0 0 0 1 0 0 0 0
1515921348.29 13297 12422 14224 12179 8834 6540 8862 8867 10 17, 0 0 0 0 0 1 0 0 0 0
1515921349.32 10798 15268 17142 15090 11339 5641 5815 5832 17 23, 0 0 0 0 0 1 0 0 0 0
1515921350.35 9214 14063 16042 14503 9045 4983 3912 3928 21 32, 0 0 0 0 0 1 0 0 0 0
1515921351.38 9585 15078 16394 13477 7804 3514 2984 2991 14 21, 0 0 0 0 0 1 0 0 0 0
1515921352.41 11819 16894 16733 12710 8305 3547 5864 5871 20 28, 0 0 0 0 0 1 0 0 0 0
1515921353.45 12039 18334 16741 12873 7912 4152 4795 4800 8 12, 0 0 0 0 0 1 0 0 0 0
1515921354.5 13722 17440 17009 13861 9831 4060 7295 7298 14 16, 0 0 0 0 0 1 0 0 0 0
1515921355.55 13781 19116 17500 13134 7331 4537 8456 8464 21 31, 0 0 0 0 0 1 0 0 0 0
1515921356.61 14649 18894 16119 13938 8947 4961 9656 9671 21 28, 0 0 0 0 0 1 0 0 0 0
1515921357.64 21393 27335 23145 19158 13850 6698 13840 13845 17 20, 0 0 0 0 0 1 0 0 0 0
1515921358.67 13337 15706 13650 12483 8877 7069 11091 11101 14 15, 0 0 0 0 0 1 0 0 0 0
1515921359.7 12766 15045 15358 15436 8411 6429 8468 8472 8 1836, 0 0 0 0 0 1 0 0 0 0
1515921360.72 11514 12142 14399 15702 8589 6523 7596 7601 12 2203, 0 0 0 0 0 1 0 0 0 0
1515921361.75 11546 12443 12949 14957 9026 5510 8177 8178 11 1745, 0 0 0 0 0 1 0 0 0 0
1515921362.79 12882 12805 13546 14284 8868 5698 6997 7021 15 1873, 0 0 0 0 0 1 0 0 0 0
1515921363.82 12531 14448 15084 15312 11208 6633 6144 6136 11 565, 0 0 0 0 0 1 0 0 0 0
1515921364.88 12748 15570 17055 15217 11312 4718 5490 5498 9 17, 0 0 0 0 0 1 0 0 0 0
1515921365.94 13377 15371 15892 12286 9120 5144 7070 7076 15 26, 0 0 0 0 0 1 0 0 0 0
1515921366.99 12834 15765 16005 10632 8324 5716 6412 6418 18 26, 0 0 0 0 0 1 0 0 0 0
1515921368.02 13300 16925 17942 11038 6139 4327 5414 5409 8 21, 0 0 0 0 0 1 0 0 0 0
1515921369.07 15057 18310 19656 12267 8542 6647 7757 7756 14 20, 0 0 0 0 0 1 0 0 0 0
1515921370.12 13862 16940 17554 11349 6106 5933 6734 6751 13 17, 0 0 0 0 0 1 0 0 0 0
1515921371.15 20297 25372 27503 19790 10256 5400 8663 8677 28 41, 0 0 0 0 0 1 0 0 0 0
1515921372.2 12675 15761 19305 15706 7867 4640 6033 6037 19 25, 0 0 0 0 0 1 0 0 0 0
1515921373.26 12317 12696 14474 11924 7096 5657 7699 7708 13 22, 0 0 0 0 0 1 0 0 0 0
1515921374.3 13756 14946 15764 12130 5668 4886 8907 8914 21 28, 0 0 0 0 0 1 0 0 0 0
1515921375.33 16329 17048 15744 10960 5906 4223 10097 10124 28 37, 0 0 0 0 0 1 0 0 0 0
1515921376.37 15148 17309 14843 10863 6399 4004 8539 8545 19 36, 0 0 0 0 0 1 0 0 0 0
1515921377.41 13343 16586 14958 10420 6475 4693 7547 7542 13 16, 0 0 0 0 0 1 0 0 0 0
1515921378.45 12335 15167 13350 8185 5745 5010 7328 7351 20 26, 0 0 0 0 0 1 0 0 0 0
1515921379.47 10616 16300 14909 13597 8817 3594 4613 4625 18 18, 0 0 0 0 0 1 0 0 0 0
1515921380.51 9661 15678 17525 13667 8590 3999 4971 5030 11 6, 0 0 0 0 0 1 0 0 0 0
1515921381.53 10286 19262 20924 14351 8443 3417 4530 4502 24 27, 0 0 0 0 0 1 0 0 0 0
1515921382.57 10855 18689 20362 13496 7847 4097 3234 3248 17 16, 0 0 0 0 0 1 0 0 0 0
1515921383.65 11068 18637 19879 13609 8229 3983 3014 3034 13 20, 0 0 0 0 0 1 0 0 0 0
1515921384.74 15619 27640 27724 21856 13148 4791 4295 4299 22 30, 0 0 0 0 0 1 0 0 0 0
1515921385.78 11107 16829 16063 14317 9985 4910 4785 4788 18 31, 0 0 0 0 0 1 0 0 0 0
1515921386.81 11832 15883 16796 11891 10143 5479 5230 5233 15 23, 0 0 0 0 0 1 0 0 0 0
1515921387.85 11529 15762 14617 12393 7038 4181 5428 5438 19 33, 0 0 0 0 0 1 0 0 0 0
1515921388.89 12374 15493 15453 12695 11122 6792 7374 7383 15 18, 0 0 0 0 0 1 0 0 0 0
1515921389.94 12328 15570 15449 11817 10672 8882 8991 8998 18 26, 0 0 0 0 0 1 0 0 0 0
1515921391.0 11240 16945 15035 12079 10882 7545 6422 6434 20 32, 0 0 0 0 0 1 0 0 0 0
1515921392.06 12891 18182 15186 11307 10928 8089 8105 8122 13 20, 0 0 0 0 0 1 0 0 0 0
1515921393.11 13123 18332 13868 9187 9226 7270 7057 7056 18 27, 0 0 0 0 0 1 0 0 0 0
1515921394.18 12565 13746 10537 8529 8848 7616 8203 8210 15 27, 0 0 0 0 0 1 0 0 0 0
1515921395.25 19331 22016 17930 16759 13721 10293 11359 11386 35 69, 0 0 0 0 0 1 0 0 0 0
1515921396.28 13928 14309 13241 12872 10151 6095 7437 7448 16 22, 0 0 0 0 0 1 0 0 0 0
1515921397.32 11777 15055 13876 13238 9319 4599 6188 6194 24 31, 0 0 0 0 0 1 0 0 0 0
1515921398.4 13011 13032 13901 12141 8747 5322 8457 8477 21 23, 0 0 0 0 0 1 0 0 0 0
1515921399.51 13629 13300 12617 11826 7365 4138 7412 7395 19 23, 0 0 0 0 0 1 0 0 0 0
1515921400.61 13734 13506 13301 13813 10132 4714 5780 5827 21 37, 0 0 0 0 0 1 0 0 0 0
1515921401.65 10977 10380 11065 11606 8728 2779 3881 3903 26 36, 0 0 0 0 0 1 0 0 0 0
1515921402.7 13735 16952 17562 19191 14331 4227 4568 4588 38 62, 0 0 0 0 0 1 0 0 0 0
1515921403.73 13492 13496 12994 12748 10522 5095 5295 5311 28 35, 0 0 0 0 0 1 0 0 0 0
1515921404.81 14519 14518 13108 13154 8816 5299 5852 5869 29 40, 0 0 0 0 0 1 0 0 0 0
1515921405.89 15332 11614 9984 10788 9205 8281 9738 9751 22 28, 0 0 0 0 0 1 0 0 0 0
1515921406.92 12915 10968 10308 11002 8221 6148 8761 8785 19 51, 0 0 0 0 0 1 0 0 0 0
1515921407.98 10895 10233 10852 14236 9457 5472 6883 6885 17 225, 0 0 0 0 0 1 0 0 0 0
1515921409.05 10723 12265 13259 14814 9084 6694 7489 7495 11 1299, 0 0 0 0 0 1 0 0 0 0
1515921410.1 10712 11595 11423 15892 9079 6031 7939 7936 9 1851, 0 0 0 0 0 1 0 0 0 0
1515921411.16 11102 11068 13415 14932 10521 8097 8303 8323 15 20, 0 0 0 0 0 1 0 0 0 0
1515921412.24 17874 17837 19654 23824 15785 11460 12061 12068 24 28, 0 0 0 0 0 1 0 0 0 0
1515921413.29 11767 11712 13929 15347 9901 7107 6723 6738 19 28, 0 0 0 0 0 1 0 0 0 0
1515921414.38 11542 11668 15377 14311 9082 7901 8836 8845 20 28, 0 0 0 0 0 1 0 0 0 0
1515921415.41 10898 16033 17018 15988 9176 5925 6453 6455 18 34, 0 0 0 0 0 1 0 0 0 0
1515921416.43 12735 17118 18492 15466 7386 4111 6307 6313 9 12, 0 0 0 0 0 1 0 0 0 0
1515921417.46 12457 18364 18358 15369 7385 4384 5134 5144 18 26, 0 0 0 0 0 1 0 0 0 0
1515921418.49 13903 16867 15287 13094 7368 6333 8140 8147 22 28, 0 0 0 0 0 1 0 0 0 0
1515921419.51 13006 18252 17214 14468 7848 6059 8154 8171 15 19, 0 0 0 0 0 1 0 0 0 0
1515921420.55 13171 17670 16460 13778 9070 6055 7944 7943 14 29, 0 0 0 0 0 1 0 0 0 0
1515921421.57 13741 17432 14288 12054 7895 5906 7937 7942 15 39, 0 0 0 0 0 1 0 0 0 0
1515921422.61 13201 18517 15176 11844 8026 6107 6646 6647 14 31, 0 0 0 0 0 1 0 0 0 0
1515921423.68 11400 16015 15343 12473 8520 7052 6263 6264 8 19, 0 0 0 0 0 1 0 0 0 0
1515921424.71 17237 21904 20861 19368 15153 11652 8063 9763 10 1072, 0 0 0 0 0 1 0 0 0 0
1515921425.75 11328 14644 13660 13784 10570 11764 13086 11386 11 2220, 0 0 0 0 0 1 0 0 0 0
1515921426.8 11435 13603 12991 14799 11562 8901 7090 7124 15 2148, 0 0 0 0 0 1 0 0 0 0
1515921427.84 12704 13724 11726 13907 9456 6496 6916 6890 12 2550, 0 0 0 0 0 1 0 0 0 0
1515921428.89 12056 12893 12443 16437 10426 7443 5558 5583 13 3605, 0 0 0 0 0 1 0 0 0 0
1515921429.95 12340 14421 13305 14703 10574 7592 5390 5393 16 2086, 0 0 0 0 0 1 0 0 0 0
1515921430.98 11814 12574 13576 15673 10668 6936 5988 6006 24 2151, 0 0 0 0 0 1 0 0 0 0
1515921432.09 9795 11456 13541 17917 13061 7342 5923 5936 20 1050, 0 0 0 0 0 1 0 0 0 0
1515921433.14 10162 10225 12840 17989 12779 7168 7498 7517 24 1934, 0 0 0 0 0 1 0 0 0 0
1515921434.18 11685 13339 13982 17348 11914 6018 6779 6785 24 412, 0 0 0 0 0 1 0 0 0 0
1515921435.24 11794 14380 14251 17781 14009 6431 6819 6839 17 24, 0 0 0 0 0 1 0 0 0 0
1515921436.31 18215 20754 20610 25199 15478 8061 11215 11214 22 37, 0 0 0 0 0 1 0 0 0 0
1515921437.35 11291 15332 14111 17053 10084 4546 5283 5286 9 18, 0 0 0 0 0 1 0 0 0 0
1515921438.39 11718 13385 13770 15513 12630 5531 7362 7377 16 26, 0 0 0 0 0 1 0 0 0 0
1515921439.41 12122 13531 13487 14793 12211 5533 6431 6425 17 29, 0 0 0 0 0 1 0 0 0 0
1515921440.45 11658 13199 14424 16116 12627 4262 5709 5728 22 24, 0 0 0 0 0 1 0 0 0 0
1515921441.47 11801 15394 16663 15211 11368 3995 4872 4884 27 32, 0 0 0 0 0 1 0 0 0 0
1515921442.5 11217 16804 16817 14415 11240 5875 5100 5120 16 18, 0 0 0 0 0 1 0 0 0 0
1515921443.53 11144 17106 18958 17126 12599 6127 5587 5613 18 17, 0 0 0 0 0 1 0 0 0 0
1515921444.57 10261 16817 17228 14426 10548 5893 4481 4471 17 22, 0 0 0 0 0 1 0 0 0 0
1515921445.61 9449 16480 17263 13971 10237 6437 5301 5313 22 26, 0 0 0 0 0 1 0 0 0 0
1515921446.64 11523 17962 17142 15945 10013 5772 6106 6127 23 21, 0 0 0 0 0 1 0 0 0 0
1515921447.69 10935 16993 17919 15384 10292 4228 4804 4806 20 21, 0 0 0 0 0 1 0 0 0 0
1515921448.72 12358 14372 15822 17005 10215 6293 6688 6709 17 25, 0 0 0 0 0 1 0 0 0 0
1515921449.77 12382 16831 16617 15997 9424 5823 6951 6961 21 21, 0 0 0 0 0 1 0 0 0 0
1515921450.81 14661 24513 26392 26837 17994 7742 7784 7798 21 28, 0 0 0 0 0 1 0 0 0 0
1515921451.87 8798 15715 18189 17158 12829 6807 4441 4453 19 22, 0 0 0 0 0 1 0 0 0 0
1515921452.91 9938 18120 20469 15413 12401 5104 4445 4452 15 20, 0 0 0 0 0 1 0 0 0 0
1515921453.98 9950 15868 19062 15911 10588 5169 5779 5781 8 13, 0 0 0 0 0 1 0 0 0 0
1515921455.02 9051 15369 19442 14260 8574 3973 4793 4802 14 18, 0 0 0 0 0 1 0 0 0 0
1515921456.07 9691 16427 18761 12943 8615 5059 5694 5717 12 15, 0 0 0 0 0 1 0 0 0 0
1515921457.09 10024 17882 20310 12415 6717 3727 5485 5480 10 11, 0 0 0 0 0 1 0 0 0 0
1515921458.12 12530 16851 16171 8891 6059 4664 8662 8668 12 13, 0 0 0 0 0 1 0 0 0 0
1515921459.16 14407 18533 16601 8747 5608 6912 9594 9602 14 23, 0 0 0 0 0 1 0 0 0 0
1515921460.2 14322 18971 18538 10443 6487 6466 9788 9790 5 12, 0 0 0 0 0 1 0 0 0 0
1515921461.23 14048 18068 16941 10767 8854 8259 11306 11310 9 7, 0 0 0 0 0 1 0 0 0 0
1515921462.26 14370 17555 17045 10591 7874 6941 11318 11327 11 12, 0 0 0 0 0 1 0 0 0 0
1515921463.31 19432 26813 27206 20853 13668 9637 14155 14167 16 13, 0 0 0 0 0 1 0 0 0 0
1515921464.33 13113 17383 16086 12908 8320 5824 9551 9554 12 28, 0 0 0 0 0 1 0 0 0 0
1515921465.4 10759 14576 15582 13216 10078 6045 8463 8472 11 16, 0 0 0 0 0 1 0 0 0 0
1515921466.44 11483 15769 14088 10056 8660 5232 8156 8168 16 23, 0 0 0 0 0 1 0 0 0 0
1515921467.47 10213 14763 11499 9934 7272 3388 5373 5383 17 26, 0 0 0 0 0 1 0 0 0 0
1515921468.5 10327 16117 12634 13215 10006 4747 5745 5280 21 511, 0 0 0 0 0 1 0 0 0 0
1515921469.53 9344 17252 16241 15304 9703 2869 4804 2942 10 1882, 0 0 0 0 0 1 0 0 0 0
1515921470.56 9941 18400 17299 17522 10610 2474 3985 3054 18 966, 0 0 0 0 0 1 0 0 0 0
1515921471.59 9828 19263 17711 15954 10851 2100 4011 3320 20 737, 0 0 0 0 0 1 0 0 0 0
1515921472.63 12026 18218 17062 14545 8532 3664 6407 5802 13 636, 0 0 0 0 0 1 0 0 0 0
1515921473.67 10423 15565 14658 14239 9742 4915 7051 4568 9 2514, 0 0 0 0 0 1 0 0 0 0
1515921474.75 11740 18673 16862 10970 9074 4358 5732 5098 12 659, 0 0 0 0 0 1 0 0 0 0
1515921475.77 11322 18461 17966 11426 9315 3820 3962 3904 14 89, 0 0 0 0 0 1 0 0 0 0
1515921476.81 16047 29652 31380 19128 12749 5504 5051 5057 14 24, 0 0 0 0 0 1 0 0 0 0
1515921477.88 14015 19636 18339 12272 7251 5995 8481 8488 9 14, 0 0 0 0 0 1 0 0 0 0
1515921478.92 11249 16818 18216 13489 8371 5562 5600 5603 7 739, 0 0 0 0 0 1 0 0 0 0
1515921479.96 10074 16767 18157 13508 5925 4394 4984 4988 6 2156, 0 0 0 0 0 1 0 0 0 0
1515921481.04 8641 14942 18097 14433 7040 4566 5961 5971 15 1862, 0 0 0 0 0 1 0 0 0 0
1515921482.06 8758 14842 18250 12918 6708 4672 5919 5928 14 510, 0 0 0 0 0 1 0 0 0 0
1515921483.16 7646 15015 19164 13257 8963 4704 4525 4531 14 396, 0 0 0 0 0 1 0 0 0 0
1515921484.23 9694 14359 16565 14924 9082 5980 6135 6151 11 2419, 0 0 0 0 0 1 0 0 0 0
1515921485.27 8777 13462 16790 14719 9305 5751 5689 5685 10 3634, 0 0 0 0 0 1 0 0 0 0
1515921486.29 11214 14874 18437 14484 7347 6787 6428 6441 11 2912, 0 0 0 0 0 1 0 0 0 0
1515921487.32 10092 15331 18189 16973 7250 5634 4975 4985 13 3547, 0 0 0 0 0 1 0 0 0 0
1515921488.35 15436 23794 26338 23488 11914 8829 7873 7882 25 4199, 0 0 0 0 0 1 0 0 0 0
1515921489.38 10730 14178 15934 18039 9319 5935 6376 6387 15 5521, 0 0 0 0 0 1 0 0 0 0
1515921490.43 11897 14872 15096 15971 10169 6539 8444 8451 13 3601, 0 0 0 0 0 1 0 0 0 0
1515921491.48 10926 12762 15425 16115 11964 7141 7496 7496 10 3412, 0 0 0 0 0 1 0 0 0 0
1515921492.53 11654 11352 13093 16846 11453 6677 9022 9037 12 2617, 0 0 0 0 0 1 0 0 0 0
1515921493.61 9492 12033 13112 15859 13374 5392 5950 5952 7 1033, 0 0 0 0 0 1 0 0 0 0
1515921494.66 6959 10117 15160 13738 12170 6572 5706 5723 22 853, 0 0 0 0 0 1 0 0 0 0
1515921495.69 8969 12168 17200 14189 11569 6330 5357 5362 8 1766, 0 0 0 0 0 1 0 0 0 0
1515921496.72 10006 13064 15559 12399 9683 8021 4893 4900 17 1436, 0 0 0 0 0 1 0 0 0 0
1515921497.79 9262 12917 16473 12777 10494 7049 5658 5680 18 562, 0 0 0 0 0 1 0 0 0 0
1515921498.82 10381 12093 16472 14432 9884 7729 5582 5573 14 1161, 0 0 0 0 0 1 0 0 0 0
1515921499.89 14998 16258 15897 13251 9803 6508 5141 5130 12 1086, 0 0 0 0 0 1 0 0 0 0
1515921500.93 12341 18880 26372 24538 15630 6879 6799 6829 20 1763, 0 0 0 0 0 1 0 0 0 0
1515921501.97 10051 14704 16727 17833 9690 6302 4773 4781 17 3693, 0 0 0 0 0 1 0 0 0 0
1515921503.05 10284 13159 14369 17596 9575 5990 4103 4109 12 4563, 0 0 0 0 0 1 0 0 0 0
1515921504.09 10175 13559 14868 15594 6895 5502 3532 3561 25 3793, 0 0 0 0 0 1 0 0 0 0
1515921505.13 9621 14309 16789 15110 6307 5496 3734 3746 18 4226, 0 0 0 0 0 1 0 0 0 0
1515921506.15 8721 13011 16435 16818 7539 4479 4679 4686 15 3267, 0 0 0 0 0 1 0 0 0 0
1515921507.19 12327 13184 14534 16588 5924 4198 6473 6484 15 2600, 0 0 0 0 0 1 0 0 0 0
1515921508.22 12093 14397 15647 13466 6991 3428 6454 6464 11 19, 0 0 0 0 0 1 0 0 0 0
1515921509.28 10695 12497 16125 13656 7597 5628 7635 7644 11 20, 0 0 0 0 0 1 0 0 0 0
1515921510.31 10442 12418 17805 16918 10924 6048 6595 6606 13 22, 0 0 0 0 0 1 0 0 0 0
1515921511.34 9603 13420 18521 17244 9904 5587 5582 5595 14 21, 0 0 0 0 0 1 0 0 0 0
1515921512.42 12495 10956 16834 17145 10936 6071 6651 7721 13 34, 0 0 0 0 0 1 0 0 0 0
1515921513.48 10229 20410 27965 21211 15033 8462 9758 8725 27 25, 0 0 0 0 0 1 0 0 0 0
1515921514.57 8286 14060 17814 15552 11072 5560 4369 4375 14 24, 0 0 0 0 0 1 0 0 0 0
1515921515.6 7740 13325 18230 16078 12120 5365 3592 3605 13 18, 0 0 0 0 0 1 0 0 0 0
1515921516.63 7270 14434 20669 15389 10561 5437 4924 4962 16 28, 0 0 0 0 0 1 0 0 0 0
1515921517.68 8053 13193 16488 13355 10102 5789 6359 6347 13 22, 0 0 0 0 0 1 0 0 0 0
1515921518.74 9948 14044 17442 14619 9598 5481 6683 6692 18 25, 0 0 0 0 0 1 0 0 0 0
1515921519.78 10846 13156 16201 12648 9393 6863 9149 9153 13 16, 0 0 0 0 0 1 0 0 0 0
1515921520.82 10246 13672 17740 13323 8414 7249 9431 9447 20 33, 0 0 0 0 0 1 0 0 0 0
1515921521.87 9518 12393 16233 13282 9470 7498 9418 9428 13 18, 0 0 0 0 0 1 0 0 0 0
1515921522.96 17068 21624 24446 21121 12509 8476 13732 13758 29 1773, 0 0 0 0 0 1 0 0 0 0
1515921524.03 11202 15023 16964 15033 8912 5692 7171 7183 19 1765, 0 0 0 0 0 1 0 0 0 0
1515921525.05 10585 12628 15335 15148 9422 6402 7114 7121 10 1403, 0 0 0 0 0 1 0 0 0 0
1515921526.08 11842 14120 17375 17040 10066 6737 7820 7813 18 1259, 0 0 0 0 0 1 0 0 0 0
1515921527.13 12620 15085 17704 16072 10551 6908 8117 8144 13 346, 0 0 0 0 0 1 0 0 0 0
1515921528.16 10870 13541 17984 15421 9925 5430 5281 5292 21 31, 0 0 0 0 0 1 0 0 0 0
1515921529.2 9848 14659 17099 16548 8720 4415 4472 4491 24 37, 0 0 0 0 0 1 0 0 0 0
1515921530.25 10428 16477 19508 13350 6862 2833 2318 2330 12 12, 0 0 0 0 0 1 0 0 0 0
1515921531.32 10516 15697 17845 12024 7319 3927 3364 3378 21 23, 0 0 0 0 0 1 0 0 0 0
1515921532.37 9670 13734 15768 11047 5895 3803 3082 3098 14 17, 0 0 0 0 0 1 0 0 0 0
1515921533.44 10279 15545 15941 11854 6759 3211 2913 2921 15 18, 0 0 0 0 0 1 0 0 0 0
1515921534.5 16080 20731 21127 17657 9678 5081 6203 6218 32 57, 0 0 0 0 0 1 0 0 0 0
1515921535.58 10400 14631 13665 9483 6697 4547 4318 4336 20 32, 0 0 0 0 0 1 0 0 0 0
1515921536.61 10116 15159 14024 9541 6650 3474 4944 4960 23 24, 0 0 0 0 0 1 0 0 0 0
1515921537.66 10380 13262 12936 11117 7463 4127 5477 5494 23 299, 0 0 0 0 0 1 0 0 0 0
1515921538.71 11430 16833 14605 13541 7765 4182 5356 5372 16 3100, 0 0 0 0 0 1 0 0 0 0
1515921539.74 10597 16133 13146 12490 6802 4511 5784 5796 17 3164, 0 0 0 0 0 1 0 0 0 0
1515921540.78 12164 15150 14974 17079 8609 5728 7227 7239 14 2937, 0 0 0 0 0 1 0 0 0 0
1515921541.82 12095 14885 16508 16581 8040 5477 6586 6602 17 2914, 0 0 0 0 0 1 0 0 0 0
1515921542.89 8598 13837 16937 18843 8783 4402 3452 3453 11 3215, 0 0 0 0 0 1 0 0 0 0
1515921543.94 14234 20572 25059 29189 12716 6556 6393 6417 30 2902, 0 0 0 0 0 1 0 0 0 0
1515921544.99 10252 12826 14788 14668 7869 4200 6270 6283 18 910, 0 0 0 0 0 1 0 0 0 0
1515921546.05 9632 13776 14573 16883 7850 5112 4760 4772 22 2261, 0 0 0 0 0 1 0 0 0 0
1515921547.1 10587 13194 11969 12100 5895 3733 3849 3861 21 1293, 0 0 0 0 0 1 0 0 0 0
1515921548.14 11490 15053 13975 11936 5767 3286 4194 4204 16 1813, 0 0 0 0 0 1 0 0 0 0
1515921549.16 9524 15968 15590 15418 5966 2235 1811 1821 17 2969, 0 0 0 0 0 1 0 0 0 0
1515921550.2 11506 16661 16740 15509 6627 3535 3588 3600 31 1336, 0 0 0 0 0 1 0 0 0 0
1515921551.23 12435 18728 17092 15841 5452 2700 4868 4878 28 2270, 0 0 0 0 0 1 0 0 0 0
1515921552.28 12132 20129 19148 15990 4116 2962 6367 6386 18 2147, 0 0 0 0 0 1 0 0 0 0
1515921553.37 12613 20561 19603 17598 5068 2516 6251 6270 25 1537, 0 0 0 0 0 1 0 0 0 0
1515921554.4 12944 19474 19828 14543 5976 3469 8941 8942 10 18, 0 0 0 0 0 1 0 0 0 0
1515921555.43 11861 17281 16786 14067 6154 4146 7569 7582 18 28, 0 0 0 0 0 1 0 0 0 0
1515921556.49 20254 23511 21614 21656 12750 7423 13216 13236 32 45, 0 0 0 0 0 1 0 0 0 0
1515921557.53 11295 16283 14051 12087 8523 4536 6805 6813 18 24, 0 0 0 0 0 1 0 0 0 0
1515921558.58 13256 16500 13795 12529 8520 5370 9322 9340 15 18, 0 0 0 0 0 1 0 0 0 0
1515921559.69 13646 16501 15118 13832 6977 5296 8538 8532 20 23, 0 0 0 0 0 1 0 0 0 0
1515921560.73 12003 15517 14742 13814 7999 3977 7206 7237 8 9, 0 0 0 0 0 1 0 0 0 0
1515921561.75 12097 16582 15368 14162 7146 4600 6397 6400 6 8, 0 0 0 0 0 1 0 0 0 0
1515921562.78 12247 16862 15499 17145 7504 3391 6554 6565 17 21, 0 0 0 0 0 1 0 0 0 0
1515921563.84 13282 18093 17462 16146 7153 5580 7409 7296 16 155, 0 0 0 0 0 1 0 0 0 0
1515921564.88 11665 16763 15677 13797 5516 4572 6900 6447 17 504, 0 0 0 0 0 1 0 0 0 0
1515921565.91 12966 16087 16203 14238 5649 4855 10140 9850 22 335, 0 0 0 0 0 1 0 0 0 0
1515921566.97 13808 17123 15960 11842 5350 6305 11019 10451 18 588, 0 0 0 0 0 1 0 0 0 0
1515921568.0 20129 24456 23485 17964 8293 10181 14041 13606 15 475, 0 0 0 0 0 1 0 0 0 0
1515921569.03 10731 16196 17062 15854 6075 5248 6557 5529 11 2225, 0 0 0 0 0 1 0 0 0 0
1515921570.07 9227 14120 17399 17480 5919 5847 6420 5765 10 2622, 0 0 0 0 0 1 0 0 0 0
1515921571.12 10450 15960 18719 16336 6051 6381 6453 5544 8 2971, 0 0 0 0 0 1 0 0 0 0
1515921572.18 8384 17664 21247 15138 6374 2961 4281 3533 12 1704, 0 0 0 0 0 1 0 0 0 0
1515921573.22 12582 16057 19116 16708 7380 5212 6021 5840 12 415, 0 0 0 0 0 1 0 0 0 0
1515921574.28 12517 16144 17157 13627 6313 5916 6844 6477 11 1015, 0 0 0 0 0 1 0 0 0 0
1515921575.32 9889 17194 18488 13549 7584 4245 5570 5575 6 11, 0 0 0 0 0 1 0 0 0 0
1515921576.36 9640 16504 17962 14764 7797 3572 2468 2477 13 28, 0 0 0 0 0 1 0 0 0 0
1515921577.39 9536 16133 18200 17849 11041 3604 2191 2200 15 21, 0 0 0 0 0 1 0 0 0 0
1515921578.42 8895 16397 18294 17095 11418 3058 1019 1025 10 24, 0 0 0 0 0 1 0 0 0 0
1515921579.46 9618 19036 17466 15701 8949 2330 245 34 13 240, 0 0 0 0 0 1 0 0 0 0
1515921580.54 16736 29469 25471 24940 16277 4990 2246 2171 11 1034, 0 0 0 0 0 1 0 0 0 0
1515921581.59 12021 20181 16361 13163 7991 5805 6667 4976 12 784, 0 0 0 0 0 1 0 0 0 0
1515921582.64 15035 16325 14175 12182 7510 5176 10314 9790 14 569, 0 0 0 0 0 1 0 0 0 0
1515921583.72 12739 18744 16041 13157 10016 6215 8011 7138 7 890, 0 0 0 0 0 1 0 0 0 0
1515921584.78 12323 17403 17276 14809 9229 5571 8986 7499 2 1501, 0 0 0 0 0 1 0 0 0 0
1515921585.82 12413 15222 15154 14821 9146 6170 9339 8268 12 1094, 0 0 0 0 0 1 0 0 0 0
1515921586.9 11554 14652 15359 13189 9901 6164 7930 7391 11 582, 0 0 0 0 0 1 0 0 0 0
1515921587.93 12345 15705 13853 13255 7607 5355 5889 5903 12 1411, 0 0 0 0 0 1 0 0 0 0
1515921588.97 11246 13331 12868 14547 10874 7545 6872 6876 13 1683, 0 0 0 0 0 1 0 0 0 0
1515921590.03 11335 13021 13460 15731 11793 6200 5422 5433 13 1376, 0 0 0 0 0 1 0 0 0 0
1515921591.06 14993 20932 21900 27324 17017 7742 7198 7213 19 2945, 0 0 0 0 0 1 0 0 0 0
1515921592.09 9918 14170 12742 17291 10160 4896 4413 4421 15 2946, 0 0 0 0 0 1 0 0 0 0
1515921593.15 11796 15204 12909 15272 8008 4294 5040 5043 10 2308, 0 0 0 0 0 1 0 0 0 0
1515921594.28 10192 13772 12366 14688 8464 4416 4193 4196 9 1548, 0 0 0 0 0 1 0 0 0 0
1515921595.31 8710 13508 14901 16405 10725 6009 5048 5056 16 1048, 0 0 0 0 0 1 0 0 0 0
1515921596.37 9232 13928 15509 15845 10774 6659 5357 5359 13 363, 0 0 0 0 0 1 0 0 0 0
1515921597.4 9890 14677 15362 15342 9829 5191 4175 4175 9 700, 0 0 0 0 0 1 0 0 0 0
1515921598.44 10318 15755 15940 15769 10770 5669 5603 5619 21 552, 0 0 0 0 0 1 0 0 0 0
1515921599.48 9412 12296 14444 14569 11453 5665 6524 6539 22 843, 0 0 0 0 0 1 0 0 0 0
1515921600.5 10363 12189 13370 16270 12226 4862 5935 5944 15 23, 0 0 0 0 0 1 0 0 0 0
1515921601.53 16812 21655 21901 24424 16357 8364 8110 7329 26 48, 0 0 0 0 0 1 0 0 0 0
1515921602.57 10863 13325 12861 14942 10040 6325 8602 9399 11 13, 0 0 0 0 0 1 0 0 0 0
1515921603.61 11172 13222 14843 17320 11217 5999 5710 5707 10 14, 0 0 0 0 0 1 0 0 0 0
1515921604.67 10806 16508 17379 16894 9096 5238 3921 3940 11 22, 0 0 0 0 0 1 0 0 0 0
1515921605.7 11818 15365 15735 15058 9024 4699 5267 5274 11 18, 0 0 0 0 0 1 0 0 0 0
1515921606.73 10443 14861 15110 13856 7278 4052 5851 5858 15 24, 0 0 0 0 0 1 0 0 0 0
1515921607.82 11859 16137 14530 13895 6754 4546 4639 4645 14 18, 0 0 0 0 0 1 0 0 0 0
1515921608.88 13079 14103 13816 14836 8077 5025 6918 6924 9 18, 0 0 0 0 0 1 0 0 0 0
1515921609.93 12656 15943 15206 13350 5773 5760 7716 7723 13 27, 0 0 0 0 0 1 0 0 0 0
1515921610.96 13215 13834 15065 13537 5826 4804 9653 9666 13 20, 0 0 0 0 0 1 0 0 0 0
1515921612.02 12126 12536 14094 13411 5653 4209 8726 8728 8 14, 0 0 0 0 0 1 0 0 0 0
1515921613.06 18792 22660 21323 17274 7654 5179 11150 11156 13 23, 0 0 0 0 0 1 0 0 0 0
1515921614.08 12271 15945 16266 11122 5724 4634 7145 7149 9 16, 0 0 0 0 0 1 0 0 0 0
1515921615.13 11054 14946 15463 11929 7798 5000 6698 6711 15 20, 0 0 0 0 0 1 0 0 0 0
1515921616.2 10703 16625 19033 15536 9299 2919 4713 4718 14 32, 0 0 0 0 0 1 0 0 0 0
1515921617.25 9084 16595 18273 14695 8846 3857 3917 3927 14 127, 0 0 0 0 0 1 0 0 0 0
1515921618.33 8884 16908 19775 15835 8249 3835 3679 3686 20 269, 0 0 0 0 0 1 0 0 0 0
1515921619.38 9510 17868 19372 14002 8721 4023 3722 3737 21 1308, 0 0 0 0 0 1 0 0 0 0
1515921620.45 8258 15349 17889 15508 9392 3900 4009 4009 12 1941, 0 0 0 0 0 1 0 0 0 0
1515921621.49 9237 18434 20764 14237 9315 3840 2646 2653 9 1346, 0 0 0 0 0 1 0 0 0 0
1515921622.54 9311 18095 20938 12269 8037 4204 2574 2584 16 1485, 0 0 0 0 0 1 0 0 0 0
1515921623.58 15472 28621 29326 18387 11517 5616 4262 4272 14 677, 0 0 0 0 0 1 0 0 0 0
1515921624.64 9192 18652 20751 12042 8642 3906 4275 4280 11 19, 0 0 0 0 0 1 0 0 0 0
1515921625.7 8623 15955 20036 13676 8211 4575 5495 5498 7 12, 0 0 0 0 0 1 0 0 0 0
1515921626.75 9178 15212 17215 13771 10100 5037 6495 6503 13 20, 0 0 0 0 0 1 0 0 0 0
1515921627.81 9069 14336 18466 14923 7791 2648 5527 5533 8 14, 0 0 0 0 0 1 0 0 0 0
1515921628.86 10528 17799 19600 14675 8887 3563 5515 5522 17 24, 0 0 0 0 0 1 0 0 0 0
1515921629.92 9884 16224 19422 17751 9756 4144 5965 5972 8 55, 0 0 0 0 0 1 0 0 0 0
1515921630.97 10873 15283 18213 17944 9131 3763 5460 5470 17 838, 0 0 0 0 0 1 0 0 0 0
1515921632.02 10172 16293 18897 18368 7503 2418 3980 3987 9 807, 0 0 0 0 0 1 0 0 0 0
1515921633.08 11285 15216 16998 18536 8155 1618 4198 4212 19 456, 0 0 0 0 0 1 0 0 0 0
1515921634.13 16828 23381 25719 26797 11325 4707 5383 5396 18 945, 0 0 0 0 0 1 0 0 0 0
1515921635.19 12445 15690 15481 15360 7694 5271 6271 6275 10 420, 0 0 0 0 0 1 0 0 0 0
1515921636.27 11256 16485 15463 16774 7778 3158 3466 3483 11 17, 0 0 0 0 0 1 0 0 0 0
1515921637.3 11227 16949 15043 16319 9277 2559 2855 2858 10 18, 0 0 0 0 0 1 0 0 0 0
1515921638.33 11666 15718 14708 16465 8563 4255 4673 4680 9 13, 0 0 0 0 0 1 0 0 0 0
1515921639.37 11942 17033 17640 17220 9050 5052 5467 5477 10 14, 0 0 0 0 0 1 0 0 0 0
1515921640.42 11580 15104 15887 16573 9405 6298 7224 7239 5 1649, 0 0 0 0 0 1 0 0 0 0
1515921641.48 10355 12433 15107 17286 8238 7548 7107 7121 12 2697, 0 0 0 0 0 1 0 0 0 0
1515921642.51 10953 13652 15810 16686 7859 6521 6718 6712 12 2266, 0 0 0 0 0 1 0 0 0 0
1515921643.56 11876 15074 15528 15764 7122 7019 6390 6393 14 2346, 0 0 0 0 0 1 0 0 0 0
1515921644.59 12485 16289 16743 12882 6543 7202 7659 7657 10 290, 0 0 0 0 0 1 0 0 0 0
1515921645.65 19547 24885 25152 21458 12038 9612 13762 13771 24 48, 0 0 0 0 0 1 0 0 0 0
1515921646.68 12019 15562 16167 16837 10034 5519 7342 7344 11 22, 0 0 0 0 0 1 0 0 0 0
1515921647.71 11814 14729 15276 15697 9848 5241 7154 7169 16 27, 0 0 0 0 0 1 0 0 0 0
1515921648.77 12008 15246 15208 16583 8300 5508 6471 6472 8 18, 0 0 0 0 0 1 0 0 0 0
1515921649.83 11231 13670 15241 17631 8286 4915 6976 6984 19 37, 0 0 0 0 0 1 0 0 0 0
1515921650.89 10040 14603 15854 18142 7333 3832 5870 5880 14 19, 0 0 0 0 0 1 0 0 0 0
1515921651.92 10078 14276 15458 17185 6082 3721 5871 5879 14 20, 0 0 0 0 0 1 0 0 0 0
1515921652.97 9203 14860 15718 14738 7381 3514 5144 5142 12 21, 0 0 0 0 0 1 0 0 0 0
1515921654.0 9660 14851 17469 16404 6181 4414 5713 5726 14 22, 0 0 0 0 0 1 0 0 0 0
1515921655.05 9958 16180 18556 17162 7535 3584 5334 5353 13 20, 0 0 0 0 0 1 0 0 0 0
1515921656.09 9801 15727 17721 15782 6420 3429 5951 5956 7 20, 0 0 0 0 0 1 0 0 0 0
1515921657.11 8871 16123 17518 16309 6170 1599 4613 4613 12 24, 0 0 0 0 0 1 0 0 0 0
1515921658.14 11482 18575 23627 20117 13191 4198 6684 6229 27 56, 0 0 0 0 0 1 0 0 0 0
1515921659.17 7307 10858 20875 21834 10619 5081 5327 5819 33 46, 0 0 0 0 0 1 0 0 0 0
1515921660.2 8385 12119 16496 17811 9753 5418 5412 5420 15 40, 0 0 0 0 0 1 0 0 0 0
1515921661.23 8839 12280 15524 17756 9111 5613 6632 6632 16 29, 0 0 0 0 0 1 0 0 0 0
1515921662.26 7921 13316 16925 14729 8628 3758 5440 5447 14 21, 0 0 0 0 0 1 0 0 0 0
1515921663.31 8698 13440 14319 13813 7846 3089 6349 6351 9 25, 0 0 0 0 0 1 0 0 0 0
1515921664.4 10833 11871 13481 11998 7734 4404 8167 8176 16 30, 0 0 0 0 0 1 0 0 0 0
1515921665.45 12865 12720 12345 13388 9912 4730 7206 7203 13 25, 0 0 0 0 0 1 0 0 0 0
1515921666.48 13220 10950 10906 14499 11766 6304 7943 7937 7 20, 0 0 0 0 0 1 0 0 0 0
1515921667.52 12881 13432 11198 12418 10494 5727 6173 6180 13 25, 0 0 0 0 0 1 0 0 0 0
1515921668.56 13030 13045 12720 14262 10863 6814 7412 7420 13 25, 0 0 0 0 0 1 0 0 0 0
1515921669.59 12832 11611 12199 14950 9208 7053 8601 8603 7 15, 0 0 0 0 0 1 0 0 0 0
1515921670.66 10974 14318 15113 13958 8912 3300 4817 4816 15 46, 0 0 0 0 0 1 0 0 0 0
1515921671.7 19079 22442 23074 21083 12549 7037 9577 9578 15 33, 0 0 0 0 0 1 0 0 0 0
1515921672.75 12594 16014 14757 15055 9341 4588 6251 6263 11 22, 0 0 0 0 0 1 0 0 0 0
1515921673.8 12838 14280 14285 13525 9243 6238 6948 6958 18 38, 0 0 0 0 0 1 0 0 0 0
1515921674.84 11145 16322 14391 12817 7639 4084 5278 5289 12 21, 0 0 0 0 0 1 0 0 0 0
1515921675.89 10496 14463 13905 12000 7094 2701 4632 4648 18 28, 0 0 0 0 0 1 0 0 0 0
1515921676.94 8629 14737 15408 13950 9183 2636 1396 1406 13 18, 0 0 0 0 0 1 0 0 0 0
1515921677.99 8264 13856 14596 12804 7942 2815 1916 1915 11 588, 0 0 0 0 0 1 0 0 0 0
1515921679.05 9370 14761 15613 14160 9460 3809 2447 2460 21 967, 0 0 0 0 0 1 0 0 0 0
1515921680.11 9772 15734 13729 14466 8259 4662 3420 3442 17 2400, 0 0 0 0 0 1 0 0 0 0
1515921681.17 8510 13167 12709 13772 8498 5201 3722 3726 20 2621, 0 0 0 0 0 1 0 0 0 0
1515921682.22 14046 18909 17511 21765 13532 8537 8650 8666 26 3584, 0 0 0 0 0 1 0 0 0 0
1515921683.32 10745 12971 10948 13359 8556 6178 6823 6837 23 1510, 0 0 0 0 0 1 0 0 0 0
1515921684.35 12282 14601 11058 13112 8515 6221 7153 7166 19 1277, 0 0 0 0 0 1 0 0 0 0
1515921685.41 10662 14302 10018 12999 8672 6338 6641 6638 22 2074, 0 0 0 0 0 1 0 0 0 0
1515921686.47 10571 15342 11308 13921 10294 6065 6982 6994 13 1301, 0 0 0 0 0 1 0 0 0 0
1515921687.5 11113 16138 11475 13409 9734 6610 7315 7321 14 1422, 0 0 0 0 0 1 0 0 0 0
1515921688.53 10632 15909 13071 13570 9287 6231 5910 5916 10 1092, 0 0 0 0 0 1 0 0 0 0
1515921689.57 13020 16129 12279 13301 10201 9412 7974 7984 19 840, 0 0 0 0 0 1 0 0 0 0
1515921690.61 10758 15576 12263 13112 9780 5521 6057 6070 16 922, 0 0 0 0 0 1 0 0 0 0
1515921691.71 12058 16763 12650 12930 8481 5387 5446 5457 8 559, 0 0 0 0 0 1 0 0 0 0
1515921692.74 16308 22610 18602 20684 14891 8199 8931 8941 17 754, 0 0 0 0 0 1 0 0 0 0
1515921693.79 8736 15162 13793 13319 10343 3133 3385 3385 10 195, 0 0 0 0 0 1 0 0 0 0
1515921694.85 10211 13710 13228 11325 10442 4468 4573 4583 8 17, 0 0 0 0 0 1 0 0 0 0
1515921695.92 10780 14392 13937 12090 11248 4038 4527 3796 10 756, 0 0 0 0 0 1 0 0 0 0
1515921696.96 11574 14668 13051 11268 8008 4282 5365 4862 9 522, 0 0 0 0 0 1 0 0 0 0
1515921698.01 12504 14365 13894 12114 7367 4596 5717 5723 15 26, 0 0 0 0 0 1 0 0 0 0
1515921699.1 11724 14448 14891 12751 8464 4526 6199 6201 6 11, 0 0 0 0 0 1 0 0 0 0
1515921700.17 10203 11619 13086 14631 9587 3774 5430 5435 10 17, 0 0 0 0 0 1 0 0 0 0
1515921701.23 7556 8578 13659 11963 6721 3702 5271 5278 7 8, 0 0 0 0 0 1 0 0 0 0
1515921702.28 13559 18797 24399 19449 11336 5831 7954 7961 11 25, 0 0 0 0 0 1 0 0 0 0
1515921703.32 10436 14983 17126 12160 6952 3733 4817 4823 9 86, 0 0 0 0 0 1 0 0 0 0
1515921704.36 11876 15706 16615 12030 7579 3957 4962 4968 8 916, 0 0 0 0 0 1 0 0 0 0
1515921705.41 11579 16076 17071 11945 8450 5301 5078 5079 8 653, 0 0 0 0 0 1 0 0 0 0
1515921706.46 12703 15322 17249 11128 5273 4202 5304 5308 6 582, 0 0 0 0 0 1 0 0 0 0
1515921707.54 11540 14524 15827 10486 6127 4577 6533 6540 10 233, 0 0 0 0 0 1 0 0 0 0
1515921708.57 13184 16400 15220 11101 4513 4275 6478 6479 8 1010, 0 0 0 0 0 1 0 0 0 0
1515921709.61 11804 15728 15528 12808 6249 5118 6842 6857 14 2112, 0 0 0 0 0 1 0 0 0 0
1515921710.72 12402 17644 17330 15749 6509 3750 5953 5965 12 1814, 0 0 0 0 0 1 0 0 0 0
1515921711.78 17930 26406 25719 20258 8174 3773 6780 6791 23 2180, 0 0 0 0 0 1 0 0 0 0
1515921712.83 11342 19310 19445 15446 6288 1666 4514 4527 16 1204, 0 0 0 0 0 1 0 0 0 0
1515921713.91 9456 19347 19529 15105 5687 761 1466 1461 14 700, 0 0 0 0 0 1 0 0 0 0
1515921714.96 8633 16871 17220 14900 7064 354 1475 1479 10 793, 0 0 0 0 0 1 0 0 0 0
1515921715.99 9191 17104 17366 16203 6990 1136 2651 2663 18 600, 0 0 0 0 0 1 0 0 0 0
1515921717.02 9645 18587 18469 15537 6234 1089 2239 2241 10 627, 0 0 0 0 0 1 0 0 0 0
1515921718.05 9298 16037 17360 17270 6791 1160 2752 2762 6 500, 0 0 0 0 0 1 0 0 0 0
1515921719.09 10520 19814 19698 15689 6939 1378 2719 2728 10 17, 0 0 0 0 0 1 0 0 0 0
1515921720.13 10634 18440 20317 17544 7279 1365 2982 2988 13 25, 0 0 0 0 0 1 0 0 0 0
1515921721.17 11425 19376 21084 15490 6860 2293 3957 3969 13 26, 0 0 0 0 0 1 0 0 0 0
1515921722.22 11832 18923 21199 13842 6746 2769 5033 5037 10 18, 0 0 0 0 0 1 0 0 0 0
1515921723.25 11632 17948 16492 13011 6479 3228 4653 4656 6 9, 0 0 0 0 0 1 0 0 0 0
1515921724.31 17497 25986 25175 21019 13845 8848 9332 9326 15 37, 0 0 0 0 0 1 0 0 0 0
1515921725.37 12941 17859 16574 14391 9593 5393 7408 7427 8 11, 0 0 0 0 0 1 0 0 0 0
1515921726.43 10748 16197 14713 15475 10160 4609 6314 6302 14 22, 0 0 0 0 0 1 0 0 0 0
1515921727.48 10044 14756 14978 15769 10852 4076 5559 5568 16 25, 0 0 0 0 0 1 0 0 0 0
1515921728.52 11537 15892 15765 13602 10573 5154 6846 6871 23 20, 0 0 0 0 0 1 0 0 0 0
1515921729.56 11711 16267 16752 15769 12724 6172 7617 7624 23 24, 0 0 0 0 0 1 0 0 0 0
1515921730.6 12151 16767 14993 14336 11712 6441 9038 9051 17 23, 0 0 0 0 0 1 0 0 0 0
1515921731.67 12190 17273 15568 16431 11098 4702 7281 7294 18 30, 0 0 0 0 0 1 0 0 0 0
1515921732.72 11637 15609 14706 14600 7791 4802 6795 6801 8 17, 0 0 0 0 0 1 0 0 0 0
1515921733.78 11369 14765 13429 12916 6465 5919 6898 6904 15 507, 0 0 0 0 0 1 0 0 0 0
1515921734.85 18129 19988 20864 20890 9952 9080 10538 10551 17 1067, 0 0 0 0 0 1 0 0 0 0
1515921735.93 9474 15838 15225 15659 6622 3512 3126 3132 16 47, 0 0 0 0 0 1 0 0 0 0
1515921736.96 11111 13532 15425 15812 7174 4716 5672 5683 20 36, 0 0 0 0 0 1 0 0 0 0
1515921738.0 10672 16240 16509 14969 7212 3465 4468 4488 23 30, 0 0 0 0 0 1 0 0 0 0
1515921739.06 12176 16495 17398 18302 8726 2897 5710 5720 22 30, 0 0 0 0 0 1 0 0 0 0
1515921740.12 11866 16275 15804 14982 10143 4972 6947 6946 13 21, 0 0 0 0 0 1 0 0 0 0
1515921741.15 11126 13996 14633 15155 8936 3221 6235 6245 13 13, 0 0 0 0 0 1 0 0 0 0
1515921742.19 11080 14218 13165 15342 8609 2650 5869 5876 8 16, 0 0 0 0 0 1 0 0 0 0
1515921743.27 9776 17323 15810 14832 9603 2891 4174 4172 11 25, 0 0 0 0 0 1 0 0 0 0
1515921744.32 13733 29979 30688 21092 12391 4972 4243 3812 21 21, 0 0 0 0 0 1 0 0 0 0
1515921745.34 8952 20542 20066 13992 8395 4685 4720 5182 16 28, 0 0 0 0 0 1 0 0 0 0
1515921746.41 8732 18549 21806 14104 7818 4356 4275 4278 11 15, 0 0 0 0 0 1 0 0 0 0
1515921747.43 7960 17865 20876 13109 7767 2880 3298 3305 12 46, 0 0 0 0 0 1 0 0 0 0
1515921748.5 6793 16296 20642 13573 8517 4073 3653 3649 10 708, 0 0 0 0 0 1 0 0 0 0
1515921749.55 10000 18507 15758 12479 7806 5386 5335 5352 12 1550, 0 0 0 0 0 1 0 0 0 0
1515921750.61 10711 15620 13107 12295 7760 6381 7230 7237 9 2131, 0 0 0 0 0 1 0 0 0 0
1515921751.66 12567 16108 13829 10584 7901 7708 9292 9297 10 1368, 0 0 0 0 0 1 0 0 0 0
1515921752.73 9971 15912 14135 11712 7081 5258 6883 6900 21 1192, 0 0 0 0 0 1 0 0 0 0
1515921753.77 12172 14746 15827 11225 9419 8252 9028 9029 10 1018, 0 0 0 0 0 1 0 0 0 0
1515921754.8 11461 14024 14112 11087 7851 7479 8435 8445 9 867, 0 0 0 0 0 1 0 0 0 0
1515921755.83 14863 22895 24940 22463 13717 7636 9441 9459 26 1701, 0 0 0 0 0 1 0 0 0 0
1515921756.88 11670 13108 13446 13497 8635 6922 7721 7723 9 1199, 0 0 0 0 0 1 0 0 0 0
1515921757.92 9349 11921 12905 12327 8161 5172 6692 6706 9 647, 0 0 0 0 0 1 0 0 0 0
1515921758.99 10271 15192 17519 15837 11338 4812 4365 4363 7 11, 0 0 0 0 0 1 0 0 0 0
1515921760.01 10788 14345 16222 13310 9384 5673 5674 5686 20 30, 0 0 0 0 0 1 0 0 0 0
1515921761.07 11968 12851 13615 13729 8440 6698 8022 8019 18 40, 0 0 0 0 0 1 0 0 0 0
1515921762.11 13313 14990 14745 13982 7918 4931 6715 6720 15 29, 0 0 0 0 0 1 0 0 0 0
1515921763.16 12566 15982 16518 14108 6326 4304 5193 5208 21 34, 0 0 0 0 0 1 0 0 0 0
1515921764.23 13557 16161 16938 15215 7542 4355 4741 4752 14 25, 0 0 0 0 0 1 0 0 0 0
1515921765.31 12017 16178 17404 16463 9979 4409 3697 3707 11 24, 0 0 0 0 0 1 0 0 0 0
1515921766.37 19766 23422 22073 23596 12301 8008 6076 6089 19 1691, 0 0 0 0 0 1 0 0 0 0
1515921767.44 12986 15301 12930 14920 9330 3401 5217 5216 10 15, 0 0 0 0 0 1 0 0 0 0
1515921768.49 10697 16586 15075 14991 8195 3795 3853 3860 9 23, 0 0 0 0 0 1 0 0 0 0
1515921769.56 8174 14469 16151 15162 8264 2141 1829 1833 18 30, 0 0 0 0 0 1 0 0 0 0
1515921770.62 9655 16379 16206 14033 7599 2729 2121 2128 15 27, 0 0 0 0 0 1 0 0 0 0
1515921771.66 9607 16261 17854 13126 5304 2570 4450 4466 24 37, 0 0 0 0 0 1 0 0 0 0
1515921772.7 10851 16310 19829 12887 5371 2269 3614 3626 19 22, 0 0 0 0 0 1 0 0 0 0
1515921773.76 9081 17233 18941 13306 4617 1842 3230 3242 17 19, 0 0 0 0 0 1 0 0 0 0
1515921774.8 10172 16345 18592 13119 5954 2979 4351 4362 18 23, 0 0 0 0 0 1 0 0 0 0
1515921775.84 7986 14556 21824 14517 5851 2026 3328 3333 14 18, 0 0 0 0 0 1 0 0 0 0
1515921776.88 14324 19554 28199 21264 10633 5820 8859 8871 20 32, 0 0 0 0 0 1 0 0 0 0
1515921777.93 8919 13163 18786 13382 6585 4008 5208 5217 15 13, 0 0 0 0 0 1 0 0 0 0
1515921778.99 11385 17679 19380 13757 6734 4008 5584 5599 13 17, 0 0 0 0 0 1 0 0 0 0
1515921780.02 11154 16150 17357 15432 7592 5446 6032 6039 10 176, 0 0 0 0 0 1 0 0 0 0
1515921781.11 9507 13770 16461 15880 7376 6020 4702 4712 19 2014, 0 0 0 0 0 1 0 0 0 0
1515921782.18 8731 14960 18034 15518 7934 6223 5387 5397 17 1736, 0 0 0 0 0 1 0 0 0 0
1515921783.24 9288 14837 16289 14524 9138 6483 4918 4926 11 1968, 0 0 0 0 0 1 0 0 0 0
1515921784.29 9217 17496 17867 13383 6921 4435 4078 4080 10 1803, 0 0 0 0 0 1 0 0 0 0
1515921785.33 10838 17196 16655 12870 6899 4983 4877 4887 16 2073, 0 0 0 0 0 1 0 0 0 0
1515921786.39 17626 23113 21037 17997 10846 6080 7110 9086 16 2900, 0 0 0 0 0 1 0 0 0 0
1515921787.45 11485 13666 14250 10566 6634 6076 10414 8449 12 704, 0 0 0 0 0 1 0 0 0 0
1515921788.53 10498 16623 18522 13210 7709 5317 7036 7040 9 663, 0 0 0 0 0 1 0 0 0 0
1515921789.55 11037 15583 17333 15796 9779 5002 5838 5849 11 1219, 0 0 0 0 0 1 0 0 0 0
1515921790.59 10800 14977 17626 14949 8941 4468 5401 5401 18 56, 0 0 0 0 0 1 0 0 0 0
1515921791.65 10907 14338 16204 18912 9260 4314 4782 4788 16 1942, 0 0 0 0 0 1 0 0 0 0
1515921792.72 13069 12722 12732 15703 6675 4944 5589 5600 16 3890, 0 0 0 0 0 1 0 0 0 0
1515921793.78 12103 14408 15782 15715 6423 5119 5489 5497 8 3357, 0 0 0 0 0 1 0 0 0 0
1515921794.85 11474 16236 17162 16289 7422 5353 5057 5062 10 2770, 0 0 0 0 0 1 0 0 0 0
1515921795.89 14140 22690 24172 24448 10945 5975 4825 4834 13 3558, 0 0 0 0 0 1 0 0 0 0
1515921796.95 7015 14541 17198 18197 9083 3385 2206 2211 13 2061, 0 0 0 0 0 1 0 0 0 0
1515921798.0 7013 13958 13432 17766 10536 3092 1262 1275 14 3347, 0 0 0 0 0 1 0 0 0 0
1515921799.1 8871 15996 16961 17371 8947 3880 2780 2812 22 2992, 0 0 0 0 0 1 0 0 0 0
1515921800.23 8581 14053 15217 12764 6047 3483 2772 2756 13 1663, 0 0 0 0 0 1 0 0 0 0
1515921801.3 9541 14821 16051 12785 6168 3858 4740 4771 19 846, 0 0 0 0 0 1 0 0 0 0
1515921802.37 7451 11224 11873 11125 4281 2134 2824 2815 14 961, 0 0 0 0 0 1 0 0 0 0
1515921803.46 15214 18604 20799 20245 7870 5367 6248 6265 24 1271, 0 0 0 0 0 1 0 0 0 0
1515921804.49 13772 12878 13899 15542 6720 6225 6059 6066 11 1201, 0 0 0 0 0 1 0 0 0 0
1515921805.54 12671 13642 13588 14671 7238 5514 6194 6203 15 571, 0 0 0 0 0 1 0 0 0 0
1515921806.57 11284 16152 18095 14963 9063 4448 4929 4911 13 16, 0 0 0 0 0 1 0 0 0 0
1515921807.64 10027 13206 14363 13807 6936 2699 4486 4507 13 21, 0 0 0 0 0 1 0 0 0 0
1515921808.67 12884 16114 16439 12579 9924 4999 7356 7406 12 24, 0 0 0 0 0 1 0 0 0 0
1515921809.7 13509 16172 15629 13402 8537 3716 7847 7779 9 16, 0 0 0 0 0 1 0 0 0 0
1515921810.74 13266 16829 16427 13630 8654 3430 7090 7123 11 65, 0 0 0 0 0 1 0 0 0 0
1515921811.8 11563 14266 16233 15700 10437 3917 5395 5404 11 1486, 0 0 0 0 0 1 0 0 0 0
1515921812.85 11501 13921 16014 15649 8471 3862 5370 5361 9 1890, 0 0 0 0 0 1 0 0 0 0
1515921813.89 10696 14301 16123 16277 9511 3615 4942 4945 8 2327, 0 0 0 0 0 1 0 0 0 0
1515921814.98 16123 24548 26284 18746 9058 4420 6594 6595 13 2252, 0 0 0 0 0 1 0 0 0 0
1515921816.04 9291 15771 17233 13564 5883 2970 4441 4446 7 1406, 0 0 0 0 0 1 0 0 0 0
1515921817.1 11007 14962 14916 12772 4777 3097 5888 5883 8 1674, 0 0 0 0 0 1 0 0 0 0
1515921818.15 11212 12895 12909 14564 5284 2743 6488 6494 11 1073, 0 0 0 0 0 1 0 0 0 0
1515921819.22 11247 13037 14017 16833 9098 5644 7277 7271 8 1046, 0 0 0 0 0 1 0 0 0 0
1515921820.29 11343 13559 15355 17611 9752 5274 5263 5263 7 468, 0 0 0 0 0 1 0 0 0 0
1515921821.36 13258 11439 12504 15717 9656 6921 9241 9242 8 16, 0 0 0 0 0 1 0 0 0 0
1515921822.39 12478 12626 13088 16830 10846 6883 7734 7738 6 13, 0 0 0 0 0 1 0 0 0 0
1515921823.42 12125 11881 13157 18645 12322 5820 7629 7633 9 15, 0 0 0 0 0 1 0 0 0 0
1515921824.5 19612 19243 19380 23772 15590 9957 11728 11735 16 76, 0 0 0 0 0 1 0 0 0 0
1515921825.53 13320 11860 11987 16306 7199 6762 8223 8230 13 2473, 0 0 0 0 0 1 0 0 0 0
1515921826.56 11713 13552 13143 16489 8085 4421 5603 5614 9 1919, 0 0 0 0 0 1 0 0 0 0
1515921827.59 8149 11483 14511 14445 7698 3885 2733 2737 8 1309, 0 0 0 0 0 1 0 0 0 0
1515921828.63 8775 12783 15994 17485 9014 3741 2645 2650 3 2131, 0 0 0 0 0 1 0 0 0 0
1515921829.65 8423 11665 15760 17826 9897 4127 4544 4547 6 1620, 0 0 0 0 0 1 0 0 0 0
1515921830.69 8007 10486 15482 17177 8946 4063 4467 4475 10 1363, 0 0 0 0 0 1 0 0 0 0
1515921831.72 9502 12065 15511 15950 9113 6248 5767 5760 7 1494, 0 0 0 0 0 1 0 0 0 0
1515921832.77 9005 13952 17794 16659 8840 5389 4862 4859 6 976, 0 0 0 0 0 1 0 0 0 0
1515921833.8 10012 15229 16760 14773 11932 6688 5712 5712 5 13, 0 0 0 0 0 1 0 0 0 0
1515921834.85 10324 15985 15608 12906 11320 7528 6389 6387 3 17, 0 0 0 0 0 1 0 0 0 0
1515921835.89 11012 15574 14604 12468 10582 7008 6163 6175 13 25, 0 0 0 0 0 1 0 0 0 0
1515921836.95 11007 15889 12899 11143 9581 6130 5688 5691 11 16, 0 0 0 0 0 1 0 0 0 0
1515921838.03 12907 18434 16381 18348 14366 6323 6749 6761 22 30, 0 0 0 0 0 1 0 0 0 0
1515921839.07 8801 14887 14707 15393 8212 2747 3217 3225 19 19, 0 0 0 0 0 1 0 0 0 0
1515921840.14 9881 14260 15862 15844 9963 4669 4758 4768 14 80, 0 0 0 0 0 1 0 0 0 0
1515921841.19 12779 15708 15784 17068 10563 5707 6751 6770 15 98, 0 0 0 0 0 1 0 0 0 0
1515921842.24 12656 14680 15033 15160 10205 5342 6750 6765 18 378, 0 0 0 0 0 1 0 0 0 0
1515921843.27 12754 16079 16051 14575 10608 5040 5638 5650 13 164, 0 0 0 0 0 1 0 0 0 0
1515921844.32 12870 15882 16641 15827 9982 5181 6446 6453 13 150, 0 0 0 0 0 1 0 0 0 0
1515921845.39 13231 16525 19352 14111 7369 4823 7079 7087 12 15, 0 0 0 0 0 1 0 0 0 0
1515921846.44 13552 16612 19247 14663 6066 4281 7473 7479 9 23, 0 0 0 0 0 1 0 0 0 0
1515921847.48 15599 22153 28049 23314 8992 4991 8381 8390 15 25, 0 0 0 0 0 1 0 0 0 0
1515921848.51 10892 14591 18581 15688 7612 4673 6515 6509 6 12, 0 0 0 0 0 1 0 0 0 0
1515921849.56 9354 13921 17115 15225 7883 4173 4895 4911 9 19, 0 0 0 0 0 1 0 0 0 0
1515921850.6 8002 8976 13500 17448 11574 6400 6627 6635 11 1095, 0 0 0 0 0 1 0 0 0 0
1515921851.64 8496 9365 12310 17985 13235 7008 7457 7471 17 2046, 0 0 0 0 0 1 0 0 0 0
1515921852.7 9075 11943 13780 18818 13198 5166 5244 5251 19 1748, 0 0 0 0 0 1 0 0 0 0
1515921853.73 10835 13162 13969 16392 11329 7208 7307 7312 11 2576, 0 0 0 0 0 1 0 0 0 0
1515921854.83 7734 11723 12624 15673 11901 7242 7665 7673 13 2844, 0 0 0 0 0 1 0 0 0 0
1515921855.88 8596 13400 14402 14976 11839 7997 9222 9231 16 1894, 0 0 0 0 0 1 0 0 0 0
1515921856.91 9785 15014 15895 15411 10973 6836 7891 7881 9 1032, 0 0 0 0 0 1 0 0 0 0
1515921857.96 10104 12973 15539 14680 9002 4515 4763 4791 14 714, 0 0 0 0 0 1 0 0 0 0
1515921859.01 15521 19612 23595 25432 16042 9424 8179 8084 17 2539, 0 0 0 0 0 1 0 0 0 0
1515921860.08 10793 13044 14779 15232 10542 6797 8725 8822 5 1801, 0 0 0 0 0 1 0 0 0 0
1515921861.12 9446 15794 17493 13724 9994 6232 5059 5065 13 547, 0 0 0 0 0 1 0 0 0 0
1515921862.16 10316 15875 17960 15495 10351 5390 5428 5432 10 223, 0 0 0 0 0 1 0 0 0 0
1515921863.19 10459 15059 16968 14767 10120 5544 4964 4971 12 60, 0 0 0 0 0 1 0 0 0 0
1515921864.3 11540 15610 17597 15491 10554 3992 5015 5029 17 16, 0 0 0 0 0 1 0 0 0 0
1515921865.34 12725 15908 15541 15333 9841 4107 6150 6091 16 27, 0 0 0 0 0 1 0 0 0 0
1515921866.37 11712 14740 15678 14579 9004 3115 5552 5609 9 17, 0 0 0 0 0 1 0 0 0 0
1515921867.41 13155 15126 14680 14598 8868 3330 5446 5450 13 13, 0 0 0 0 0 1 0 0 0 0
1515921868.44 11957 13132 14755 16247 10989 3231 4613 4624 16 22, 0 0 0 0 0 1 0 0 0 0
1515921869.47 13772 14316 14224 14573 10852 4388 6276 6274 8 15, 0 0 0 0 0 1 0 0 0 0
1515921870.5 18111 21703 21258 20748 13329 5776 10344 10351 13 27, 0 0 0 0 0 1 0 0 0 0
1515921871.53 12402 14017 14057 14540 9146 3890 8894 8891 7 16, 0 0 0 0 0 1 0 0 0 0
1515921872.56 11791 16092 16407 16227 8927 3800 7644 7654 20 21, 0 0 0 0 0 1 0 0 0 0
1515921873.61 10512 16105 15562 14554 7065 2247 5534 5541 8 13, 0 0 0 0 0 1 0 0 0 0
1515921874.65 10782 15241 15047 15015 9258 2470 6408 6411 12 14, 0 0 0 0 0 1 0 0 0 0
1515921875.69 10598 14941 12126 12604 9175 2999 6240 6242 8 11, 0 0 0 0 0 1 0 0 0 0
1515921876.73 12883 16978 13456 12229 9256 4410 7708 7719 10 13, 0 0 0 0 0 1 0 0 0 0
1515921877.79 13587 16961 12618 10484 5336 4763 9199 9210 8 18, 0 0 0 0 0 1 0 0 0 0
1515921878.86 12209 17766 14159 13030 7185 3758 6520 6521 11 17, 0 0 0 0 0 1 0 0 0 0
1515921879.9 13763 16692 14514 13078 7002 2852 7719 7721 13 19, 0 0 0 0 0 1 0 0 0 0
1515921880.95 13975 17455 14558 13302 7320 4390 7203 7200 10 17, 0 0 0 0 0 1 0 0 0 0
1515921882.0 16499 21677 17329 18757 13361 3908 5333 5343 10 20, 0 0 0 0 0 1 0 0 0 0
1515921883.05 13312 21110 26099 17080 7196 3960 9477 9483 16 26, 0 0 0 0 0 1 0 0 0 0
1515921884.07 10896 16540 17349 12858 6562 3467 5775 5775 10 23, 0 0 0 0 0 1 0 0 0 0
1515921885.11 11665 17165 20494 13012 8187 5067 7021 7022 5 9, 0 0 0 0 0 1 0 0 0 0
1515921886.15 9208 15193 18723 13501 8258 4142 3689 3686 12 22, 0 0 0 0 0 1 0 0 0 0
1515921887.19 7158 12970 20894 13915 8122 3488 2076 2074 11 26, 0 0 0 0 0 1 0 0 0 0
1515921888.22 7991 12771 18687 14961 6574 3666 2331 2334 8 15, 0 0 0 0 0 1 0 0 0 0
1515921889.27 8118 14008 19408 16160 8333 4531 2992 2994 6 12, 0 0 0 0 0 1 0 0 0 0
1515921890.32 8252 13729 17467 16992 8633 4901 2830 2830 3 7, 0 0 0 0 0 1 0 0 0 0
1515921891.35 9145 16141 17773 16437 7600 4354 1909 1917 10 1739, 0 0 0 0 0 1 0 0 0 0
1515921892.38 8726 15981 18619 16215 9257 5372 2606 2618 11 1354, 0 0 0 0 0 1 0 0 0 0
1515921893.4 9464 15871 16957 16139 8267 5011 3039 3041 9 1453, 0 0 0 0 0 1 0 0 0 0
1515921894.44 8974 13841 17475 15127 7348 4902 4123 4117 9 2163, 0 0 0 0 0 1 0 0 0 0
1515921895.48 9200 13074 15262 16077 7261 5816 5488 5503 12 2980, 0 0 0 0 0 1 0 0 0 0
1515921896.53 8987 11978 12859 15647 8740 6000 5082 5085 7 4341, 0 0 0 0 0 1 0 0 0 0
1515921897.59 13089 19060 19717 20562 13216 8290 7824 7823 12 4057, 0 0 0 0 0 1 0 0 0 0
1515921898.64 9871 14989 13996 13225 7794 4173 4652 4661 15 1985, 0 0 0 0 0 1 0 0 0 0
1515921899.69 9293 15026 13857 14848 8386 2914 3947 3951 13 2126, 0 0 0 0 0 1 0 0 0 0
1515921900.74 9588 15084 15441 15650 9563 3705 4506 4515 11 1529, 0 0 0 0 0 1 0 0 0 0
1515921901.81 9113 16438 15939 16754 10028 2029 4162 4164 7 564, 0 0 0 0 0 1 0 0 0 0
1515921902.84 9718 15564 15389 17549 8450 2639 5693 5698 15 128, 0 0 0 0 0 1 0 0 0 0
1515921903.88 11481 15551 14650 14799 6562 3845 7648 7637 10 485, 0 0 0 0 0 1 0 0 0 0
1515921904.91 13970 16927 15415 14760 6349 4736 8064 8087 5 267, 0 0 0 0 0 1 0 0 0 0
1515921905.99 12697 15810 17265 12638 5766 4627 6700 6710 15 290, 0 0 0 0 0 1 0 0 0 0
1515921907.03 11973 13113 16026 12622 5822 5735 8421 8420 4 153, 0 0 0 0 0 1 0 0 0 0
1515921908.1 10931 13426 18934 15094 9623 6750 8838 8840 14 27, 0 0 0 0 0 1 0 0 0 0
1515921909.12 18774 15251 19242 19071 6984 7244 13898 13895 10 14, 0 0 0 0 0 1 0 0 0 0
1515921910.16 10902 10433 13902 12792 6575 4814 7025 7035 16 17, 0 0 0 0 0 1 0 0 0 0
1515921911.2 12311 12283 14563 13288 7163 5712 6431 6474 7 35, 0 0 0 0 0 1 0 0 0 0
1515921912.22 10894 12686 14945 11524 7133 4732 6406 6358 7 14, 0 0 0 0 0 1 0 0 0 0
1515921913.26 9371 15497 16905 13248 6929 2763 4744 4746 7 10, 0 0 0 0 0 1 0 0 0 0
1515921914.39 10281 14203 13753 10374 5978 4914 6448 6441 4 9, 0 0 0 0 0 1 0 0 0 0
1515921915.49 9171 12366 12282 10843 7348 4781 6157 6156 10 19, 0 0 0 0 0 1 0 0 0 0
1515921916.52 8851 10158 7240 8562 5093 2762 4744 4752 9 16, 0 0 0 0 0 1 0 0 0 0
1515921917.54 8830 11424 9898 10305 8077 3965 5017 5018 8 12, 0 0 0 0 0 1 0 0 0 0
1515921918.58 17081 21219 17987 19709 14431 8850 8301 8309 18 21, 0 0 0 0 0 1 0 0 0 0
1515921919.62 11457 14784 13564 15677 10695 5286 4956 4965 10 8, 0 0 0 0 0 1 0 0 0 0
1515921920.71 9932 14098 13133 15228 13594 3606 4722 4722 8 17, 0 0 0 0 0 1 0 0 0 0
1515921921.79 12037 14378 12570 13624 9115 3923 6767 6772 9 12, 0 0 0 0 0 1 0 0 0 0
1515921922.82 11452 14796 12686 11107 11965 5622 5624 5626 11 12, 0 0 0 0 0 1 0 0 0 0
1515921923.84 12466 13726 12350 11371 11569 7136 8850 8850 12 21, 0 0 0 0 0 1 0 0 0 0
1515921924.9 12831 14446 11585 11466 9231 4442 8607 8588 6 11, 0 0 0 0 0 1 0 0 0 0
1515921925.94 12538 13332 11832 11113 9197 5961 9073 9099 8 14, 0 0 0 0 0 1 0 0 0 0
1515921926.98 12393 15020 12837 12633 10183 5213 7835 7830 9 13, 0 0 0 0 0 1 0 0 0 0
1515921928.01 11514 15294 14745 10984 5869 4440 7590 7594 6 10, 0 0 0 0 0 1 0 0 0 0
1515921929.08 11694 17896 18223 11482 6453 4386 6761 6763 7 17, 0 0 0 0 0 1 0 0 0 0
1515921930.11 15822 29287 31407 19066 9547 3762 5712 5713 10 20, 0 0 0 0 0 1 0 0 0 0
1515921931.14 11054 18210 18436 11997 5892 2990 5969 5966 8 8, 0 0 0 0 0 1 0 0 0 0
1515921932.16 10210 18157 17751 9205 4768 3026 5247 5253 3 7, 0 0 0 0 0 1 0 0 0 0
1515921933.19 11366 18448 16290 9585 5245 3762 5526 5540 17 18, 0 0 0 0 0 1 0 0 0 0
1515921934.22 12262 15573 13299 10320 5875 4369 6456 6465 10 12, 0 0 0 0 0 1 0 0 0 0
1515921935.29 10387 14227 10998 11607 6946 4599 6437 6439 11 14, 0 0 0 0 0 1 0 0 0 0
1515921936.37 10077 15246 13326 12903 6356 3182 3719 3724 11 13, 0 0 0 0 0 1 0 0 0 0
1515921937.39 9959 13294 11988 14935 9885 4148 4766 4774 11 9, 0 0 0 0 0 1 0 0 0 0
1515921938.43 8203 13575 12731 13306 9563 3622 3167 3169 14 27, 0 0 0 0 0 1 0 0 0 0
1515921939.46 8067 16304 15171 16223 9747 3567 2491 2498 12 23, 0 0 0 0 0 1 0 0 0 0
1515921940.51 9297 18591 18511 17807 10215 4113 3101 3104 11 20, 0 0 0 0 0 1 0 0 0 0
1515921941.55 9096 17978 16658 15871 9818 4302 4541 4549 7 21, 0 0 0 0 0 1 0 0 0 0
1515921942.6 9251 16877 16083 13977 10806 5854 6020 6017 7 12, 0 0 0 0 0 1 0 0 0 0
1515921943.64 13538 24519 19460 19899 17575 8276 8544 8555 17 23, 0 0 0 0 0 1 0 0 0 0
1515921944.67 10329 15345 12293 12763 11567 7119 7254 7267 19 22, 0 0 0 0 0 1 0 0 0 0
1515921945.71 9294 15869 14035 14496 14045 6689 5062 5069 16 23, 0 0 0 0 0 1 0 0 0 0
1515921946.73 9682 15564 14335 14109 11100 6152 5907 5860 14 19, 0 0 0 0 0 1 0 0 0 0
1515921947.76 11768 15312 14152 15267 10061 5673 7976 8033 10 891, 0 0 0 0 0 1 0 0 0 0
1515921948.78 12660 15272 12212 15266 8632 6166 9115 9131 11 2319, 0 0 0 0 0 1 0 0 0 0
1515921949.83 14149 15381 12957 13406 7967 7095 11307 11302 7 1426, 0 0 0 0 0 1 0 0 0 0
1515921950.86 13137 18251 16283 15431 5883 4415 8072 8074 12 2039, 0 0 0 0 0 1 0 0 0 0
1515921951.91 13431 19345 18320 14972 6805 3809 8193 8196 9 674, 0 0 0 0 0 1 0 0 0 0
1515921952.98 12517 19550 20323 14222 7193 4395 6541 6545 9 17, 0 0 0 0 0 1 0 0 0 0
1515921954.02 11160 18944 19419 17203 7643 2997 5229 5237 16 23, 0 0 0 0 0 1 0 0 0 0
1515921955.08 11422 16609 20133 17801 7802 2644 7118 7124 7 15, 0 0 0 0 0 1 0 0 0 0
1515921956.14 10635 15664 20350 16525 6739 3144 6944 6934 4 12, 0 0 0 0 0 1 0 0 0 0
1515921957.19 11619 19315 26052 25403 10783 3613 6161 6179 10 1595, 0 0 0 0 0 1 0 0 0 0
1515921958.24 9275 14913 16402 17061 7219 3330 2575 2582 14 1835, 0 0 0 0 0 1 0 0 0 0
1515921959.3 10156 16469 18154 18245 8334 3806 3097 3106 12 1916, 0 0 0 0 0 1 0 0 0 0
1515921960.34 11537 15802 17870 15463 8270 3389 5297 5309 17 1556, 0 0 0 0 0 1 0 0 0 0
1515921961.38 12497 15697 17283 15819 6728 3666 5924 5931 16 1551, 0 0 0 0 0 1 0 0 0 0
1515921962.43 10589 15652 16569 16297 8511 3327 4794 4805 13 1690, 0 0 0 0 0 1 0 0 0 0
1515921963.51 7838 14118 17596 17114 10746 2696 2678 2687 11 1296, 0 0 0 0 0 1 0 0 0 0
1515921964.56 7354 13842 17147 16518 11292 3672 2570 2583 17 294, 0 0 0 0 0 1 0 0 0 0
1515921965.59 7931 13180 17036 16500 10736 4651 4307 4318 16 11, 0 0 0 0 0 1 0 0 0 0
1515921966.63 7555 13179 17213 17192 10721 3495 3164 3176 16 9, 0 0 0 0 0 1 0 0 0 0
1515921967.67 12533 21294 28165 25147 15615 6320 6355 6379 23 21, 0 0 0 0 0 1 0 0 0 0
1515921968.7 11406 15272 17385 15810 10572 5208 5034 5038 14 18, 0 0 0 0 0 1 0 0 0 0
1515921969.74 11455 16319 18826 16436 11007 6309 5473 5479 14 20, 0 0 0 0 0 1 0 0 0 0
1515921970.77 11499 17503 17361 14809 12284 6213 3351 3361 13 15, 0 0 0 0 0 1 0 0 0 0
1515921971.81 11160 15200 15284 16317 12929 7602 4499 4508 12 689, 0 0 0 0 0 1 0 0 0 0
1515921972.83 11975 15678 15361 15442 12051 7235 5923 5927 11 1120, 0 0 0 0 0 1 0 0 0 0
1515921973.87 11967 14746 15269 12960 8631 7162 8442 8449 9 246, 0 0 0 0 0 1 0 0 0 0
1515921974.9 12180 14653 14550 11832 9018 7339 7993 7999 9 18, 0 0 0 0 0 1 0 0 0 0
1515921975.97 11050 15444 15887 14591 9241 5648 5947 5949 10 14, 0 0 0 0 0 1 0 0 0 0
1515921977.02 12651 16543 15110 13070 8680 6090 6882 6887 8 14, 0 0 0 0 0 1 0 0 0 0
1515921978.05 13121 15696 12612 10193 7698 5777 5922 5932 14 21, 0 0 0 0 0 1 0 0 0 0
1515921979.15 15132 16841 13544 9471 5959 5790 8056 8061 8 16, 0 0 0 0 0 1 0 0 0 0
1515921980.21 13499 14468 13934 15520 13976 8953 8853 8853 10 13, 0 0 0 0 0 1 0 0 0 0
1515921981.24 19946 20666 21017 18887 10829 7561 11777 11778 5 16, 0 0 0 0 0 1 0 0 0 0
1515921982.28 12149 14213 14856 16786 10076 4623 6878 6884 9 12, 0 0 0 0 0 1 0 0 0 0
1515921983.35 11451 15569 16134 17119 10914 6418 7278 7286 6 10, 0 0 0 0 0 1 0 0 0 0
1515921984.37 10435 15706 15718 15403 9289 4665 5657 5658 7 15, 0 0 0 0 0 1 0 0 0 0
1515921985.45 12970 15716 15027 13457 7497 4152 7105 7110 8 17, 0 0 0 0 0 1 0 0 0 0
1515921986.54 11907 15412 16549 14030 7728 4267 5171 5188 11 12, 0 0 0 0 0 1 0 0 0 0
1515921987.59 11716 17284 16067 13969 7097 2782 5040 5037 12 20, 0 0 0 0 0 1 0 0 0 0
1515921988.63 12452 15085 16056 14352 8407 4647 6608 6625 10 14, 0 0 0 0 0 1 0 0 0 0
1515921989.68 13193 12964 14780 15079 10128 5335 5686 5680 4 9, 0 0 0 0 0 1 0 0 0 0
1515921990.74 17421 22013 23951 22675 14607 6374 5548 5563 11 13, 0 0 0 0 0 1 0 0 0 0
1515921991.84 15013 14294 17103 15520 8563 3427 5744 5741 6 9, 0 0 0 0 0 1 0 0 0 0
1515921992.91 10537 13247 16657 16356 8476 4603 4563 4562 7 2046, 0 0 0 0 0 1 0 0 0 0
1515921993.96 8672 12119 15517 16292 8224 2730 3157 3160 4 448, 0 0 0 0 0 1 0 0 0 0
1515921994.99 10795 15110 16841 15035 6486 2273 4401 4403 4 5, 0 0 0 0 0 1 0 0 0 0
1515921996.01 11758 15708 16364 15144 6623 2542 4724 4728 9 22, 0 0 0 0 0 1 0 0 0 0
1515921997.07 12091 16439 18062 15015 5450 3784 4617 4626 12 18, 0 0 0 0 0 1 0 0 0 0
1515921998.12 12054 15182 16880 11530 4891 3818 6929 6944 5 6, 0 0 0 0 0 1 0 0 0 0
1515921999.18 11859 15698 17245 9531 3983 4852 6508 6499 7 15, 0 0 0 0 0 1 0 0 0 0
1515922000.2 12215 17479 20303 11501 4363 4023 6072 6079 8 15, 0 0 0 0 0 1 0 0 0 0
1515922001.24 20192 24523 29636 20998 11824 7351 12210 12211 13 26, 0 0 0 0 0 1 0 0 0 0
1515922002.26 11743 16322 19427 15996 8907 3687 5820 5822 7 13, 0 0 0 0 0 1 0 0 0 0
1515922003.31 10724 14819 19354 14679 9039 3616 4161 4162 9 15, 0 0 0 0 0 1 0 0 0 0
1515922004.36 8789 13997 20392 14925 8220 4383 4654 4658 10 14, 0 0 0 0 0 1 0 0 0 0
1515922005.42 12695 13194 18179 15352 9078 5123 4975 4979 5 7, 0 0 0 0 0 1 0 0 0 0
1515922006.51 10802 11967 19865 14637 8363 5011 5430 5430 10 18, 0 0 0 0 0 1 0 0 0 0
1515922007.56 10632 10798 17393 14225 10562 5793 5075 5082 8 684, 0 0 0 0 0 1 0 0 0 0
1515922008.6 12621 13261 18140 15255 7980 5448 3911 3915 4 1544, 0 0 0 0 0 1 0 0 0 0
1515922009.64 11905 12832 15435 15453 8190 5746 4350 4344 11 2402, 0 0 0 0 0 1 0 0 0 0
1515922010.68 10688 13777 16290 16960 9171 6241 3303 3308 10 3799, 0 0 0 0 0 1 0 0 0 0
1515922011.74 11273 14044 15221 17196 8313 4300 4811 4810 3 2646, 0 0 0 0 0 1 0 0 0 0
1515922012.8 18436 25087 23909 22301 8117 5762 7168 7170 18 4222, 0 0 0 0 0 1 0 0 0 0
1515922013.85 11978 17888 19287 16883 6105 3434 3883 3888 10 4033, 0 0 0 0 0 1 0 0 0 0
1515922014.91 12082 17603 19261 15047 4585 4025 4477 4480 4 3842, 0 0 0 0 0 1 0 0 0 0
1515922015.94 10551 17296 21392 14307 5185 2549 3400 3401 4 1314, 0 0 0 0 0 1 0 0 0 0
1515922016.97 11093 14469 19078 14213 5296 3205 4826 4821 5 423, 0 0 0 0 0 1 0 0 0 0
1515922018.0 8493 13765 19345 16047 6802 2310 3127 3130 4 1093, 0 0 0 0 0 1 0 0 0 0
1515922019.04 10723 15540 21332 16310 7676 2194 5103 5113 11 767, 0 0 0 0 0 1 0 0 0 0
1515922020.07 9970 15249 22006 16141 7647 2021 4759 4765 7 537, 0 0 0 0 0 1 0 0 0 0
1515922021.11 10967 15708 22005 16058 6982 2283 5578 5584 9 386, 0 0 0 0 0 1 0 0 0 0
1515922022.18 11387 12548 18237 14994 6772 3213 6262 6268 9 767, 0 0 0 0 0 1 0 0 0 0
1515922023.21 9301 12405 17536 15895 8336 3971 3869 3872 6 729, 0 0 0 0 0 1 0 0 0 0
1515922024.27 8868 11887 17107 14783 7836 4659 3787 3791 6 509, 0 0 0 0 0 1 0 0 0 0
1515922025.29 14952 18427 27967 23908 11432 5878 5339 5345 15 23, 0 0 0 0 0 1 0 0 0 0
1515922026.32 7972 13689 19634 15599 6616 2437 1639 1640 5 8, 0 0 0 0 0 1 0 0 0 0
1515922027.35 4873 11077 18266 14989 6855 1439 1187 1192 4 5, 0 0 0 0 0 1 0 0 0 0
1515922028.38 3221 11077 18267 14991 6855 277 19 18 9 22, 0 0 0 0 0 1 0 0 0 0
1515922029.39 3221 11077 18270 14985 6855 270 17 18 10 10, 0 0 0 0 0 1 0 0 0 0
1515922030.41 3221 11077 18270 14985 6855 270 17 18 10 10, 0 0 0 0 0 1 0 0 0 0
1515922031.44 3221 11077 18270 14985 6855 270 17 18 10 10, 0 0 0 0 0 1 0 0 0 0
1515922032.48 3221 11077 18270 14985 6855 270 17 18 10 10, 0 0 0 0 0 1 0 0 0 0
1515922033.5 3221 11077 18270 14985 6855 270 17 18 10 10, 0 0 0 0 0 1 0 0 0 0
1515922034.52 3221 11077 18270 14985 6855 270 17 18 10 10, 0 0 0 0 0 1 0 0 0 0
1515922035.54 3221 11077 18270 14985 6855 270 17 18 10 10, 0 0 0 0 0 1 0 0 0 0
