1513897320.22 39180 26959 21919 15915 18205 40550 1 3305 7 7396, 0 0 1 0 0 0 0 0 0 0
1513897321.22 37518 30074 24353 14028 15927 38929 7 5150 14 8653, 0 0 1 0 0 0 0 0 0 0
1513897322.22 42360 28732 22683 13715 16405 42492 0 5750 5 7997, 0 0 1 0 0 0 0 0 0 0
1513897323.22 38473 27881 21786 13301 13228 37530 0 6422 6 7605, 0 0 1 0 0 0 0 0 0 0
1513897324.23 38577 27011 20816 12852 14065 39080 5 4849 20 7463, 0 0 1 0 0 0 0 0 0 0
1513897325.23 36316 23551 16784 13646 12634 36811 16 4334 22 7752, 0 0 1 0 0 0 0 0 0 0
1513897326.23 39681 26107 18697 13124 16593 43159 14 4765 20 7607, 0 0 1 0 0 0 0 0 0 0
1513897327.23 39354 24242 17548 13792 16938 46119 33 2763 15 9028, 0 0 1 0 0 0 0 0 0 0
1513897328.23 30229 17196 12493 12601 13446 37368 30 2843 12 9241, 0 0 1 0 0 0 0 0 0 0
1513897329.23 34048 18962 14233 14685 15846 42508 32 2919 8 13507, 0 0 1 0 0 0 0 0 0 0
1513897330.23 36366 19106 16223 15029 16138 40813 38 3498 8 12925, 0 0 1 0 0 0 0 0 0 0
1513897331.23 34640 21481 18216 17064 15422 43591 119 3228 114 16855, 0 0 1 0 0 0 0 0 0 0
1513897332.23 32401 19930 17942 14826 13777 40881 133 4445 80 16793, 0 0 1 0 0 0 0 0 0 0
1513897333.23 37417 20849 17390 13214 14135 44275 160 3977 120 14581, 0 0 1 0 0 0 0 0 0 0
1513897334.24 32765 17834 18153 11235 10760 36642 217 3896 179 12110, 0 0 1 0 0 0 0 0 0 0
1513897335.24 41058 31908 28842 20374 17452 49650 227 6197 153 18069, 0 0 1 0 0 0 0 0 0 0
1513897336.24 42498 22616 17748 13692 12354 48634 252 4798 213 16468, 0 0 1 0 0 0 0 0 0 0
1513897337.24 39742 24420 18002 13112 17094 45605 435 5008 404 15130, 0 0 1 0 0 0 0 0 0 0
1513897338.24 37401 20819 17047 12982 16031 45260 435 4084 391 16004, 0 0 1 0 0 0 0 0 0 0
1513897339.24 35388 22498 14042 12333 16255 40988 225 2497 177 12726, 0 0 1 0 0 0 0 0 0 0
1513897340.24 36400 21896 11660 12080 14512 41769 71 2425 5 14389, 0 0 1 0 0 0 0 0 0 0
1513897341.24 44121 25660 14966 15089 13655 43292 68 3099 23 15142, 0 0 1 0 0 0 0 0 0 0
1513897342.25 43101 24375 17268 15932 13788 44052 99 5089 16 14615, 0 0 1 0 0 0 0 0 0 0
1513897343.25 36264 19732 16938 11271 11898 39166 70 4548 22 13674, 0 0 1 0 0 0 0 0 0 0
1513897344.25 35926 19244 16384 12164 12258 38528 79 5222 15 13351, 0 0 1 0 0 0 0 0 0 0
1513897345.25 33905 20508 20221 15870 13560 39728 105 5584 9 16570, 0 0 1 0 0 0 0 0 0 0
1513897346.26 38783 21537 20359 15112 14792 43696 73 4715 2 17450, 0 0 1 0 0 0 0 0 0 0
1513897347.26 34655 21484 18666 14335 16447 43963 71 2943 7 16790, 0 0 1 0 0 0 0 0 0 0
1513897348.26 37545 23118 21293 15105 16999 45423 68 3921 15 16000, 0 0 1 0 0 0 0 0 0 0
1513897349.26 37854 24278 18668 12850 12343 41485 103 4811 14 15548, 0 0 1 0 0 0 0 0 0 0
1513897350.26 33824 21432 18511 10518 11080 34267 88 3640 9 10493, 0 0 1 0 0 0 0 0 0 0
1513897351.26 33825 21749 20160 13708 11240 36221 135 5011 20 10624, 0 0 1 0 0 0 0 0 0 0
1513897352.26 38852 25597 23984 13838 16187 41664 96 5906 12 10772, 0 0 1 0 0 0 0 0 0 0
1513897353.26 36305 25784 22299 14816 15080 39259 91 5341 10 14305, 0 0 1 0 0 0 0 0 0 0
1513897354.27 32496 23721 21463 15312 9785 34036 98 3091 22 14654, 0 0 1 0 0 0 0 0 0 0
1513897355.27 31233 22065 17261 12494 10355 32856 92 2175 14 12206, 0 0 1 0 0 0 0 0 0 0
1513897356.27 35517 24413 19160 15162 11379 38565 166 1655 77 15431, 0 0 1 0 0 0 0 0 0 0
1513897357.27 38181 27053 23000 15871 12017 39414 161 2358 85 14176, 0 0 1 0 0 0 0 0 0 0
1513897358.27 32387 20602 16694 15042 11904 36003 268 2403 204 15179, 0 0 1 0 0 0 0 0 0 0
1513897359.31 34074 21502 19095 19570 15359 45717 80 4213 25 18243, 0 0 1 0 0 0 0 0 0 0
1513897360.31 39834 20150 26025 28674 7506 43716 153 4159 22 24705, 0 0 1 0 0 0 0 0 0 0
1513897361.32 39834 20150 26025 28674 7506 43716 153 4159 22 24705, 0 0 1 0 0 0 0 0 0 0
1513897362.35 31671 22588 22807 21563 9217 32269 75 2738 9 16169, 0 0 1 0 0 0 0 0 0 0
1513897363.37 33985 22780 19833 19871 9220 34993 60 2971 17 15382, 0 0 1 0 0 0 0 0 0 0
1513897364.4 38751 25020 20280 17906 10637 37551 72 4928 16 15427, 0 0 1 0 0 0 0 0 0 0
1513897365.42 34715 20110 18021 16162 10790 37805 74 4960 11 15460, 0 0 1 0 0 0 0 0 0 0
1513897366.46 33264 20495 18033 17829 11112 36426 67 3801 10 15870, 0 0 1 0 0 0 0 0 0 0
1513897367.48 28146 18806 19156 15934 12537 34299 84 2623 28 13411, 0 0 1 0 0 0 0 0 0 0
1513897368.52 35872 20627 17291 16033 15598 43290 69 3433 16 16109, 0 0 1 0 0 0 0 0 0 0
1513897369.54 33258 19761 17266 15836 14769 39138 53 4667 14 16618, 0 0 1 0 0 0 0 0 0 0
1513897370.58 31435 17375 16246 15847 13484 38078 69 3950 24 15651, 0 0 1 0 0 0 0 0 0 0
1513897371.62 33413 17710 15521 12345 14070 38590 59 4843 15 13280, 0 0 1 0 0 0 0 0 0 0
1513897372.65 30871 18823 15564 11347 13598 38167 55 4212 14 13795, 0 0 1 0 0 0 0 0 0 0
1513897373.67 34763 20727 17575 11403 14024 38744 65 6663 12 12352, 0 0 1 0 0 0 0 0 0 0
1513897374.69 33729 19564 13763 10566 12231 35978 66 5434 11 10556, 0 0 1 0 0 0 0 0 0 0
1513897375.7 38484 21737 16451 11182 12044 40495 78 4636 30 10650, 0 0 1 0 0 0 0 0 0 0
1513897376.73 38750 23203 19768 12566 12646 39714 79 3706 18 9825, 0 0 1 0 0 0 0 0 0 0
1513897377.76 38032 20809 17115 9863 11112 36044 74 2507 17 9266, 0 0 1 0 0 0 0 0 0 0
1513897378.78 36906 21167 17255 8314 11669 36859 70 2666 17 9072, 0 0 1 0 0 0 0 0 0 0
1513897379.82 41776 25735 18921 8176 13752 41860 90 2274 48 9552, 0 0 1 0 0 0 0 0 0 0
1513897380.87 62076 44637 29402 8603 18429 56758 119 4794 27 11828, 0 0 1 0 0 0 0 0 0 0
1513897381.9 37177 27513 20057 4503 10031 32027 72 2935 23 6061, 0 0 1 0 0 0 0 0 0 0
1513897382.92 37815 25174 17694 5141 12637 37102 67 2197 23 6803, 0 0 1 0 0 0 0 0 0 0
1513897383.94 38812 26259 17091 6414 11777 38689 80 4042 19 8684, 0 0 1 0 0 0 0 0 0 0
1513897384.97 42093 31108 17852 5805 11846 39753 62 3538 14 10101, 0 0 1 0 0 0 0 0 0 0
1513897385.99 37819 26302 15482 5266 11994 38838 52 4000 9 11661, 0 0 1 0 0 0 0 0 0 0
1513897387.02 37513 25864 13895 10643 14743 39052 56 3580 16 14515, 0 0 1 0 0 0 0 0 0 0
1513897388.06 37817 24357 12629 9533 15143 40251 69 3361 21 14323, 0 0 1 0 0 0 0 0 0 0
1513897389.08 38683 23091 7416 6440 16457 41326 56 2308 15 10995, 0 0 1 0 0 0 0 0 0 0
1513897390.11 39487 20924 9429 9887 19347 44082 57 3785 6 13655, 0 0 1 0 0 0 0 0 0 0
1513897391.13 36921 17877 6586 11715 20600 45768 73 2622 17 16098, 0 0 1 0 0 0 0 0 0 0
1513897392.16 37975 18076 5953 11650 20634 48172 61 1232 25 16129, 0 0 1 0 0 0 0 0 0 0
1513897393.17 37843 17169 7865 11046 17394 45538 63 3422 77 14197, 0 0 1 0 0 0 0 0 0 0
1513897394.19 42241 21734 11665 12513 22304 58890 64 3398 360 19562, 0 0 1 0 0 0 0 0 0 0
1513897395.21 38944 19513 12392 10245 17168 45990 167 5113 422 14160, 0 0 1 0 0 0 0 0 0 0
1513897396.22 35320 17767 16735 8016 17460 44739 530 6224 757 11456, 0 0 1 0 0 0 0 0 0 0
1513897397.24 34254 20410 18695 6263 16483 43090 341 4664 561 9114, 0 0 1 0 0 0 0 0 0 0
1513897398.26 38252 24273 18058 6547 18491 44439 52 5373 43 8364, 0 0 1 0 0 0 0 0 0 0
1513897399.29 29949 19391 18243 5855 15259 35206 41 4553 24 7092, 0 0 1 0 0 0 0 0 0 0
1513897400.3 33410 21640 17693 9052 14825 38523 43 4901 15 10114, 0 0 1 0 0 0 0 0 0 0
1513897401.32 34181 21463 18709 12184 17116 40100 36 4765 6 14956, 0 0 1 0 0 0 0 0 0 0
1513897402.34 35118 23240 20220 15674 18904 43816 55 6063 17 15884, 0 0 1 0 0 0 0 0 0 0
1513897403.37 33132 22377 19532 14841 18272 43436 50 5382 10 16943, 0 0 1 0 0 0 0 0 0 0
1513897404.39 28622 19508 18555 15965 16605 37855 57 4078 10 17064, 0 0 1 0 0 0 0 0 0 0
1513897405.43 26164 20357 20309 19901 13563 33008 50 1792 7 15872, 0 0 1 0 0 0 0 0 0 0
1513897406.45 31491 19329 18326 23015 18391 47217 51 2144 17 23917, 0 0 1 0 0 0 0 0 0 0
1513897407.48 28237 17360 20851 26662 17381 45051 34 2431 5 24747, 0 0 1 0 0 0 0 0 0 0
1513897408.51 30040 17628 19204 23649 13909 42537 47 2112 21 22574, 0 0 1 0 0 0 0 0 0 0
1513897409.54 28551 16561 19112 24881 14287 41998 49 2167 16 22069, 0 0 1 0 0 0 0 0 0 0
1513897410.55 26083 14626 14269 20419 17793 45734 27 1535 24 25930, 0 0 1 0 0 0 0 0 0 0
1513897411.57 31785 17680 17574 23760 17299 45853 34 2947 11 23576, 0 0 1 0 0 0 0 0 0 0
1513897412.59 30454 19591 19571 21551 16717 43193 43 3012 4 20995, 0 0 1 0 0 0 0 0 0 0
1513897413.6 29691 15512 16030 19137 16582 40479 69 4255 15 17459, 0 0 1 0 0 0 0 0 0 0
1513897414.63 28167 15303 15578 16331 17925 38649 353 5651 294 13830, 0 0 1 0 0 0 0 0 0 0
1513897415.64 18497 10866 11311 9667 11748 32579 77 2910 41 7545, 0 0 1 0 0 0 0 0 0 0
1513897416.66 25379 12631 9453 8380 12686 35536 87 4210 35 8065, 0 0 1 0 0 0 0 0 0 0
1513897417.68 35732 19357 11833 9258 16680 38526 147 6790 119 9148, 0 0 1 0 0 0 0 0 0 0
1513897418.7 37821 21093 14607 8599 16520 37931 86 7951 36 8035, 0 0 1 0 0 0 0 0 0 0
1513897419.73 40390 28807 21956 14269 22758 43034 153 6973 113 9810, 0 0 1 0 0 0 0 0 0 0
1513897420.75 36553 24152 25590 10477 10939 36629 82 6038 51 8012, 0 0 1 0 0 0 0 0 0 0
1513897421.77 29510 18311 19327 12650 11366 29117 62 6695 29 9415, 0 0 1 0 0 0 0 0 0 0
1513897422.79 33330 21083 21763 14988 13433 36000 64 5513 21 10674, 0 0 1 0 0 0 0 0 0 0
1513897423.81 28744 19203 22405 17656 11052 33985 61 5121 19 13217, 0 0 1 0 0 0 0 0 0 0
1513897424.83 25424 17616 20195 14947 11104 29786 67 4046 13 10832, 0 0 1 0 0 0 0 0 0 0
1513897425.85 31527 16401 19293 16734 12583 35886 65 9277 8 15812, 0 0 1 0 0 0 0 0 0 0
1513897426.86 29370 19126 17050 14026 6548 27978 64 7215 9 16023, 0 0 1 0 0 0 0 0 0 0
1513897427.88 28918 15646 16402 16978 8002 30948 54 5807 13 17715, 0 0 1 0 0 0 0 0 0 0
1513897428.9 32735 19414 18557 16695 9278 34590 38 8444 11 17273, 0 0 1 0 0 0 0 0 0 0
1513897429.93 35269 23808 18032 12266 8113 32608 31 9012 16 15859, 0 0 1 0 0 0 0 0 0 0
1513897430.95 35414 21159 14187 8020 8674 32637 18 10832 18 14777, 0 0 1 0 0 0 0 0 0 0
1513897431.97 28779 18031 11898 7068 5515 24624 51 4717 51 9887, 0 0 1 0 0 0 0 0 0 0
1513897432.98 30609 20671 14225 7933 7057 27623 80 4523 57 9264, 0 0 1 0 0 0 0 0 0 0
1513897434.02 35004 22990 16832 11388 13130 32407 40 3979 13 8761, 0 0 1 0 0 0 0 0 0 0
1513897435.03 25496 13473 10628 6947 11224 26002 40 2308 7 5015, 0 0 1 0 0 0 0 0 0 0
1513897436.06 25679 15016 17588 11186 13792 32100 57 5632 15 7920, 0 0 1 0 0 0 0 0 0 0
1513897437.09 31831 19058 18017 15182 14166 39257 57 3414 8 11908, 0 0 1 0 0 0 0 0 0 0
1513897438.11 22807 12228 13974 13068 8902 30610 60 1609 6 10910, 0 0 1 0 0 0 0 0 0 0
1513897439.12 23535 18165 19810 17104 8221 30458 39 1200 16 14420, 0 0 1 0 0 0 0 0 0 0
1513897440.14 23830 18073 19514 17992 9519 32457 33 14 8 15687, 0 0 1 0 0 0 0 0 0 0
1513897441.16 26887 23494 19092 15919 10549 31000 17 7 17 12857, 0 0 1 0 0 0 0 0 0 0
1513897442.19 27385 18354 16271 17694 9865 37300 31 12 11 19408, 0 0 1 0 0 0 0 0 0 0
1513897443.23 24276 17841 13838 19561 8978 35470 24 4 8 24957, 0 0 1 0 0 0 0 0 0 0
1513897444.26 31854 24597 22028 27850 14030 46052 48 15 22 29756, 0 0 1 0 0 0 0 0 0 0
1513897445.28 19929 16928 16838 17708 8682 28405 25 17 11 18101, 0 0 1 0 0 0 0 0 0 0
1513897446.31 22706 15513 20443 21288 8406 31149 27 8 17 18567, 0 0 1 0 0 0 0 0 0 0
1513897447.32 20616 15612 19185 23275 7607 27059 31 59 20 17635, 0 0 1 0 0 0 0 0 0 0
1513897448.35 24922 15131 20573 24116 9912 32502 27 2291 38 20032, 0 0 1 0 0 0 0 0 0 0
1513897449.4 24890 15641 21147 23544 8978 29271 29 3393 27 17458, 0 0 1 0 0 0 0 0 0 0
1513897450.43 29116 16986 21812 25695 10701 32435 22 3422 27 19409, 0 0 1 0 0 0 0 0 0 0
1513897451.45 28504 14899 20582 22769 8585 30035 31 4428 15 17800, 0 0 1 0 0 0 0 0 0 0
1513897452.5 29398 17922 24149 24433 8430 30496 27 3755 16 16268, 0 0 1 0 0 0 0 0 0 0
1513897453.54 29098 18130 15846 19083 7864 27973 42 3107 20 15367, 0 0 1 0 0 0 0 0 0 0
1513897454.56 27093 15036 12222 14927 5586 23502 48 2696 16 13242, 0 0 1 0 0 0 0 0 0 0
1513897455.59 34075 19238 20590 15933 7875 26947 60 8664 21 11557, 0 0 1 0 0 0 0 0 0 0
1513897456.61 33437 19762 18223 9990 11194 29717 82 9140 12 7535, 0 0 1 0 0 0 0 0 0 0
1513897457.62 34433 20172 15144 6203 11411 30658 82 8271 5 5335, 0 0 1 0 0 0 0 0 0 0
1513897458.65 34187 19953 14798 9046 8920 31437 131 5827 62 9217, 0 0 1 0 0 0 0 0 0 0
1513897459.67 31238 18593 15191 9466 8493 31343 163 4115 120 8728, 0 0 1 0 0 0 0 0 0 0
1513897460.69 36851 20590 13838 9752 8799 35187 169 3999 128 9708, 0 0 1 0 0 0 0 0 0 0
1513897461.71 32928 20987 15693 11212 10227 32672 162 4317 123 11154, 0 0 1 0 0 0 0 0 0 0
1513897462.73 26697 17463 19187 11728 9959 32569 480 4776 440 10626, 0 0 1 0 0 0 0 0 0 0
1513897463.77 32377 22805 22194 16550 11828 36365 604 6057 569 14976, 0 0 1 0 0 0 0 0 0 0
1513897464.8 34544 25304 30126 20086 13814 40132 815 8645 771 17014, 0 0 1 0 0 0 0 0 0 0
1513897465.83 21023 13259 15702 14530 10399 27370 850 5068 796 13673, 0 0 1 0 0 0 0 0 0 0
1513897466.84 25285 17574 19450 14951 9690 28116 661 5379 618 13554, 0 0 1 0 0 0 0 0 0 0
1513897467.86 29950 20288 15446 16145 8804 30856 168 1563 144 13723, 0 0 1 0 0 0 0 0 0 0
1513897468.88 29098 20052 9919 13086 6580 24528 31 2611 9 13222, 0 0 1 0 0 0 0 0 0 0
1513897469.89 28702 20807 8393 13096 4443 20568 32 2798 18 12206, 0 0 1 0 0 0 0 0 0 0
1513897470.92 29918 19301 9584 14151 7142 22685 37 5742 18 12988, 0 0 1 0 0 0 0 0 0 0
1513897471.93 35590 26776 14721 18436 6673 25522 30 4505 14 13908, 0 0 1 0 0 0 0 0 0 0
1513897472.95 33540 23868 13656 23267 9368 28411 45 3000 29 17166, 0 0 1 0 0 0 0 0 0 0
1513897473.97 28607 20353 16007 19188 6472 25145 46 1510 18 13949, 0 0 1 0 0 0 0 0 0 0
1513897475.0 29930 21313 18670 19662 7069 25566 53 3153 17 12395, 0 0 1 0 0 0 0 0 0 0
1513897476.03 20716 17277 23088 21752 6207 19011 45 4105 22 12763, 0 0 1 0 0 0 0 0 0 0
1513897477.05 19081 19844 26743 17904 2446 14647 37 3995 15 9419, 0 0 1 0 0 0 0 0 0 0
1513897478.07 19337 21529 29627 18156 2237 12703 41 3226 24 7836, 0 0 1 0 0 0 0 0 0 0
1513897479.1 22385 26592 36414 20180 4255 15693 31 5861 27 9754, 0 0 1 0 0 0 0 0 0 0
1513897480.13 21334 22194 37773 20178 4336 18642 25 5418 11 10476, 0 0 1 0 0 0 0 0 0 0
1513897481.14 21289 16387 30991 18513 3005 17989 17 6723 11 11411, 0 0 1 0 0 0 0 0 0 0
1513897482.16 16495 14840 22743 14804 2994 11453 17 5395 13 7082, 0 0 1 0 0 0 0 0 0 0
1513897483.18 18647 13604 25014 19666 6307 20933 21 8074 10 11596, 0 0 1 0 0 0 0 0 0 0
1513897484.2 15021 8223 18749 18479 5894 21655 19 6762 11 12645, 0 0 1 0 0 0 0 0 0 0
1513897485.22 14889 4768 12862 16106 3410 17113 16 6565 10 11385, 0 0 1 0 0 0 0 0 0 0
1513897486.25 15867 3950 10638 17682 4270 20510 22 5970 18 12583, 0 0 1 0 0 0 0 0 0 0
1513897487.3 18862 5196 9776 19649 5492 25879 25 5416 13 15182, 0 0 1 0 0 0 0 0 0 0
1513897488.33 23063 7503 9420 23991 6405 29014 21 4446 15 19447, 0 0 1 0 0 0 0 0 0 0
1513897489.34 26696 6409 5590 19655 5171 28800 17 2582 13 14303, 0 0 1 0 0 0 0 0 0 0
1513897490.38 24128 8501 6804 17087 6218 27714 15 2693 5 16108, 0 0 1 0 0 0 0 0 0 0
1513897491.4 23881 11177 9611 18146 7338 29642 13 2129 17 17233, 0 0 1 0 0 0 0 0 0 0
1513897492.41 22628 11665 8827 16320 4562 26184 21 1651 10 16641, 0 0 1 0 0 0 0 0 0 0
1513897493.43 22600 9347 10838 16614 2224 15321 18 2480 30 10819, 0 0 1 0 0 0 0 0 0 0
1513897494.44 25399 17325 22715 20087 3705 17216 21 3790 15 11763, 0 0 1 0 0 0 0 0 0 0
1513897495.46 24030 18952 22919 18891 5578 16243 25 3255 20 10773, 0 0 1 0 0 0 0 0 0 0
1513897496.48 18235 12938 20931 15154 4116 10770 34 4275 25 6416, 0 0 1 0 0 0 0 0 0 0
1513897497.5 15987 11102 14529 9429 4796 9975 66 3541 16 5712, 0 0 1 0 0 0 0 0 0 0
1513897498.51 12084 10071 16529 11290 2997 6653 18 5019 19 5253, 0 0 1 0 0 0 0 0 0 0
1513897499.53 15717 11981 19005 12620 4359 8823 27 8082 21 7628, 0 0 1 0 0 0 0 0 0 0
1513897500.56 21178 12961 17760 13243 4539 14759 36 7543 26 9418, 0 0 1 0 0 0 0 0 0 0
1513897501.59 22170 14164 15294 10506 3532 13992 20 6374 19 8112, 0 0 1 0 0 0 0 0 0 0
1513897502.61 29116 21582 16086 14522 3524 21520 59 4241 50 14484, 0 0 1 0 0 0 0 0 0 0
1513897503.63 27460 18231 15832 16472 2628 19389 182 5195 174 14018, 0 0 1 0 0 0 0 0 0 0
1513897504.65 29918 15140 8992 12697 2480 18178 249 6984 235 12389, 0 0 1 0 0 0 0 0 0 0
1513897505.66 26772 16291 9638 13164 1882 16579 175 4599 182 11978, 0 0 1 0 0 0 0 0 0 0
1513897506.68 20471 10896 8181 14737 4360 16328 157 4067 154 9054, 0 0 1 0 0 0 0 0 0 0
1513897507.7 24582 8685 5868 15724 10728 29189 151 1788 134 15148, 0 0 1 0 0 0 0 0 0 0
1513897508.72 25020 8059 8726 19371 11624 30902 83 2611 69 17535, 0 0 1 0 0 0 0 0 0 0
1513897509.74 18867 6863 7462 13495 7862 23002 191 2059 173 15532, 0 0 1 0 0 0 0 0 0 0
1513897510.77 23931 9074 13012 19747 13754 35417 27 1383 25 19538, 0 0 1 0 0 0 0 0 0 0
1513897511.78 21246 10988 17293 19583 11411 32839 13 1397 10 19367, 0 0 1 0 0 0 0 0 0 0
1513897512.8 17145 10222 18030 18700 11664 28461 11 841 24 16167, 0 0 1 0 0 0 0 0 0 0
1513897513.83 20782 11872 20153 17370 10122 30357 11 1177 20 15799, 0 0 1 0 0 0 0 0 0 0
1513897514.85 24857 22555 35937 25935 10004 25787 16 5418 17 16581, 0 0 1 0 0 0 0 0 0 0
1513897515.87 23049 18985 27562 16733 8240 26458 14 3109 21 8751, 0 0 1 0 0 0 0 0 0 0
1513897516.9 20521 16007 27930 17619 8643 25505 25 5966 17 12384, 0 0 1 0 0 0 0 0 0 0
1513897517.95 24131 18908 29906 17969 5647 27688 28 5010 20 15210, 0 0 1 0 0 0 0 0 0 0
1513897518.98 25154 13981 23944 13072 6673 31555 26 3163 18 12484, 0 0 1 0 0 0 0 0 0 0
1513897520.0 18796 7491 13775 9479 5074 22565 21 3883 19 10433, 0 0 1 0 0 0 0 0 0 0
1513897521.03 20366 9781 15171 9537 5179 23330 19 2215 21 10018, 0 0 1 0 0 0 0 0 0 0
1513897522.07 19782 13672 18292 10322 4667 24238 18 2410 23 11021, 0 0 1 0 0 0 0 0 0 0
1513897523.1 19583 12073 17417 15497 5510 26876 27 2926 24 16588, 0 0 1 0 0 0 0 0 0 0
1513897524.13 21469 11287 15020 15695 4422 25948 26 3503 20 16787, 0 0 1 0 0 0 0 0 0 0
1513897525.15 19145 10353 15771 17294 4573 27023 22 5643 19 18992, 0 0 1 0 0 0 0 0 0 0
1513897526.16 13645 7961 14287 12354 2760 16527 22 3990 12 11020, 0 0 1 0 0 0 0 0 0 0
1513897527.18 18562 13429 21417 16669 4559 19038 19 7386 16 14457, 0 0 1 0 0 0 0 0 0 0
1513897528.2 18835 17509 27168 15418 3592 13344 26 8026 13 9235, 0 0 1 0 0 0 0 0 0 0
1513897529.23 15730 15785 27853 16849 6100 17706 23 3959 8 9421, 0 0 1 0 0 0 0 0 0 0
1513897530.26 17326 12882 25218 17035 10151 22013 26 2783 15 10745, 0 0 1 0 0 0 0 0 0 0
1513897531.29 15059 10957 21839 10678 10272 22437 27 3916 8 9869, 0 0 1 0 0 0 0 0 0 0
1513897532.31 20830 11629 19487 11847 13381 28646 31 4131 13 10644, 0 0 1 0 0 0 0 0 0 0
1513897533.35 25523 10023 14992 12511 12632 31306 44 3074 15 9929, 0 0 1 0 0 0 0 0 0 0
1513897534.39 27111 9931 11596 13478 12353 37864 41 3819 7 16655, 0 0 1 0 0 0 0 0 0 0
1513897535.41 32187 10123 22063 19905 14199 48993 86 7171 30 18386, 0 0 1 0 0 0 0 0 0 0
1513897536.46 21275 6568 12689 14260 8427 30072 47 4604 9 14233, 0 0 1 0 0 0 0 0 0 0
1513897537.51 18013 6944 13256 13424 7355 26487 50 4515 17 14076, 0 0 1 0 0 0 0 0 0 0
1513897538.53 18880 7037 15917 13522 8992 30855 47 5715 8 14965, 0 0 1 0 0 0 0 0 0 0
1513897539.55 18680 7197 12605 12401 8281 30995 47 4595 10 14920, 0 0 1 0 0 0 0 0 0 0
1513897540.58 26444 8694 14023 15128 8372 37212 72 4854 11 17282, 0 0 1 0 0 0 0 0 0 0
1513897541.6 25794 8787 11435 16060 9499 34814 49 2848 9 15859, 0 0 1 0 0 0 0 0 0 0
1513897542.64 23382 6136 10668 12052 5478 28152 54 4693 11 11153, 0 0 1 0 0 0 0 0 0 0
1513897543.66 22862 6907 10876 14014 6699 26234 57 4889 11 12285, 0 0 1 0 0 0 0 0 0 0
1513897544.7 22347 7997 9369 13813 4667 22078 44 4814 9 11424, 0 0 1 0 0 0 0 0 0 0
1513897545.73 25970 10774 8622 16932 6648 24674 56 3539 18 11541, 0 0 1 0 0 0 0 0 0 0
1513897546.76 24956 8704 7203 13890 9592 25927 59 4344 18 10537, 0 0 1 0 0 0 0 0 0 0
1513897547.78 27807 9277 7678 14086 10521 28096 52 6575 18 13023, 0 0 1 0 0 0 0 0 0 0
1513897548.81 27888 8094 6166 15211 12414 30909 59 3474 14 12169, 0 0 1 0 0 0 0 0 0 0
1513897549.84 31815 11476 7587 13637 13331 36151 46 4638 15 15770, 0 0 1 0 0 0 0 0 0 0
1513897550.89 28430 11124 5019 11215 12258 31974 40 3348 14 12797, 0 0 1 0 0 0 0 0 0 0
1513897551.92 31857 13519 5119 11213 11406 35039 39 3824 19 15444, 0 0 1 0 0 0 0 0 0 0
1513897552.93 41128 20711 5320 12380 14822 39104 55 4300 19 16030, 0 0 1 0 0 0 0 0 0 0
1513897553.95 41945 14223 2865 5599 8566 38125 36 1734 12 5604, 0 0 1 0 0 0 0 0 0 0
1513897554.98 36506 15050 1341 4517 9610 33742 44 455 10 6892, 0 0 1 0 0 0 0 0 0 0
1513897556.0 32367 13021 2256 3780 11419 34754 31 266 17 7352, 0 0 1 0 0 0 0 0 0 0
1513897557.03 35621 13426 2718 1556 11554 33494 44 2605 31 2996, 0 0 1 0 0 0 0 0 0 0
1513897558.06 34125 13758 4825 3508 10405 30398 62 2426 15 2584, 0 0 1 0 0 0 0 0 0 0
1513897559.07 32710 13594 4165 4358 9043 27499 65 1195 18 2284, 0 0 1 0 0 0 0 0 0 0
1513897560.1 27327 14817 5475 3100 9504 23781 62 1847 14 2598, 0 0 1 0 0 0 0 0 0 0
1513897561.12 22063 12786 4881 3060 9230 21381 55 2085 17 3460, 0 0 1 0 0 0 0 0 0 0
1513897562.14 22640 12110 3465 2719 8249 19938 44 2331 12 3966, 0 0 1 0 0 0 0 0 0 0
1513897563.15 26082 11231 2583 3479 11245 23855 62 3116 13 5038, 0 0 1 0 0 0 0 0 0 0
1513897564.17 26576 8036 1492 1102 8369 18566 68 2029 18 2676, 0 0 1 0 0 0 0 0 0 0
1513897565.18 25351 4463 1137 1458 5613 16779 59 2944 11 3156, 0 0 1 0 0 0 0 0 0 0
1513897566.2 28769 7440 1154 1166 7563 19743 60 3547 17 2600, 0 0 1 0 0 0 0 0 0 0
1513897567.25 30040 9483 1460 2508 8166 27438 63 2571 14 5460, 0 0 1 0 0 0 0 0 0 0
1513897568.32 27065 5550 824 2357 8144 30199 67 2064 16 4707, 0 0 1 0 0 0 0 0 0 0
1513897569.35 29172 4400 598 3012 9734 30357 89 2019 16 5731, 0 0 1 0 0 0 0 0 0 0
1513897570.37 28784 5684 559 1048 6364 23550 55 2510 12 2849, 0 0 1 0 0 0 0 0 0 0
1513897571.41 30323 8178 2937 2136 9882 29715 52 4809 12 3540, 0 0 1 0 0 0 0 0 0 0
1513897572.44 27589 10040 3042 1571 10330 29186 43 3691 12 3268, 0 0 1 0 0 0 0 0 0 0
1513897573.45 35332 15390 5747 2185 14050 30959 62 8675 14 3321, 0 0 1 0 0 0 0 0 0 0
1513897574.47 33878 14754 6316 422 9360 30315 35 4488 8 327, 0 0 1 0 0 0 0 0 0 0
1513897575.49 25813 13569 2891 92 5814 19086 38 962 17 195, 0 0 1 0 0 0 0 0 0 0
1513897576.52 26280 14834 4411 2699 7921 23792 25 2158 17 5867, 0 0 1 0 0 0 0 0 0 0
1513897577.53 26868 12066 5400 5671 5904 26220 104 1783 82 8890, 0 0 1 0 0 0 0 0 0 0
1513897578.55 29716 18427 9393 6583 9029 27873 35 1316 11 7470, 0 0 1 0 0 0 0 0 0 0
1513897579.58 27150 21085 15212 6604 8019 26005 36 2136 338 8182, 0 0 1 0 0 0 0 0 0 0
1513897580.61 24245 17718 16776 7029 5067 22516 39 3028 720 9126, 0 0 1 0 0 0 0 0 0 0
1513897581.63 25548 16775 15455 6797 4901 21610 30 3115 243 6731, 0 0 1 0 0 0 0 0 0 0
1513897582.65 25950 22037 17209 7074 7192 24248 26 3558 576 6743, 0 0 1 0 0 0 0 0 0 0
1513897583.68 27269 21146 17987 5679 9348 26417 31 3531 17 3287, 0 0 1 0 0 0 0 0 0 0
1513897584.7 23092 15279 19268 5494 7320 22690 43 4641 20 4270, 0 0 1 0 0 0 0 0 0 0
1513897585.73 21358 16888 23565 9948 7893 22506 36 6228 26 6934, 0 0 1 0 0 0 0 0 0 0
1513897586.75 19319 11085 16942 6572 6766 23437 35 4201 19 5930, 0 0 1 0 0 0 0 0 0 0
1513897587.77 19052 15967 21998 9554 6516 22334 26 4274 17 10263, 0 0 1 0 0 0 0 0 0 0
1513897588.79 21358 14902 18109 10355 8878 27210 25 2027 15 11568, 0 0 1 0 0 0 0 0 0 0
1513897589.81 20118 14573 14532 11161 8689 27464 98 2445 94 14759, 0 0 1 0 0 0 0 0 0 0
1513897590.84 18913 12348 10223 8575 7416 25235 25 2410 24 12167, 0 0 1 0 0 0 0 0 0 0
1513897591.85 20886 14990 10670 5933 5903 20878 24 3649 29 7984, 0 0 1 0 0 0 0 0 0 0
1513897592.88 23089 16746 11863 4112 6679 22182 23 5133 21 6031, 0 0 1 0 0 0 0 0 0 0
1513897593.92 25758 15953 10382 1939 6965 22229 23 6041 17 2745, 0 0 1 0 0 0 0 0 0 0
1513897594.96 25917 14015 7058 2799 4707 17466 18 5786 21 3011, 0 0 1 0 0 0 0 0 0 0
1513897595.98 34450 14879 8589 4327 7784 24563 29 7979 13 3339, 0 0 1 0 0 0 0 0 0 0
1513897597.02 40674 15672 9738 7523 5277 20947 38 9486 32 5472, 0 0 1 0 0 0 0 0 0 0
1513897598.04 32005 10733 10217 6763 3411 19049 18 6109 24 3868, 0 0 1 0 0 0 0 0 0 0
1513897599.07 28035 11371 9732 6779 3096 14854 14 5368 11 3827, 0 0 1 0 0 0 0 0 0 0
1513897600.1 23347 11452 9676 7098 3189 12724 15 4081 16 3297, 0 0 1 0 0 0 0 0 0 0
1513897601.14 20799 7770 10178 7821 2735 12257 29 5842 22 3661, 0 0 1 0 0 0 0 0 0 0
1513897602.18 19341 7778 12016 7465 2732 12312 23 7563 20 3355, 0 0 1 0 0 0 0 0 0 0
1513897603.2 18259 9263 13627 7317 2209 9194 15 6188 24 1746, 0 0 1 0 0 0 0 0 0 0
1513897604.23 16975 10222 15083 7603 3317 9936 47 4277 55 3167, 0 0 1 0 0 0 0 0 0 0
1513897605.26 21522 16871 27459 9691 6760 20247 90 4583 84 5524, 0 0 1 0 0 0 0 0 0 0
1513897606.31 19215 13878 26400 5636 5581 15449 16 4435 15 3865, 0 0 1 0 0 0 0 0 0 0
1513897607.36 18025 12010 26438 4492 5583 14290 20 6545 17 2188, 0 0 1 0 0 0 0 0 0 0
1513897608.38 15280 9623 19861 2491 4815 13024 20 5170 14 1231, 0 0 1 0 0 0 0 0 0 0
1513897609.4 18046 9194 14848 2686 5862 15964 19 4912 18 1364, 0 0 1 0 0 0 0 0 0 0
1513897610.44 20690 8389 11263 2600 5592 19469 49 5495 45 2324, 0 0 1 0 0 0 0 0 0 0
1513897611.48 21460 6261 8688 2509 2516 13798 23 5411 23 1495, 0 0 1 0 0 0 0 0 0 0
1513897612.54 18905 5020 3441 505 1648 9731 16 1682 20 78, 0 0 1 0 0 0 0 0 0 0
1513897613.59 24253 5331 2710 157 2040 13162 25 1745 19 123, 0 0 1 0 0 0 0 0 0 0
1513897614.61 14367 3773 752 107 1264 7752 19 1006 15 184, 0 0 1 0 0 0 0 0 0 0
1513897615.64 14583 3431 1046 67 1990 8945 18 293 6 100, 0 0 1 0 0 0 0 0 0 0
1513897616.66 19113 8648 2627 64 4306 14581 22 1342 22 124, 0 0 1 0 0 0 0 0 0 0
1513897617.7 18351 11215 5705 1762 3534 11939 21 1502 16 212, 0 0 1 0 0 0 0 0 0 0
1513897618.75 21355 11961 9686 3642 8015 15560 19 2350 10 554, 0 0 1 0 0 0 0 0 0 0
1513897619.77 14741 7268 9091 1446 6400 13234 23 1062 19 326, 0 0 1 0 0 0 0 0 0 0
1513897620.81 15679 5227 8757 2730 8630 13797 6 599 23 338, 0 0 1 0 0 0 0 0 0 0
1513897621.85 18573 7869 9386 3044 13406 21792 12 1231 22 1079, 0 0 1 0 0 0 0 0 0 0
1513897622.88 15769 7018 15202 4036 12971 17009 19 881 16 521, 0 0 1 0 0 0 0 0 0 0
1513897623.91 13872 8083 15898 3081 10845 15355 14 901 24 959, 0 0 1 0 0 0 0 0 0 0
1513897624.95 13662 7302 16154 3043 13861 20020 14 1061 22 1809, 0 0 1 0 0 0 0 0 0 0
1513897626.0 14630 7185 13968 2096 12842 16828 18 1171 33 3057, 0 0 1 0 0 0 0 0 0 0
1513897627.03 13126 6577 11744 2028 13881 17849 14 1106 22 2606, 0 0 1 0 0 0 0 0 0 0
1513897628.05 19090 6516 13679 4601 25528 33336 89 3077 98 5675, 0 0 1 0 0 0 0 0 0 0
1513897629.06 20974 6291 7254 6426 23013 32186 327 4562 317 6112, 0 0 1 0 0 0 0 0 0 0
1513897630.08 25100 9654 8842 5001 22897 38146 536 3934 630 7302, 0 0 1 0 0 0 0 0 0 0
1513897631.1 21084 5258 8465 2022 15748 30114 603 5473 666 5575, 0 0 1 0 0 0 0 0 0 0
1513897632.15 26380 10244 8479 3525 20462 36370 576 5232 549 5995, 0 0 1 0 0 0 0 0 0 0
1513897633.18 24625 8807 6384 1827 18660 33475 664 6118 640 5702, 0 0 1 0 0 0 0 0 0 0
1513897634.19 23136 7848 6842 2257 17484 32033 724 6870 692 5323, 0 0 1 0 0 0 0 0 0 0
1513897635.21 18806 7927 11928 4504 16074 27615 736 5644 721 4795, 0 0 1 0 0 0 0 0 0 0
1513897636.23 18246 6769 12585 4436 15020 26652 566 3343 538 2951, 0 0 1 0 0 0 0 0 0 0
1513897637.25 20672 7373 9944 3513 14352 26442 51 2584 12 1265, 0 0 1 0 0 0 0 0 0 0
1513897638.28 20106 9137 13612 6530 14589 28106 53 3132 13 6676, 0 0 1 0 0 0 0 0 0 0
1513897639.29 24314 9864 13630 7361 13952 30589 46 3139 12 7333, 0 0 1 0 0 0 0 0 0 0
1513897640.33 29185 13325 14002 7909 14152 31974 56 4176 13 8348, 0 0 1 0 0 0 0 0 0 0
1513897641.35 35976 17396 13215 6989 13547 35415 63 5961 161 8983, 0 0 1 0 0 0 0 0 0 0
1513897642.37 29617 13353 10470 4959 10782 33327 47 4452 950 8755, 0 0 1 0 0 0 0 0 0 0
1513897643.39 32229 15347 12078 7117 13928 36826 65 5668 1420 11080, 0 0 1 0 0 0 0 0 0 0
1513897644.41 31671 18771 9462 8561 16123 39318 32 2015 1258 14216, 0 0 1 0 0 0 0 0 0 0
1513897645.42 29355 17483 9262 7622 14113 35178 29 1171 1252 11375, 0 0 1 0 0 0 0 0 0 0
1513897646.45 28939 17709 8926 5239 11689 32859 33 1403 1783 10196, 0 0 1 0 0 0 0 0 0 0
1513897647.47 25517 18775 10677 3811 10357 26333 23 1713 1770 6750, 0 0 1 0 0 0 0 0 0 0
1513897648.49 22458 16854 7658 1175 8501 20463 53 1440 132 1557, 0 0 1 0 0 0 0 0 0 0
1513897649.53 27349 14828 4185 973 8277 24122 60 913 22 1799, 0 0 1 0 0 0 0 0 0 0
1513897650.57 30592 13376 8335 1647 5129 22349 66 2918 45 1006, 0 0 1 0 0 0 0 0 0 0
1513897651.61 52085 21731 23198 6060 9617 37321 81 9963 32 5431, 0 0 1 0 0 0 0 0 0 0
1513897652.64 29782 11824 15318 2844 8982 26887 54 4612 17 2986, 0 0 1 0 0 0 0 0 0 0
1513897653.66 20475 10618 9789 2729 7508 21052 62 3903 21 2872, 0 0 1 0 0 0 0 0 0 0
1513897654.69 26148 15992 15266 3459 7540 23347 58 5879 19 2269, 0 0 1 0 0 0 0 0 0 0
1513897655.72 27589 14609 16980 3617 7670 25740 65 7870 18 4341, 0 0 1 0 0 0 0 0 0 0
1513897656.77 29517 16664 16955 3611 8164 31104 63 5044 13 6408, 0 0 1 0 0 0 0 0 0 0
1513897657.8 22391 8952 12196 3045 7958 28358 64 4687 11 5140, 0 0 1 0 0 0 0 0 0 0
1513897658.83 20574 8802 8099 1774 7179 25245 68 2579 19 4046, 0 0 1 0 0 0 0 0 0 0
1513897659.86 21250 7628 6352 4188 8565 29995 75 3288 17 6844, 0 0 1 0 0 0 0 0 0 0
1513897660.91 27402 9849 6628 2793 11065 35073 82 2042 8 5884, 0 0 1 0 0 0 0 0 0 0
1513897661.94 24166 9488 6869 2691 8051 30692 90 621 14 7140, 0 0 1 0 0 0 0 0 0 0
1513897662.97 25139 10049 5936 2140 8137 31203 90 1474 14 7816, 0 0 1 0 0 0 0 0 0 0
1513897664.0 28090 11570 1078 2199 9664 32562 73 12 14 7792, 0 0 1 0 0 0 0 0 0 0
1513897665.03 27686 10577 762 1465 8206 31787 63 13 18 6438, 0 0 1 0 0 0 0 0 0 0
1513897666.05 30726 12533 900 2145 8753 30215 44 24 21 6526, 0 0 1 0 0 0 0 0 0 0
1513897667.09 29868 11368 1615 1624 6492 27660 51 855 13 5205, 0 0 1 0 0 0 0 0 0 0
1513897668.11 47429 16707 3750 1706 9962 39699 72 4901 16 4185, 0 0 1 0 0 0 0 0 0 0
1513897669.12 26027 7089 1639 137 5803 22652 42 3097 10 560, 0 0 1 0 0 0 0 0 0 0
1513897670.14 24615 5232 1733 403 5304 19019 54 3536 13 689, 0 0 1 0 0 0 0 0 0 0
1513897671.17 21117 7876 2689 2383 14976 27356 81 2786 18 2680, 0 0 1 0 0 0 0 0 0 0
1513897672.19 16293 8556 2555 1393 12340 21276 82 865 14 1620, 0 0 1 0 0 0 0 0 0 0
1513897673.22 16089 10307 2516 701 10109 17482 84 15 16 347, 0 0 1 0 0 0 0 0 0 0
1513897674.24 18419 10704 3071 585 9734 19077 87 210 15 329, 0 0 1 0 0 0 0 0 0 0
1513897675.27 21288 10110 2090 315 8479 18177 89 2073 17 484, 0 0 1 0 0 0 0 0 0 0
1513897676.28 22877 9896 2418 965 14290 25873 90 1901 15 947, 0 0 1 0 0 0 0 0 0 0
1513897677.31 26209 9239 1634 883 13185 30395 103 1153 15 2242, 0 0 1 0 0 0 0 0 0 0
1513897678.34 28841 8977 3029 5100 9773 30319 81 1214 17 3672, 0 0 1 0 0 0 0 0 0 0
1513897679.37 29373 8898 2458 6067 9024 30236 80 1264 13 5311, 0 0 1 0 0 0 0 0 0 0
1513897680.4 27077 7729 2925 9141 8274 29363 72 944 22 8319, 0 0 1 0 0 0 0 0 0 0
1513897681.42 21261 5144 1233 10632 4372 21380 64 1469 14 6251, 0 0 1 0 0 0 0 0 0 0
1513897682.44 21413 7624 3416 10975 8096 26536 57 514 20 9372, 0 0 1 0 0 0 0 0 0 0
1513897683.45 20309 8882 4325 10700 8678 24447 50 1878 10 8202, 0 0 1 0 0 0 0 0 0 0
1513897684.47 18331 8239 6449 11466 4582 17839 39 2807 11 7519, 0 0 1 0 0 0 0 0 0 0
1513897685.5 21504 10791 4644 11411 5403 19752 39 1461 9 5936, 0 0 1 0 0 0 0 0 0 0
1513897686.53 18498 9033 4937 7315 3242 12482 33 2324 15 3236, 0 0 1 0 0 0 0 0 0 0
1513897687.56 23551 10441 5751 8521 3959 14925 45 3863 7 3166, 0 0 1 0 0 0 0 0 0 0
1513897688.57 22312 9181 3601 10959 2765 14453 57 2510 9 5792, 0 0 1 0 0 0 0 0 0 0
1513897689.61 32600 13130 4820 9845 8594 29736 64 3117 13 6249, 0 0 1 0 0 0 0 0 0 0
1513897690.66 41851 16475 8787 11863 9638 31262 103 8408 24 4845, 0 0 1 0 0 0 0 0 0 0
1513897691.68 40999 13786 12244 11891 5523 34188 73 6645 13 7651, 0 0 1 0 0 0 0 0 0 0
1513897692.7 27253 9250 14231 11785 4132 19276 74 8792 24 4939, 0 0 1 0 0 0 0 0 0 0
1513897693.73 26510 8912 17466 14617 5218 25263 55 9993 14 8708, 0 0 1 0 0 0 0 0 0 0
1513897694.77 24846 7315 12790 14086 4967 24127 54 8724 20 10703, 0 0 1 0 0 0 0 0 0 0
1513897695.84 22960 7681 12487 13374 3688 20463 64 7428 6 10069, 0 0 1 0 0 0 0 0 0 0
1513897696.9 9529 3483 9314 7557 2985 12597 55 2726 16 6851, 0 0 1 0 0 0 0 0 0 0
1513897697.93 6033 1393 6385 6335 2111 8687 44 3024 13 4697, 0 0 1 0 0 0 0 0 0 0
1513897698.96 8330 2505 5511 9323 2010 10135 42 2366 8 5446, 0 0 1 0 0 0 0 0 0 0
1513897699.98 13673 4016 4334 5043 3537 15416 50 2726 13 5170, 0 0 1 0 0 0 0 0 0 0
1513897700.99 17594 8697 6236 5785 3582 15008 25 2691 15 4819, 0 0 1 0 0 0 0 0 0 0
1513897702.03 17968 9278 4873 2731 4026 14358 24 2648 31 2143, 0 0 1 0 0 0 0 0 0 0
1513897703.04 20829 5170 1229 530 3140 16744 48 2600 16 1454, 0 0 1 0 0 0 0 0 0 0
1513897704.06 22698 6354 748 932 4763 18899 39 1740 13 2223, 0 0 1 0 0 0 0 0 0 0
1513897705.08 22802 7045 852 1522 4845 20184 48 2714 14 3654, 0 0 1 0 0 0 0 0 0 0
1513897706.1 26331 5328 42 685 4908 24342 56 15 8 3008, 0 0 1 0 0 0 0 0 0 0
1513897707.12 22738 3768 69 674 3613 21936 67 65 23 1889, 0 0 1 0 0 0 0 0 0 0
1513897708.13 23101 3048 192 563 7306 24104 117 245 77 1229, 0 0 1 0 0 0 0 0 0 0
1513897709.15 26209 6535 535 702 14663 31224 123 682 96 1569, 0 0 1 0 0 0 0 0 0 0
1513897710.16 30512 4652 685 673 12422 37745 80 644 17 1781, 0 0 1 0 0 0 0 0 0 0
1513897711.18 21097 3817 398 1823 11455 25254 58 906 17 874, 0 0 1 0 0 0 0 0 0 0
1513897712.2 25760 6737 925 1989 13050 28213 64 1139 8 2101, 0 0 1 0 0 0 0 0 0 0
1513897713.24 27601 9756 2097 3405 15433 35913 50 672 9 5953, 0 0 1 0 0 0 0 0 0 0
1513897714.27 20282 6040 1072 2517 12012 28347 35 1310 21 6527, 0 0 1 0 0 0 0 0 0 0
1513897715.3 19959 6753 1008 3119 11227 23349 32 1559 10 6478, 0 0 1 0 0 0 0 0 0 0
1513897716.35 26438 8498 1868 4602 17301 35138 31 3019 11 8427, 0 0 1 0 0 0 0 0 0 0
1513897717.37 26920 9999 2016 3497 16216 34052 34 2259 13 6058, 0 0 1 0 0 0 0 0 0 0
1513897718.41 27350 8842 2108 1933 13985 31026 29 2159 13 4105, 0 0 1 0 0 0 0 0 0 0
1513897719.44 27764 7813 2192 2446 12849 31459 33 2312 11 3952, 0 0 1 0 0 0 0 0 0 0
1513897720.47 28408 11439 3921 5807 13043 34106 41 1739 6 7610, 0 0 1 0 0 0 0 0 0 0
1513897721.5 28763 12480 4677 6892 15321 35678 42 1917 6 8724, 0 0 1 0 0 0 0 0 0 0
1513897722.54 26923 10704 3718 4999 11312 29941 29 2559 12 6353, 0 0 1 0 0 0 0 0 0 0
1513897723.56 28875 11880 3989 6356 13205 33206 35 2366 4 7881, 0 0 1 0 0 0 0 0 0 0
1513897724.58 23971 9115 3738 5339 15063 31613 364 2824 352 5790, 0 0 1 0 0 0 0 0 0 0
1513897725.61 23468 8452 2755 3256 13145 28131 911 4483 893 4845, 0 0 1 0 0 0 0 0 0 0
1513897726.63 22854 8486 3273 4604 15687 30304 806 3805 792 6029, 0 0 1 0 0 0 0 0 0 0
1513897727.64 29931 13071 3444 3592 14522 32212 761 4165 742 7636, 0 0 1 0 0 0 0 0 0 0
1513897728.68 32113 14535 4364 3214 17213 36777 976 5433 948 7345, 0 0 1 0 0 0 0 0 0 0
1513897729.72 36356 18399 5312 4646 25820 46471 1053 5837 1017 11390, 0 0 1 0 0 0 0 0 0 0
1513897730.75 37479 9042 1876 2642 13906 40241 520 3666 506 8657, 0 0 1 0 0 0 0 0 0 0
1513897731.77 30075 10525 2506 5658 18369 38992 584 5218 572 11646, 0 0 1 0 0 0 0 0 0 0
1513897732.8 31592 13777 3639 2424 17355 38331 217 2938 208 6016, 0 0 1 0 0 0 0 0 0 0
1513897733.83 31334 14540 5187 3674 16507 36595 57 2353 16 5886, 0 0 1 0 0 0 0 0 0 0
1513897734.85 28948 12743 4635 3534 15817 31067 14 3210 8 5067, 0 0 1 0 0 0 0 0 0 0
1513897735.88 27854 10724 5088 4093 16206 27619 9 4697 16 4701, 0 0 1 0 0 0 0 0 0 0
1513897736.91 28154 11465 7328 3665 11308 25403 13 3978 24 3457, 0 0 1 0 0 0 0 0 0 0
1513897737.93 29301 14196 10953 3905 12010 25421 11 7038 13 3510, 0 0 1 0 0 0 0 0 0 0
1513897738.96 25286 18577 15766 5644 11414 21861 12 4144 7 3206, 0 0 1 0 0 0 0 0 0 0
1513897739.98 29126 16749 14136 6077 14161 26289 20 6152 10 4149, 0 0 1 0 0 0 0 0 0 0
1513897741.02 28370 15730 10731 5320 16135 29630 18 3619 14 5500, 0 0 1 0 0 0 0 0 0 0
1513897742.05 21620 11119 7340 2588 11296 22579 10 1967 12 3418, 0 0 1 0 0 0 0 0 0 0
1513897743.08 26249 15957 7768 5340 14115 25823 11 3985 6 5549, 0 0 1 0 0 0 0 0 0 0
1513897744.11 21852 13717 7056 6361 12199 22798 12 2480 18 5699, 0 0 1 0 0 0 0 0 0 0
1513897745.14 22809 12871 3544 4273 13410 24256 17 1717 13 5585, 0 0 1 0 0 0 0 0 0 0
1513897746.2 21512 9293 2089 2305 11033 19521 4 1446 16 2151, 0 0 1 0 0 0 0 0 0 0
1513897747.24 23429 9941 1264 618 9174 19586 4 11 11 1311, 0 0 1 0 0 0 0 0 0 0
1513897748.27 37048 11852 735 1424 16459 33709 20 440 18 1541, 0 0 1 0 0 0 0 0 0 0
1513897749.3 22544 5246 820 1109 10481 23259 13 1096 10 1981, 0 0 1 0 0 0 0 0 0 0
1513897750.33 23916 4732 1147 1631 13662 28282 21 2092 7 2447, 0 0 1 0 0 0 0 0 0 0
1513897751.36 20661 2661 882 2082 13604 25790 22 2081 15 3827, 0 0 1 0 0 0 0 0 0 0
1513897752.41 19525 5589 3884 5483 10748 21811 21 4285 13 6951, 0 0 1 0 0 0 0 0 0 0
1513897753.44 18633 4506 3355 5487 10271 20751 14 4542 5 6317, 0 0 1 0 0 0 0 0 0 0
1513897754.48 18618 3592 3040 6271 10174 19350 14 2621 9 7222, 0 0 1 0 0 0 0 0 0 0
1513897755.51 25443 6717 3305 8385 14284 32241 14 3540 9 11328, 0 0 1 0 0 0 0 0 0 0
1513897756.57 21750 4370 2193 8772 14361 27044 18 2992 9 11481, 0 0 1 0 0 0 0 0 0 0
1513897757.6 24638 4996 2020 7948 12716 29472 16 2704 11 8903, 0 0 1 0 0 0 0 0 0 0
1513897758.63 23005 3688 500 4099 9559 23127 13 1615 12 5240, 0 0 1 0 0 0 0 0 0 0
1513897759.66 25505 3098 1089 1904 11940 25286 19 3032 14 2430, 0 0 1 0 0 0 0 0 0 0
1513897760.68 21781 5325 1673 1152 11655 24191 15 3434 23 1427, 0 0 1 0 0 0 0 0 0 0
1513897761.71 21450 4202 1914 1280 9192 22722 16 3668 14 1678, 0 0 1 0 0 0 0 0 0 0
1513897762.73 19129 4096 3792 925 7539 18720 18 6560 9 1228, 0 0 1 0 0 0 0 0 0 0
1513897763.75 22921 6051 4799 163 8996 21360 37 9582 26 297, 0 0 1 0 0 0 0 0 0 0
1513897764.78 37249 5662 3103 1227 9735 32652 26 9658 10 3058, 0 0 1 0 0 0 0 0 0 0
1513897765.82 36482 8608 2952 3506 10297 35276 24 8021 8 7604, 0 0 1 0 0 0 0 0 0 0
1513897766.9 35755 8615 2599 2867 9320 36394 25 5664 13 7091, 0 0 1 0 0 0 0 0 0 0
1513897767.97 34126 11339 2388 1645 11162 34767 16 5699 15 5532, 0 0 1 0 0 0 0 0 0 0
1513897769.04 13108 1915 914 137 1881 14943 13 4390 6 3335, 0 0 1 0 0 0 0 0 0 0
1513897770.08 11599 1655 682 416 1013 9407 11 3564 8 1528, 0 0 1 0 0 0 0 0 0 0
1513897771.12 13191 3112 669 981 4590 14793 15 2341 5 3559, 0 0 1 0 0 0 0 0 0 0
1513897772.15 14692 4469 2212 1437 4173 14870 33 5164 7 4777, 0 0 1 0 0 0 0 0 0 0
1513897773.17 22191 9574 3745 4185 8003 25952 39 2553 10 8135, 0 0 1 0 0 0 0 0 0 0
1513897774.19 29478 13703 5724 3725 8496 31039 60 3362 34 7694, 0 0 1 0 0 0 0 0 0 0
1513897775.21 26335 9946 4099 2330 8011 31395 33 2265 10 7333, 0 0 1 0 0 0 0 0 0 0
1513897776.22 24075 9223 1846 1168 8965 30697 146 1626 128 7513, 0 0 1 0 0 0 0 0 0 0
1513897777.24 28379 13207 1035 3093 10857 32356 79 187 62 9822, 0 0 1 0 0 0 0 0 0 0
1513897778.28 25726 13880 1694 1475 9236 25189 53 116 39 5441, 0 0 1 0 0 0 0 0 0 0
1513897779.33 37621 23297 4011 1716 9380 29034 28 1457 17 5341, 0 0 1 0 0 0 0 0 0 0
1513897780.35 22378 14030 6323 2660 4115 14132 30 1096 23 4049, 0 0 1 0 0 0 0 0 0 0
1513897781.38 24491 13480 7431 4151 5834 19849 28 1231 22 5911, 0 0 1 0 0 0 0 0 0 0
1513897782.4 22755 16406 9319 3802 8952 20540 25 3732 10 5671, 0 0 1 0 0 0 0 0 0 0
1513897783.43 21885 13416 5296 5668 8383 23019 168 2763 111 11433, 0 0 1 0 0 0 0 0 0 0
1513897784.49 27211 12318 5433 4359 10281 25627 56 4916 10 10685, 0 0 1 0 0 0 0 0 0 0
1513897785.53 25092 7337 5279 4720 12372 29168 41 4546 11 11315, 0 0 1 0 0 0 0 0 0 0
1513897786.54 19013 6108 2513 3002 8344 21465 68 951 11 8410, 0 0 1 0 0 0 0 0 0 0
1513897787.56 21615 4476 3966 6353 14870 33801 48 2604 14 12755, 0 0 1 0 0 0 0 0 0 0
1513897788.58 19022 5455 5157 9546 15721 35083 48 1441 15 15843, 0 0 1 0 0 0 0 0 0 0
1513897789.61 22038 7644 12020 8939 15886 37287 32 5949 16 13019, 0 0 1 0 0 0 0 0 0 0
1513897790.63 22520 8641 10971 5846 15482 35121 47 3189 21 9960, 0 0 1 0 0 0 0 0 0 0
1513897791.66 18912 8220 11478 5669 12994 31322 50 3817 14 9440, 0 0 1 0 0 0 0 0 0 0
1513897792.68 27345 9510 11636 4535 13075 33504 50 5511 23 7239, 0 0 1 0 0 0 0 0 0 0
1513897793.7 27296 12137 10691 6378 16102 33768 51 3000 10 7921, 0 0 1 0 0 0 0 0 0 0
1513897794.72 26826 11668 8905 6023 16489 33910 41 2713 12 6280, 0 0 1 0 0 0 0 0 0 0
1513897795.74 26713 11541 6457 5136 16481 34693 55 209 12 3806, 0 0 1 0 0 0 0 0 0 0
1513897796.76 30610 21057 14367 8294 15947 33712 57 863 5 5192, 0 0 1 0 0 0 0 0 0 0
1513897797.78 23752 17410 12670 5523 14967 27534 56 684 23 5556, 0 0 1 0 0 0 0 0 0 0
1513897798.81 34261 25588 17570 8564 21052 34695 91 4793 33 6308, 0 0 1 0 0 0 0 0 0 0
1513897799.84 29476 18244 13886 5359 14271 31448 57 3931 13 4977, 0 0 1 0 0 0 0 0 0 0
1513897800.87 25953 19542 14411 5765 15075 24845 58 4736 8 3921, 0 0 1 0 0 0 0 0 0 0
1513897801.9 26224 16034 12746 5800 16429 27006 58 6938 15 5829, 0 0 1 0 0 0 0 0 0 0
1513897802.94 27384 13947 10112 3927 14025 25045 50 6346 22 5821, 0 0 1 0 0 0 0 0 0 0
1513897803.96 29741 13666 9011 5681 15462 27916 50 7063 7 7659, 0 0 1 0 0 0 0 0 0 0
1513897805.01 29522 12911 6999 3204 14708 27949 51 6368 10 6552, 0 0 1 0 0 0 0 0 0 0
1513897806.05 25442 10715 4765 1935 12736 20489 43 5206 9 5433, 0 0 1 0 0 0 0 0 0 0
1513897807.1 24528 9154 2573 1703 12580 18559 53 5374 16 4059, 0 0 1 0 0 0 0 0 0 0
1513897808.12 23484 9468 2371 2154 12612 21256 39 4920 15 5868, 0 0 1 0 0 0 0 0 0 0
1513897809.14 21923 7869 2213 1498 12345 16736 48 4589 14 5588, 0 0 1 0 0 0 0 0 0 0
1513897810.16 21851 8465 3651 6340 13306 20752 44 5284 16 5711, 0 0 1 0 0 0 0 0 0 0
1513897811.18 20557 5242 3951 6825 9389 17817 44 6813 17 5674, 0 0 1 0 0 0 0 0 0 0
1513897812.23 17526 5808 4547 7111 9133 17193 62 6444 10 5653, 0 0 1 0 0 0 0 0 0 0
1513897813.25 20318 6547 3515 4555 9985 18555 50 4348 15 3675, 0 0 1 0 0 0 0 0 0 0
1513897814.29 23611 8822 2414 3278 10633 17698 41 4771 17 2150, 0 0 1 0 0 0 0 0 0 0
1513897815.31 25752 11586 4262 2265 11544 22123 38 5923 19 590, 0 0 1 0 0 0 0 0 0 0
1513897816.33 35694 16913 5416 2529 23319 35019 74 7207 19 313, 0 0 1 0 0 0 0 0 0 0
1513897817.35 41835 14230 4650 2653 14909 34823 41 7176 20 297, 0 0 1 0 0 0 0 0 0 0
1513897818.37 29558 12759 2721 1637 13767 25638 42 3849 16 172, 0 0 1 0 0 0 0 0 0 0
1513897819.39 24944 12541 4180 3079 12233 23323 28 1847 12 915, 0 0 1 0 0 0 0 0 0 0
1513897820.43 25516 13905 5047 2078 14283 26134 24 2467 14 377, 0 0 1 0 0 0 0 0 0 0
1513897821.45 22064 10013 3079 1592 15446 25021 18 3164 16 103, 0 0 1 0 0 0 0 0 0 0
1513897822.49 19779 10873 2401 1957 13153 18434 13 3979 14 523, 0 0 1 0 0 0 0 0 0 0
1513897823.54 23125 11839 2082 1807 12000 19686 12 3014 10 1731, 0 0 1 0 0 0 0 0 0 0
1513897824.57 24690 9416 2615 1522 14314 25021 11 4341 18 2715, 0 0 1 0 0 0 0 0 0 0
1513897825.6 23660 5958 1722 971 11815 19823 17 4213 10 1838, 0 0 1 0 0 0 0 0 0 0
1513897826.63 30282 9204 876 2610 16602 27564 22 2452 11 4588, 0 0 1 0 0 0 0 0 0 0
1513897827.65 26402 10064 2086 3656 14966 25577 20 3661 13 6096, 0 0 1 0 0 0 0 0 0 0
1513897828.67 22339 9022 1878 3655 12913 22935 10 4046 17 7216, 0 0 1 0 0 0 0 0 0 0
1513897829.68 18552 4644 1810 1499 9664 20464 6 3963 11 3462, 0 0 1 0 0 0 0 0 0 0
1513897830.71 22375 4497 994 510 9056 21720 5 2092 16 1952, 0 0 1 0 0 0 0 0 0 0
1513897831.8 25750 5867 6424 2090 7779 22037 6 3230 15 847, 0 0 1 0 0 0 0 0 0 0
1513897832.83 26735 7009 10808 2946 7915 22263 14 4806 7 1281, 0 0 1 0 0 0 0 0 0 0
1513897833.86 23267 4672 11750 1917 4814 17106 19 2831 11 103, 0 0 1 0 0 0 0 0 0 0
1513897834.88 37712 8405 18924 6316 8882 32009 31 5418 24 166, 0 0 1 0 0 0 0 0 0 0
1513897835.9 22736 4009 15924 3208 6471 21276 23 2554 13 117, 0 0 1 0 0 0 0 0 0 0
1513897836.93 22180 8027 10840 4180 7713 22176 19 3467 15 90, 0 0 1 0 0 0 0 0 0 0
1513897837.96 20052 6909 10139 1736 8015 20826 16 2591 17 95, 0 0 1 0 0 0 0 0 0 0
1513897838.99 17773 5678 7166 1839 8591 20334 26 2574 12 121, 0 0 1 0 0 0 0 0 0 0
1513897840.03 18362 6139 4484 761 7489 18727 18 4428 21 136, 0 0 1 0 0 0 0 0 0 0
1513897841.05 20096 5995 2431 228 5143 15248 17 2904 17 296, 0 0 1 0 0 0 0 0 0 0
1513897842.09 22080 5936 1828 266 4326 14650 18 3838 20 412, 0 0 1 0 0 0 0 0 0 0
1513897843.1 22667 7530 2834 485 7415 18648 29 5374 13 743, 0 0 1 0 0 0 0 0 0 0
1513897844.15 28867 8060 1643 1228 7978 26726 39 4276 18 2551, 0 0 1 0 0 0 0 0 0 0
1513897845.22 24246 5450 886 1297 8558 27166 37 2509 14 2977, 0 0 1 0 0 0 0 0 0 0
1513897846.26 22325 5444 996 1188 11484 26599 36 2567 10 4058, 0 0 1 0 0 0 0 0 0 0
1513897847.35 24013 7341 2968 1648 10133 23226 37 2880 13 1753, 0 0 1 0 0 0 0 0 0 0
1513897848.37 26116 9706 4110 3077 17885 28292 42 1944 22 2784, 0 0 1 0 0 0 0 0 0 0
1513897849.39 27771 10515 7422 5058 11902 29298 26 2245 14 5117, 0 0 1 0 0 0 0 0 0 0
1513897850.41 20842 9147 5512 2784 9390 22323 30 2839 11 2437, 0 0 1 0 0 0 0 0 0 0
1513897851.45 17193 10337 7543 3935 7711 17625 25 3769 21 3642, 0 0 1 0 0 0 0 0 0 0
1513897852.46 21303 9105 5515 2522 8990 19883 25 3472 25 2974, 0 0 1 0 0 0 0 0 0 0
1513897853.48 25837 10953 10098 2361 10308 21079 41 5748 21 1393, 0 0 1 0 0 0 0 0 0 0
1513897854.49 23717 11207 11332 3794 6401 19387 41 5015 21 3456, 0 0 1 0 0 0 0 0 0 0
1513897855.52 22483 10274 9055 7252 9556 24676 51 3764 19 7836, 0 0 1 0 0 0 0 0 0 0
1513897856.55 19576 6731 7672 8293 6292 20378 48 3170 27 8786, 0 0 1 0 0 0 0 0 0 0
1513897857.57 23099 8977 7704 10273 7001 23166 40 3848 19 11626, 0 0 1 0 0 0 0 0 0 0
1513897858.59 11645 3001 4552 8930 4655 13761 46 2151 14 8501, 0 0 1 0 0 0 0 0 0 0
1513897859.61 19192 6963 8001 14786 9823 23735 37 3664 12 14851, 0 0 1 0 0 0 0 0 0 0
1513897860.63 18079 8390 9760 10783 11255 23041 17 1263 16 10295, 0 0 1 0 0 0 0 0 0 0
1513897861.66 17961 8407 16157 12472 10698 23579 28 3746 20 10847, 0 0 1 0 0 0 0 0 0 0
1513897862.67 17502 8346 15347 14277 10908 21859 36 4761 25 14371, 0 0 1 0 0 0 0 0 0 0
1513897863.69 18893 8361 13858 10925 8269 20848 38 4381 20 11879, 0 0 1 0 0 0 0 0 0 0
1513897864.72 18999 10030 14671 8051 5504 16448 26 4367 10 6537, 0 0 1 0 0 0 0 0 0 0
1513897865.74 20634 16268 23888 15065 10084 22223 32 4506 27 8896, 0 0 1 0 0 0 0 0 0 0
1513897866.77 21151 14885 20812 15399 10460 23799 39 4339 15 11552, 0 0 1 0 0 0 0 0 0 0
1513897867.79 20507 13780 15567 12667 11887 27625 40 3464 11 13404, 0 0 1 0 0 0 0 0 0 0
1513897868.8 16807 9842 17093 11522 9908 20909 44 5915 9 9583, 0 0 1 0 0 0 0 0 0 0
1513897869.83 16296 8304 11760 8875 10131 18998 46 6115 11 7178, 0 0 1 0 0 0 0 0 0 0
1513897870.85 20658 11297 13330 12877 14626 27111 43 6578 11 12649, 0 0 1 0 0 0 0 0 0 0
1513897871.86 17182 3561 7726 11443 13267 24294 36 5840 7 12453, 0 0 1 0 0 0 0 0 0 0
1513897872.88 14591 3969 4322 6996 11997 22273 40 2669 11 8590, 0 0 1 0 0 0 0 0 0 0
1513897873.9 24462 5536 1636 8318 11834 27096 44 1842 17 10007, 0 0 1 0 0 0 0 0 0 0
1513897874.92 29887 5533 1377 5978 13613 31130 49 2756 10 8540, 0 0 1 0 0 0 0 0 0 0
1513897875.94 21057 6596 1965 2082 8498 22371 35 3012 12 5599, 0 0 1 0 0 0 0 0 0 0
1513897876.96 17753 7176 2355 2996 9315 21901 19 3499 14 6892, 0 0 1 0 0 0 0 0 0 0
1513897877.97 21875 7045 1524 2422 10455 22637 20 2854 12 6909, 0 0 1 0 0 0 0 0 0 0
1513897879.0 24090 7439 1736 908 9499 17623 20 4010 9 5168, 0 0 1 0 0 0 0 0 0 0
1513897880.01 17540 2481 446 1042 8167 13755 25 2166 10 5141, 0 0 1 0 0 0 0 0 0 0
1513897881.03 23262 7143 2475 497 8796 17047 26 4815 16 1571, 0 0 1 0 0 0 0 0 0 0
1513897882.05 18611 6982 2103 1767 10163 21971 34 3820 13 3990, 0 0 1 0 0 0 0 0 0 0
1513897883.07 27074 6610 1585 1844 12960 29239 37 3062 8 5367, 0 0 1 0 0 0 0 0 0 0
1513897884.09 29855 8043 1637 2067 14429 33255 47 2607 19 6186, 0 0 1 0 0 0 0 0 0 0
1513897885.1 24760 5933 1185 1571 12741 31767 38 1858 10 6771, 0 0 1 0 0 0 0 0 0 0
1513897886.12 20244 5909 588 899 11641 25523 43 493 10 3836, 0 0 1 0 0 0 0 0 0 0
1513897887.13 25477 10019 996 2050 11446 25191 40 964 8 4631, 0 0 1 0 0 0 0 0 0 0
1513897888.15 23609 10372 2270 3246 12446 28049 30 1743 12 7237, 0 0 1 0 0 0 0 0 0 0
1513897889.17 21120 9278 2274 4147 13398 28087 29 1155 17 9677, 0 0 1 0 0 0 0 0 0 0
1513897890.19 25839 9592 2134 4339 15466 34702 20 1616 10 10067, 0 0 1 0 0 0 0 0 0 0
1513897891.2 24838 7653 2125 3038 15276 30711 20 1811 8 7287, 0 0 1 0 0 0 0 0 0 0
1513897892.22 25924 8591 2205 3245 14853 32322 23 916 14 6821, 0 0 1 0 0 0 0 0 0 0
1513897893.23 25050 8447 1919 3031 15416 32122 23 700 10 6027, 0 0 1 0 0 0 0 0 0 0
1513897894.25 25383 9169 1725 2986 12741 29697 31 9 11 6949, 0 0 1 0 0 0 0 0 0 0
1513897895.29 22457 6098 645 3906 9609 25685 27 9 5 6141, 0 0 1 0 0 0 0 0 0 0
1513897896.3 25777 7143 1002 4824 13845 35300 29 845 8 10027, 0 0 1 0 0 0 0 0 0 0
1513897897.32 23190 4720 440 2439 8516 28036 22 1156 6 5992, 0 0 1 0 0 0 0 0 0 0
1513897898.34 28302 8177 1129 3666 14097 36705 24 1733 3 6811, 0 0 1 0 0 0 0 0 0 0
1513897899.36 25836 8094 1227 2807 12688 29635 18 2152 16 5131, 0 0 1 0 0 0 0 0 0 0
1513897900.38 22607 5988 1644 3957 11545 28895 19 2596 11 6481, 0 0 1 0 0 0 0 0 0 0
1513897901.4 21005 5412 2625 3201 13115 26886 28 4165 13 4306, 0 0 1 0 0 0 0 0 0 0
1513897902.42 21138 7532 3187 2611 10211 22616 62 3156 15 3924, 0 0 1 0 0 0 0 0 0 0
1513897903.44 26949 8733 2187 3336 13762 28900 34 4127 7 5550, 0 0 1 0 0 0 0 0 0 0
1513897904.47 34266 16709 4195 5037 20412 38496 52 5608 20 10386, 0 0 1 0 0 0 0 0 0 0
1513897905.5 32746 12116 3307 3006 13294 37056 35 2789 10 7945, 0 0 1 0 0 0 0 0 0 0
1513897906.53 24536 9224 1956 2666 12257 28272 39 2071 11 6181, 0 0 1 0 0 0 0 0 0 0
1513897907.55 21203 5009 1065 3417 9407 27678 55 2054 13 7943, 0 0 1 0 0 0 0 0 0 0
1513897908.57 21289 6084 964 3042 11089 28610 38 1072 8 6618, 0 0 1 0 0 0 0 0 0 0
1513897909.59 27046 8556 1199 4523 14021 33980 45 941 7 7473, 0 0 1 0 0 0 0 0 0 0
1513897910.61 27730 8513 1017 3857 12837 36600 50 1051 5 9401, 0 0 1 0 0 0 0 0 0 0
1513897911.63 30350 9407 1398 4174 17356 36016 37 1811 7 7663, 0 0 1 0 0 0 0 0 0 0
1513897912.66 30171 12591 2591 2907 16448 35318 25 2292 13 6862, 0 0 1 0 0 0 0 0 0 0
1513897913.68 24289 8093 1560 3718 16721 32908 43 1838 9 5900, 0 0 1 0 0 0 0 0 0 0
1513897914.69 22718 10392 1824 2727 14719 28168 30 720 11 4352, 0 0 1 0 0 0 0 0 0 0
1513897915.74 20892 11425 3880 3271 12657 23935 24 2919 10 4402, 0 0 1 0 0 0 0 0 0 0
1513897916.78 25490 10042 3726 4267 13246 30033 24 2579 12 6378, 0 0 1 0 0 0 0 0 0 0
1513897917.84 23626 6683 2227 6659 12889 28362 39 1134 25 9686, 0 0 1 0 0 0 0 0 0 0
1513897918.95 19047 3838 2510 7065 9194 21570 36 2054 14 8952, 0 0 1 0 0 0 0 0 0 0
1513897920.03 21198 6396 3050 5822 16143 26968 27 2492 20 9546, 0 0 1 0 0 0 0 0 0 0
1513897921.09 21029 3212 1183 7143 5822 17416 50 2157 8 9824, 0 0 1 0 0 0 0 0 0 0
1513897922.12 8314 1178 465 5240 5009 10613 39 727 13 7181, 0 0 1 0 0 0 0 0 0 0
1513897923.15 7221 1430 301 4844 5461 9372 36 667 17 5265, 0 0 1 0 0 0 0 0 0 0
1513897924.16 11429 1050 417 6110 7267 14533 44 1181 16 5794, 0 0 1 0 0 0 0 0 0 0
1513897925.19 16040 2110 440 6668 10283 22854 34 850 7 7475, 0 0 1 0 0 0 0 0 0 0
1513897926.21 25124 4171 730 6578 14419 32882 64 2152 8 7892, 0 0 1 0 0 0 0 0 0 0
1513897927.23 23021 4985 679 5180 12784 30215 52 1555 6 8645, 0 0 1 0 0 0 0 0 0 0
1513897928.26 21196 5061 1311 4620 12711 28610 38 2297 12 8790, 0 0 1 0 0 0 0 0 0 0
1513897929.29 23085 5014 2710 7842 13902 35073 36 2902 7 12589, 0 0 1 0 0 0 0 0 0 0
1513897930.31 27091 7100 3553 5525 12919 33710 27 3300 8 7920, 0 0 1 0 0 0 0 0 0 0
1513897931.36 26142 8476 4291 5076 12014 33266 26 2486 19 7664, 0 0 1 0 0 0 0 0 0 0
1513897932.4 31771 10756 5151 6822 13984 36847 35 4491 7 9752, 0 0 1 0 0 0 0 0 0 0
1513897933.41 29760 9700 5309 7773 10850 31648 41 3597 3 7999, 0 0 1 0 0 0 0 0 0 0
1513897934.44 32494 12594 8177 9064 12063 35911 41 3669 12 10443, 0 0 1 0 0 0 0 0 0 0
1513897935.47 28034 11773 9199 11756 10188 32787 34 2875 19 12036, 0 0 1 0 0 0 0 0 0 0
1513897936.49 21674 9067 10532 11947 7720 24620 47 3751 13 9828, 0 0 1 0 0 0 0 0 0 0
1513897937.51 18861 10297 15652 10045 8096 23277 67 4377 22 10912, 0 0 1 0 0 0 0 0 0 0
1513897938.55 37706 20683 35639 20353 6149 28324 57 14572 17 16123, 0 0 1 0 0 0 0 0 0 0
1513897939.57 22917 15000 24053 15654 3292 16175 30 7093 21 12725, 0 0 1 0 0 0 0 0 0 0
1513897940.6 22020 15378 21975 14969 4218 17821 22 7719 10 13666, 0 0 1 0 0 0 0 0 0 0
1513897941.62 23446 11286 16122 12222 4305 17829 17 7208 9 12579, 0 0 1 0 0 0 0 0 0 0
1513897942.64 21250 13719 14704 9276 5037 20332 19 7560 16 9683, 0 0 1 0 0 0 0 0 0 0
1513897943.67 19004 7884 10346 5626 2809 15275 36 6386 15 5387, 0 0 1 0 0 0 0 0 0 0
1513897944.7 22953 6931 8087 4980 3582 19964 37 5520 23 6026, 0 0 1 0 0 0 0 0 0 0
1513897945.73 29986 12694 12165 4061 2942 21245 41 9155 22 5535, 0 0 1 0 0 0 0 0 0 0
1513897946.77 30120 11864 6173 3235 3756 21696 63 7585 20 6416, 0 0 1 0 0 0 0 0 0 0
1513897947.79 36842 13583 5630 2382 4366 24438 30 9627 12 6065, 0 0 1 0 0 0 0 0 0 0
1513897948.83 36137 13389 5753 2258 2901 22702 26 9186 16 6403, 0 0 1 0 0 0 0 0 0 0
1513897949.86 38565 15123 5675 2196 4782 28724 29 9798 7 7435, 0 0 1 0 0 0 0 0 0 0
1513897950.95 35845 14065 4453 1041 4423 25066 30 7009 12 4941, 0 0 1 0 0 0 0 0 0 0
1513897951.99 30577 9945 3135 939 4329 23341 22 4856 26 4011, 0 0 1 0 0 0 0 0 0 0
1513897953.02 23177 8083 1008 596 2947 17387 29 2596 13 3446, 0 0 1 0 0 0 0 0 0 0
1513897954.06 29495 9093 2818 1230 6403 26426 31 3420 10 2952, 0 0 1 0 0 0 0 0 0 0
1513897955.17 36497 9178 5320 11422 12349 46525 59 3571 22 11093, 0 0 1 0 0 0 0 0 0 0
1513897956.25 19019 5104 2600 8171 7616 27168 53 1027 10 8582, 0 0 1 0 0 0 0 0 0 0
1513897957.28 14268 3182 1121 8569 5991 21933 64 1117 13 7879, 0 0 1 0 0 0 0 0 0 0
1513897958.31 7214 2240 844 4689 3715 11518 53 13 7 5459, 0 0 1 0 0 0 0 0 0 0
1513897959.33 8927 3477 2705 6595 6194 17396 59 17 17 8684, 0 0 1 0 0 0 0 0 0 0
1513897960.35 11335 5375 2136 6905 9815 21354 49 49 16 10046, 0 0 1 0 0 0 0 0 0 0
1513897961.37 20516 8174 2221 12611 12009 28135 37 1890 14 15886, 0 0 1 0 0 0 0 0 0 0
1513897962.39 25877 8976 1010 8730 10294 29480 50 1680 14 10991, 0 0 1 0 0 0 0 0 0 0
1513897963.41 28236 10209 1927 6084 9507 29852 61 2948 12 7850, 0 0 1 0 0 0 0 0 0 0
1513897964.44 29825 9102 1007 4490 7043 29479 90 2863 13 7765, 0 0 1 0 0 0 0 0 0 0
1513897965.46 33003 12887 3180 2320 7074 29389 63 4233 11 5337, 0 0 1 0 0 0 0 0 0 0
1513897966.48 28763 12857 4778 4855 7884 27406 53 5194 14 7534, 0 0 1 0 0 0 0 0 0 0
1513897967.5 25479 9853 4915 4614 6916 25949 55 4750 9 6894, 0 0 1 0 0 0 0 0 0 0
1513897968.52 22808 9384 7266 9180 7140 25280 47 3622 14 10507, 0 0 1 0 0 0 0 0 0 0
1513897969.55 17707 6336 6827 11135 5165 24393 28 2513 8 14530, 0 0 1 0 0 0 0 0 0 0
1513897970.57 25944 7967 6158 9797 9092 33626 32 2072 12 12981, 0 0 1 0 0 0 0 0 0 0
1513897971.59 28181 6124 8463 12993 7468 39684 61 3080 17 15949, 0 0 1 0 0 0 0 0 0 0
1513897972.61 25015 5201 5881 7178 8678 29981 39 4140 28 6118, 0 0 1 0 0 0 0 0 0 0
1513897973.64 28640 5893 4329 5438 10825 34552 49 4407 211 5945, 0 0 1 0 0 0 0 0 0 0
1513897974.66 23329 3798 2857 1647 7896 28038 48 2572 16 1685, 0 0 1 0 0 0 0 0 0 0
1513897975.69 22683 4896 1803 2535 8266 28052 91 2501 21 3061, 0 0 1 0 0 0 0 0 0 0
1513897976.71 25169 7039 3899 1868 9167 27613 77 3418 24 1731, 0 0 1 0 0 0 0 0 0 0
1513897977.74 20267 6387 2829 1048 8170 22859 80 1538 15 2076, 0 0 1 0 0 0 0 0 0 0
1513897978.78 19020 8358 4021 687 5782 17380 79 2152 18 1534, 0 0 1 0 0 0 0 0 0 0
1513897979.81 19897 8804 5017 678 3785 15888 69 4147 16 2359, 0 0 1 0 0 0 0 0 0 0
1513897980.84 19070 6981 4158 249 3069 13168 77 4348 15 475, 0 0 1 0 0 0 0 0 0 0
1513897981.87 21314 10444 7246 585 4702 13880 69 7321 6 249, 0 0 1 0 0 0 0 0 0 0
1513897982.89 15232 7509 4880 480 2544 8962 89 4846 17 345, 0 0 1 0 0 0 0 0 0 0
1513897983.9 15687 7260 4772 250 2585 8759 84 4940 13 292, 0 0 1 0 0 0 0 0 0 0
1513897984.93 14375 7000 5299 356 3642 10152 75 5609 19 273, 0 0 1 0 0 0 0 0 0 0
1513897985.95 13941 4468 3873 207 3912 11072 76 5642 13 273, 0 0 1 0 0 0 0 0 0 0
1513897986.97 18819 5611 3459 117 3304 13166 71 4693 15 252, 0 0 1 0 0 0 0 0 0 0
1513897988.0 21378 7375 2544 147 2593 12983 74 4265 20 297, 0 0 1 0 0 0 0 0 0 0
1513897989.04 18729 6692 2965 156 1876 11299 76 4883 15 309, 0 0 1 0 0 0 0 0 0 0
1513897990.07 19745 7075 3090 126 1195 10805 66 5596 11 281, 0 0 1 0 0 0 0 0 0 0
1513897991.09 19111 6284 2396 142 585 6546 69 5189 14 299, 0 0 1 0 0 0 0 0 0 0
1513897992.11 27111 9205 2621 206 1235 5967 88 7952 19 351, 0 0 1 0 0 0 0 0 0 0
1513897993.13 24340 6912 4175 151 1769 11445 36 7014 10 315, 0 0 1 0 0 0 0 0 0 0
1513897994.14 18877 7487 2232 191 1943 11923 44 3032 16 382, 0 0 1 0 0 0 0 0 0 0
1513897995.16 20104 6576 1307 85 2220 13113 31 2860 10 178, 0 0 1 0 0 0 0 0 0 0
1513897996.19 25732 8340 2188 732 4114 20246 42 3334 16 1634, 0 0 1 0 0 0 0 0 0 0
1513897997.21 22362 3758 513 324 3346 19300 48 1358 18 987, 0 0 1 0 0 0 0 0 0 0
1513897998.23 25891 6920 1484 251 4868 24012 41 1684 11 979, 0 0 1 0 0 0 0 0 0 0
1513897999.25 24002 7123 1133 590 3504 20825 43 1480 12 1447, 0 0 1 0 0 0 0 0 0 0
1513898000.26 32962 12074 1628 1001 5361 24977 39 2212 11 2109, 0 0 1 0 0 0 0 0 0 0
1513898001.3 32101 16007 2041 671 7619 26245 32 1065 11 1777, 0 0 1 0 0 0 0 0 0 0
1513898002.34 23376 10613 1552 568 4535 19389 30 1221 15 1489, 0 0 1 0 0 0 0 0 0 0
1513898003.38 26605 9174 4107 910 4037 20542 19 3419 12 1250, 0 0 1 0 0 0 0 0 0 0
1513898004.42 29697 14118 12750 5328 5861 23675 20 4992 16 1404, 0 0 1 0 0 0 0 0 0 0
1513898005.46 25699 8865 14248 7701 6241 24632 28 4771 15 3769, 0 0 1 0 0 0 0 0 0 0
1513898006.51 25695 7921 11920 4997 5287 24782 47 4155 13 5288, 0 0 1 0 0 0 0 0 0 0
1513898007.52 23323 8886 10773 6755 6856 22189 39 5501 16 6337, 0 0 1 0 0 0 0 0 0 0
1513898008.57 21925 7291 7550 4144 4756 19742 39 4536 14 5289, 0 0 1 0 0 0 0 0 0 0
1513898009.6 25627 9645 10791 3838 4367 21739 36 7188 14 4923, 0 0 1 0 0 0 0 0 0 0
1513898010.63 24924 10981 7818 2487 4310 20575 44 3414 9 5635, 0 0 1 0 0 0 0 0 0 0
1513898011.66 39822 15041 8092 3132 6578 31324 53 6014 10 6273, 0 0 1 0 0 0 0 0 0 0
1513898012.67 27111 10890 4244 1213 4768 23863 69 1947 9 3540, 0 0 1 0 0 0 0 0 0 0
1513898013.69 21272 6501 1560 1173 3886 19866 70 76 8 3020, 0 0 1 0 0 0 0 0 0 0
1513898014.7 30074 11348 1320 2821 7187 30592 57 1631 9 6568, 0 0 1 0 0 0 0 0 0 0
1513898015.74 28687 9686 702 3171 8391 32606 65 941 9 9353, 0 0 1 0 0 0 0 0 0 0
1513898016.75 23426 10796 1325 3164 8995 29102 27 16 9 8973, 0 0 1 0 0 0 0 0 0 0
1513898017.77 20925 8310 1403 3101 6886 27659 19 9 9 9622, 0 0 1 0 0 0 0 0 0 0
1513898018.79 21692 8524 1377 2683 7648 27754 21 11 8 8001, 0 0 1 0 0 0 0 0 0 0
1513898019.81 21318 7714 510 932 7747 23509 22 17 9 3359, 0 0 1 0 0 0 0 0 0 0
1513898020.83 17339 6577 303 1643 6406 19702 14 10 12 3845, 0 0 1 0 0 0 0 0 0 0
1513898021.85 18009 7446 1637 1062 6850 19131 40 1606 11 2817, 0 0 1 0 0 0 0 0 0 0
1513898022.87 19082 9298 3352 593 7926 20060 13 2417 12 1670, 0 0 1 0 0 0 0 0 0 0
1513898023.9 20122 9789 4621 131 8793 21381 17 3731 13 623, 0 0 1 0 0 0 0 0 0 0
1513898024.91 21781 8203 3098 90 7920 19670 23 3272 14 126, 0 0 1 0 0 0 0 0 0 0
1513898025.93 20814 9634 2993 87 10058 23908 28 1313 10 143, 0 0 1 0 0 0 0 0 0 0
1513898026.94 19879 8145 1244 283 7191 19867 64 29 10 655, 0 0 1 0 0 0 0 0 0 0
1513898027.96 19219 9573 2132 342 4905 14421 59 1404 11 659, 0 0 1 0 0 0 0 0 0 0
1513898028.98 16338 6155 1246 141 3065 11016 57 1473 15 253, 0 0 1 0 0 0 0 0 0 0
1513898030.02 23190 11021 1761 814 5035 17044 60 1189 8 1726, 0 0 1 0 0 0 0 0 0 0
1513898031.05 21276 8381 2358 1038 2310 11877 74 1959 9 1410, 0 0 1 0 0 0 0 0 0 0
1513898032.1 28794 14326 4018 1154 3781 20157 67 1890 5 1987, 0 0 1 0 0 0 0 0 0 0
1513898033.13 27596 13828 5517 1697 2801 20924 86 2927 12 2416, 0 0 1 0 0 0 0 0 0 0
1513898034.21 32696 21815 12276 3546 3961 31037 97 4491 15 3067, 0 0 1 0 0 0 0 0 0 0
1513898035.25 21737 16568 12417 3369 4833 20249 70 3717 8 1045, 0 0 1 0 0 0 0 0 0 0
1513898036.28 20334 16020 11838 3139 2827 18176 73 3440 23 1860, 0 0 1 0 0 0 0 0 0 0
1513898037.3 25915 18820 19078 4856 4762 24351 59 6367 18 2651, 0 0 1 0 0 0 0 0 0 0
1513898038.33 26302 18320 22414 4129 6029 23051 62 8677 13 2030, 0 0 1 0 0 0 0 0 0 0
1513898039.36 26540 19543 26647 4242 5095 19307 86 9908 358 2137, 0 0 1 0 0 0 0 0 0 0
1513898040.38 22177 17038 22874 3018 4564 17621 49 8016 16 2149, 0 0 1 0 0 0 0 0 0 0
1513898041.41 18836 10321 18717 2059 3101 16382 41 6962 18 2166, 0 0 1 0 0 0 0 0 0 0
1513898042.43 25712 16255 19279 3531 6824 24224 49 6913 16 4090, 0 0 1 0 0 0 0 0 0 0
1513898043.47 21466 12492 19654 4817 7224 25265 58 5363 15 5077, 0 0 1 0 0 0 0 0 0 0
1513898044.5 17795 12473 16918 3890 6343 23417 48 2798 19 5058, 0 0 1 0 0 0 0 0 0 0
1513898045.54 16882 15297 18453 5102 8176 24823 44 3471 16 7007, 0 0 1 0 0 0 0 0 0 0
1513898046.56 9360 6329 12294 2572 6414 19768 47 2937 18 7083, 0 0 1 0 0 0 0 0 0 0
1513898047.6 15384 10855 14397 3389 6150 22502 34 2009 11 5858, 0 0 1 0 0 0 0 0 0 0
1513898048.62 14855 7650 8525 2661 4972 22396 49 1402 8 6294, 0 0 1 0 0 0 0 0 0 0
1513898049.66 18544 4986 2947 1733 6888 26972 37 1684 17 4538, 0 0 1 0 0 0 0 0 0 0
1513898050.68 19635 4122 792 1934 10112 30310 40 1266 11 6006, 0 0 1 0 0 0 0 0 0 0
1513898051.7 31513 6742 2193 2501 11034 44921 85 2087 17 8696, 0 0 1 0 0 0 0 0 0 0
1513898052.76 27044 6928 4990 3230 8390 32462 54 2010 15 4836, 0 0 1 0 0 0 0 0 0 0
1513898053.78 26921 7186 7552 3905 7603 34107 66 2495 23 7798, 0 0 1 0 0 0 0 0 0 0
1513898054.8 25990 6008 6687 2357 5412 32332 44 2231 29 6902, 0 0 1 0 0 0 0 0 0 0
1513898055.82 23880 5771 5953 3349 5492 32144 39 2290 23 7798, 0 0 1 0 0 0 0 0 0 0
1513898056.84 24840 7766 8600 6192 6047 30602 35 4166 19 8985, 0 0 1 0 0 0 0 0 0 0
1513898057.87 20559 6798 6927 3830 4513 28068 48 2495 22 5561, 0 0 1 0 0 0 0 0 0 0
1513898058.9 26224 12402 11200 5433 6042 23136 63 3832 20 3317, 0 0 1 0 0 0 0 0 0 0
1513898059.91 25580 10313 8677 5386 6038 24045 81 3378 20 4068, 0 0 1 0 0 0 0 0 0 0
1513898060.94 27898 15025 8694 4675 6643 24293 65 2969 22 3901, 0 0 1 0 0 0 0 0 0 0
1513898061.95 25115 12934 5610 5577 5685 22636 56 1841 21 7111, 0 0 1 0 0 0 0 0 0 0
1513898062.97 23815 7105 2727 5851 5578 26260 48 1676 25 10259, 0 0 1 0 0 0 0 0 0 0
1513898063.98 25173 6556 3132 5414 5515 28783 33 2931 20 10661, 0 0 1 0 0 0 0 0 0 0
1513898065.0 26012 8496 4349 3960 4641 26315 37 4607 30 8901, 0 0 1 0 0 0 0 0 0 0
1513898066.03 23770 8030 2925 1702 4950 23356 49 3014 34 5495, 0 0 1 0 0 0 0 0 0 0
1513898067.07 26449 7500 2597 874 7459 26901 36 2864 21 3154, 0 0 1 0 0 0 0 0 0 0
1513898068.1 26666 6422 2016 538 10458 28827 60 2024 38 1760, 0 0 1 0 0 0 0 0 0 0
1513898069.17 21895 4867 1436 716 10043 26647 150 367 122 1177, 0 0 1 0 0 0 0 0 0 0
1513898070.2 27445 7621 2010 2798 11013 32564 184 1062 145 4787, 0 0 1 0 0 0 0 0 0 0
1513898071.22 44718 15592 3914 3955 17962 48693 436 3168 353 9121, 0 0 1 0 0 0 0 0 0 0
1513898072.25 30122 13234 5432 4157 9755 28989 197 2692 158 5110, 0 0 1 0 0 0 0 0 0 0
1513898073.28 29000 10886 3959 2207 6979 27896 285 2141 272 4023, 0 0 1 0 0 0 0 0 0 0
1513898074.29 28282 10735 4503 1541 4832 25455 41 2343 21 1862, 0 0 1 0 0 0 0 0 0 0
1513898075.32 30654 11066 4142 1361 5769 25742 72 3558 28 1140, 0 0 1 0 0 0 0 0 0 0
1513898076.36 32060 11091 3821 3242 7475 30037 85 4571 25 6494, 0 0 1 0 0 0 0 0 0 0
1513898077.41 32344 8087 2438 2147 5472 32872 62 2555 23 5237, 0 0 1 0 0 0 0 0 0 0
1513898078.45 29340 5972 2168 2325 4954 30137 44 2018 22 5324, 0 0 1 0 0 0 0 0 0 0
1513898079.46 26534 5160 1426 2916 2393 23781 63 1886 18 6544, 0 0 1 0 0 0 0 0 0 0
1513898080.49 29674 9000 4104 5316 5373 26724 52 3408 27 8582, 0 0 1 0 0 0 0 0 0 0
1513898081.54 35277 11092 5910 7731 8562 34067 37 5954 27 12341, 0 0 1 0 0 0 0 0 0 0
1513898082.97 31118 9114 5119 5661 8241 28786 58 3888 22 8118, 0 0 1 0 0 0 0 0 0 0
1513898084.01 41521 13208 4538 7508 12200 38087 114 4393 36 11973, 0 0 1 0 0 0 0 0 0 0
1513898085.03 20615 6068 1863 3124 9163 19559 72 1829 17 6034, 0 0 1 0 0 0 0 0 0 0
1513898086.05 25032 7564 3406 3989 11898 27029 51 2049 9 5614, 0 0 1 0 0 0 0 0 0 0
1513898087.07 25467 9892 2522 3001 14368 30132 45 1017 20 3911, 0 0 1 0 0 0 0 0 0 0
1513898088.09 21202 8363 2276 4296 11389 25306 49 549 10 4849, 0 0 1 0 0 0 0 0 0 0
1513898089.11 22331 8382 2967 4588 9951 27769 48 817 19 6686, 0 0 1 0 0 0 0 0 0 0
1513898090.14 22635 6736 2109 3579 8236 25855 19 1621 12 6639, 0 0 1 0 0 0 0 0 0 0
1513898091.16 20941 5826 1205 3196 8352 26548 15 1378 18 8291, 0 0 1 0 0 0 0 0 0 0
1513898092.2 25204 10463 2162 5426 10883 30021 21 1579 11 10052, 0 0 1 0 0 0 0 0 0 0
1513898093.23 26668 8664 3058 5032 12052 33278 19 4072 31 11034, 0 0 1 0 0 0 0 0 0 0
1513898094.26 22896 4659 892 2429 11306 29465 19 1737 15 8048, 0 0 1 0 0 0 0 0 0 0
1513898095.3 23360 6676 1483 1991 10164 29009 16 1764 15 6091, 0 0 1 0 0 0 0 0 0 0
1513898096.34 33924 9072 1186 1983 13890 35377 41 3214 22 6756, 0 0 1 0 0 0 0 0 0 0
1513898097.38 22007 5567 1029 1582 9952 25867 70 1945 17 4010, 0 0 1 0 0 0 0 0 0 0
1513898098.43 24225 5770 1208 1813 11433 28927 40 2418 15 4686, 0 0 1 0 0 0 0 0 0 0
1513898099.49 28083 7034 1235 1862 10535 31634 44 2645 16 6058, 0 0 1 0 0 0 0 0 0 0
1513898100.51 30218 8562 2169 3717 11070 32746 33 4373 22 8697, 0 0 1 0 0 0 0 0 0 0
1513898101.54 21945 5908 1356 2139 6239 22824 50 2783 16 6406, 0 0 1 0 0 0 0 0 0 0
1513898102.56 30553 12160 2792 3524 13586 33429 48 2145 17 8103, 0 0 1 0 0 0 0 0 0 0
1513898103.61 26880 8492 768 3319 15556 30923 34 1605 13 6107, 0 0 1 0 0 0 0 0 0 0
1513898104.65 23753 7428 3249 6482 15108 31060 33 1456 11 8377, 0 0 1 0 0 0 0 0 0 0
1513898105.69 20732 5647 1535 3008 11815 24889 41 1507 11 4664, 0 0 1 0 0 0 0 0 0 0
1513898106.71 22068 8509 2093 3755 12348 24332 50 1328 19 4755, 0 0 1 0 0 0 0 0 0 0
1513898107.73 21040 6353 1545 4049 12472 25583 56 827 18 6877, 0 0 1 0 0 0 0 0 0 0
1513898108.76 19250 6271 3254 5244 12133 24354 30 3801 13 9189, 0 0 1 0 0 0 0 0 0 0
1513898109.79 16871 7096 4547 4409 6371 20044 30 2261 14 7384, 0 0 1 0 0 0 0 0 0 0
1513898110.82 19481 10015 9399 6494 9061 24817 32 3567 15 9298, 0 0 1 0 0 0 0 0 0 0
1513898111.86 34477 16439 13887 7732 10942 40445 51 4806 16 12967, 0 0 1 0 0 0 0 0 0 0
1513898112.88 27617 7895 6468 4038 8797 27968 34 2476 11 6396, 0 0 1 0 0 0 0 0 0 0
1513898113.91 30308 12755 9379 7568 7921 28929 33 2641 11 8741, 0 0 1 0 0 0 0 0 0 0
1513898114.93 29669 11369 6590 5325 8813 26546 28 3799 23 5547, 0 0 1 0 0 0 0 0 0 0
1513898115.96 31530 14355 7730 4867 8962 30452 31 5343 12 7729, 0 0 1 0 0 0 0 0 0 0
1513898116.98 28124 12681 6466 5236 10615 30022 37 2419 19 6844, 0 0 1 0 0 0 0 0 0 0
1513898118.0 23888 12260 5877 4160 8085 28452 26 2075 14 6459, 0 0 1 0 0 0 0 0 0 0
1513898119.06 30514 15980 6732 5000 12583 34530 31 2225 18 8900, 0 0 1 0 0 0 0 0 0 0
1513898120.08 25035 12085 5389 4880 11508 30418 106 2639 81 8564, 0 0 1 0 0 0 0 0 0 0
1513898121.11 21817 8518 6453 6423 9890 31238 171 5058 143 10471, 0 0 1 0 0 0 0 0 0 0
1513898122.14 26083 13718 10135 9624 17952 38818 505 4662 476 11116, 0 0 1 0 0 0 0 0 0 0
1513898123.18 21367 10640 7836 6686 15483 34821 384 2383 357 8051, 0 0 1 0 0 0 0 0 0 0
1513898124.2 22772 11063 7659 9328 16287 32951 121 2629 86 8322, 0 0 1 0 0 0 0 0 0 0
1513898125.22 21078 6553 4958 6842 14381 28963 40 4406 16 7148, 0 0 1 0 0 0 0 0 0 0
1513898126.24 30672 13358 6743 7028 14313 33508 63 5531 9 8701, 0 0 1 0 0 0 0 0 0 0
1513898127.26 34656 17244 7365 4772 12340 32362 54 5578 7 6508, 0 0 1 0 0 0 0 0 0 0
1513898128.28 36221 19838 5828 2460 7966 30267 46 5416 6 3682, 0 0 1 0 0 0 0 0 0 0
1513898129.31 31324 17404 5805 3198 5850 23830 80 5943 13 4217, 0 0 1 0 0 0 0 0 0 0
1513898130.33 31736 18928 6240 4147 7933 27491 79 4133 8 6050, 0 0 1 0 0 0 0 0 0 0
1513898131.35 28915 14743 3836 5169 9706 30257 85 2324 14 8667, 0 0 1 0 0 0 0 0 0 0
1513898132.37 32851 12150 7818 18048 5837 45500 51 352 5 25017, 0 0 1 0 0 0 0 0 0 0
1513898133.42 27330 9282 5673 13796 6924 35662 44 1351 9 17939, 0 0 1 0 0 0 0 0 0 0
1513898134.46 20752 5796 4145 13840 5477 28980 43 2296 6 15179, 0 0 1 0 0 0 0 0 0 0
1513898135.49 27929 7479 5759 14296 6323 35243 31 3706 11 20533, 0 0 1 0 0 0 0 0 0 0
1513898136.52 24965 5709 4077 15597 11052 36258 30 2570 6 17892, 0 0 1 0 0 0 0 0 0 0
1513898137.58 24777 6193 5284 12444 13116 36357 26 3727 8 15105, 0 0 1 0 0 0 0 0 0 0
1513898138.62 23073 6752 4681 12751 13422 34339 23 2778 11 15978, 0 0 1 0 0 0 0 0 0 0
1513898139.63 17602 4632 1161 6983 10007 28436 16 474 7 9980, 0 0 1 0 0 0 0 0 0 0
1513898140.66 20093 5345 1807 8004 12037 29258 32 9 6 11151, 0 0 1 0 0 0 0 0 0 0
1513898141.71 22277 6216 534 3757 11329 26332 79 130 49 6568, 0 0 1 0 0 0 0 0 0 0
1513898142.73 24145 7563 610 2549 13690 29336 184 479 148 5516, 0 0 1 0 0 0 0 0 0 0
1513898143.78 21920 6137 565 704 10758 28982 205 601 187 4541, 0 0 1 0 0 0 0 0 0 0
1513898144.82 22902 5195 715 2036 14157 34270 299 892 276 6195, 0 0 1 0 0 0 0 0 0 0
1513898145.86 20093 4074 348 1427 13424 30715 188 507 150 4303, 0 0 1 0 0 0 0 0 0 0
1513898146.9 24242 6801 813 2057 16687 30430 211 1196 185 4643, 0 0 1 0 0 0 0 0 0 0
1513898147.94 34404 10048 2296 3277 16162 34059 280 3099 208 5446, 0 0 1 0 0 0 0 0 0 0
1513898148.98 26341 6446 2345 1821 9572 24786 176 2775 133 4068, 0 0 1 0 0 0 0 0 0 0
1513898150.02 26885 8098 2085 1201 9707 23188 188 4041 153 5224, 0 0 1 0 0 0 0 0 0 0
1513898151.05 21423 5088 1961 931 6449 19260 168 3204 135 5159, 0 0 1 0 0 0 0 0 0 0
1513898152.08 23333 7267 2376 2746 7516 21829 28 4963 7 7686, 0 0 1 0 0 0 0 0 0 0
1513898153.11 25772 10689 5420 3903 9022 26011 25 8148 10 9623, 0 0 1 0 0 0 0 0 0 0
1513898154.14 23726 11604 6514 4042 11086 25942 30 8146 4 8730, 0 0 1 0 0 0 0 0 0 0
1513898155.16 25419 12383 6977 3325 10890 27500 35 4960 11 6384, 0 0 1 0 0 0 0 0 0 0
1513898156.18 28505 12941 5501 1901 7925 25576 28 4783 6 5158, 0 0 1 0 0 0 0 0 0 0
1513898157.21 29231 15541 8231 2934 12917 30489 37 5918 14 5437, 0 0 1 0 0 0 0 0 0 0
1513898158.23 29246 18280 8205 4393 14378 28223 33 5133 6 5142, 0 0 1 0 0 0 0 0 0 0
1513898159.25 27202 12896 3397 2665 12070 28346 54 3445 10 4811, 0 0 1 0 0 0 0 0 0 0
1513898160.27 33823 14275 3484 3962 13828 34679 61 4197 10 7065, 0 0 1 0 0 0 0 0 0 0
1513898161.29 32246 13012 4687 5116 12310 33581 55 3943 9 7330, 0 0 1 0 0 0 0 0 0 0
1513898162.31 30434 12114 2379 2213 9927 29845 38 2219 10 3878, 0 0 1 0 0 0 0 0 0 0
1513898163.32 33291 14316 3558 2749 8727 29449 46 3989 10 5621, 0 0 1 0 0 0 0 0 0 0
1513898164.34 30742 17683 6318 2588 6654 27829 35 1431 23 6972, 0 0 1 0 0 0 0 0 0 0
1513898165.37 34589 18329 13455 4963 4424 26395 41 5698 18 6344, 0 0 1 0 0 0 0 0 0 0
1513898166.4 35157 20769 14009 3227 4190 27928 41 4454 13 6911, 0 0 1 0 0 0 0 0 0 0
1513898167.41 28988 13101 14701 2737 5671 30547 55 5796 18 4335, 0 0 1 0 0 0 0 0 0 0
1513898168.45 45031 18725 14477 5306 7201 39356 82 7850 16 9810, 0 0 1 0 0 0 0 0 0 0
1513898169.47 26747 12600 9136 5216 7641 27317 39 5355 9 8644, 0 0 1 0 0 0 0 0 0 0
1513898170.51 17671 9514 6879 3706 6283 19905 47 2844 11 7336, 0 0 1 0 0 0 0 0 0 0
1513898171.55 21327 10447 4430 4308 6940 24120 35 2641 14 9458, 0 0 1 0 0 0 0 0 0 0
1513898172.61 22331 5808 2524 2672 5344 26505 40 2274 10 7360, 0 0 1 0 0 0 0 0 0 0
1513898173.63 25371 6565 1508 3478 6548 28726 32 2927 7 9706, 0 0 1 0 0 0 0 0 0 0
1513898174.64 17003 4888 255 2989 5562 21549 39 545 10 7952, 0 0 1 0 0 0 0 0 0 0
1513898175.66 21353 5696 586 2148 4697 22265 45 1188 9 6292, 0 0 1 0 0 0 0 0 0 0
1513898176.68 23791 7089 1139 1815 4905 23475 40 2240 8 5321, 0 0 1 0 0 0 0 0 0 0
1513898177.7 27613 8179 1365 720 4992 26030 54 1769 14 2668, 0 0 1 0 0 0 0 0 0 0
1513898178.72 26477 5543 1456 1267 5664 27973 68 2575 4 3821, 0 0 1 0 0 0 0 0 0 0
1513898179.74 25179 9295 1457 1557 5245 23549 51 1711 10 4849, 0 0 1 0 0 0 0 0 0 0
1513898180.76 21531 10358 2955 2364 3955 21230 38 1121 16 6493, 0 0 1 0 0 0 0 0 0 0
1513898181.78 24567 13208 4342 2183 2340 20360 41 1712 10 5565, 0 0 1 0 0 0 0 0 0 0
1513898182.81 26963 16251 6298 2153 3784 22440 69 3933 3 6059, 0 0 1 0 0 0 0 0 0 0
1513898183.83 24599 13164 3530 1038 2617 18030 68 2306 14 4041, 0 0 1 0 0 0 0 0 0 0
1513898184.85 25501 12421 2279 2273 2932 22336 46 928 5 7647, 0 0 1 0 0 0 0 0 0 0
1513898185.86 27395 14516 1848 3833 3786 24013 43 1150 15 9790, 0 0 1 0 0 0 0 0 0 0
1513898186.88 24524 17212 7079 3557 4714 18510 44 2993 9 5153, 0 0 1 0 0 0 0 0 0 0
1513898187.9 23551 19428 14919 4498 4280 18411 55 2410 10 2968, 0 0 1 0 0 0 0 0 0 0
1513898188.93 22563 17772 18004 6256 4493 18490 63 2506 13 4475, 0 0 1 0 0 0 0 0 0 0
1513898189.95 19802 15983 16966 4704 3474 15378 52 1786 11 4039, 0 0 1 0 0 0 0 0 0 0
1513898190.97 35016 34113 32532 9654 4609 23976 63 5189 12 5721, 0 0 1 0 0 0 0 0 0 0
1513898192.01 22250 19507 18327 4726 2379 12539 73 5371 8 941, 0 0 1 0 0 0 0 0 0 0
1513898193.03 23307 14856 11014 2017 2612 14786 82 4383 6 270, 0 0 1 0 0 0 0 0 0 0
1513898194.05 21591 5433 7166 437 1739 14391 102 3380 9 509, 0 0 1 0 0 0 0 0 0 0
1513898195.07 16935 4272 3875 1141 1331 12221 79 3465 13 2147, 0 0 1 0 0 0 0 0 0 0
1513898196.08 18326 7733 4306 2580 5082 18705 129 2490 45 5047, 0 0 1 0 0 0 0 0 0 0
1513898197.1 27147 10330 6668 3777 6780 26250 95 5455 26 6175, 0 0 1 0 0 0 0 0 0 0
1513898198.12 33131 8844 4401 2634 12534 37075 270 5332 189 5503, 0 0 1 0 0 0 0 0 0 0
1513898199.17 36234 8585 4740 3344 13564 43353 175 6303 110 6515, 0 0 1 0 0 0 0 0 0 0
1513898200.2 30582 8474 2460 2217 10073 36741 198 3413 89 7215, 0 0 1 0 0 0 0 0 0 0
1513898201.22 26254 7703 1821 1927 10102 36349 188 2407 103 6751, 0 0 1 0 0 0 0 0 0 0
1513898202.27 25400 6177 1970 2990 13472 39957 274 2111 224 8246, 0 0 1 0 0 0 0 0 0 0
1513898203.37 20820 4700 694 4122 10108 37080 263 835 241 11590, 0 0 1 0 0 0 0 0 0 0
1513898204.4 17276 5374 1151 1638 8121 32828 205 945 167 10002, 0 0 1 0 0 0 0 0 0 0
1513898205.45 7414 1939 228 1202 3640 16899 120 283 79 4826, 0 0 1 0 0 0 0 0 0 0
1513898206.51 8846 1693 348 1258 4580 15650 137 429 75 5193, 0 0 1 0 0 0 0 0 0 0
1513898207.53 11520 1773 81 1321 5431 20245 75 29 13 6889, 0 0 1 0 0 0 0 0 0 0
1513898208.55 2737 714 77 1517 2539 6223 37 16 11 3864, 0 0 1 0 0 0 0 0 0 0
1513898209.56 11582 4845 238 943 4239 12015 37 53 33 1854, 0 0 1 0 0 0 0 0 0 0
1513898210.59 16308 5380 286 122 5468 15690 44 107 15 209, 0 0 1 0 0 0 0 0 0 0
1513898211.6 13574 3910 1120 484 3996 14640 61 120 19 277, 0 0 1 0 0 0 0 0 0 0
1513898212.62 10516 4503 7560 4556 3422 16272 71 62 25 2568, 0 0 1 0 0 0 0 0 0 0
1513898213.64 12979 5940 11094 8340 4382 18365 94 406 12 5941, 0 0 1 0 0 0 0 0 0 0
1513898214.66 12038 5133 11494 7277 1701 14888 72 602 14 4787, 0 0 1 0 0 0 0 0 0 0
1513898215.67 10947 5562 7840 7346 2595 13808 66 445 19 6599, 0 0 1 0 0 0 0 0 0 0
1513898216.7 11755 9538 10767 12215 4186 16494 64 24 19 10981, 0 0 1 0 0 0 0 0 0 0
1513898217.72 10537 6943 9947 11209 3191 15153 51 60 8 8867, 0 0 1 0 0 0 0 0 0 0
1513898218.74 7914 6601 9969 12302 2860 12671 43 609 13 8732, 0 0 1 0 0 0 0 0 0 0
1513898219.77 10207 6926 12913 13256 2881 12785 58 2987 21 10487, 0 0 1 0 0 0 0 0 0 0
1513898220.79 13890 9016 14526 15267 2992 17676 57 3519 11 14261, 0 0 1 0 0 0 0 0 0 0
1513898221.81 17623 11213 17626 20172 4222 20427 46 5130 11 15924, 0 0 1 0 0 0 0 0 0 0
1513898222.85 18075 9956 13772 18563 5001 23261 38 5079 11 17473, 0 0 1 0 0 0 0 0 0 0
1513898223.88 22175 12982 9771 14241 3398 20372 43 3469 14 12715, 0 0 1 0 0 0 0 0 0 0
1513898224.89 25170 17039 10745 13198 4727 20716 63 3666 34 10267, 0 0 1 0 0 0 0 0 0 0
1513898225.93 27584 20619 11912 11633 4008 20774 43 4998 13 11178, 0 0 1 0 0 0 0 0 0 0
1513898226.95 25120 22375 12857 9258 3539 16571 38 3069 17 5421, 0 0 1 0 0 0 0 0 0 0
1513898227.98 22357 19547 10475 4880 3279 13384 37 2129 19 2727, 0 0 1 0 0 0 0 0 0 0
1513898229.0 25262 23926 11672 3292 6559 17086 39 1603 11 655, 0 0 1 0 0 0 0 0 0 0
1513898230.03 24383 18696 8996 3444 6669 17101 36 1330 10 195, 0 0 1 0 0 0 0 0 0 0
1513898231.05 35149 19840 13328 4504 16184 35967 57 4204 21 327, 0 0 1 0 0 0 0 0 0 0
1513898232.08 23615 9381 5461 477 7907 21901 39 4271 7 194, 0 0 1 0 0 0 0 0 0 0
1513898233.12 21203 10333 6444 868 7667 20518 28 2613 9 367, 0 0 1 0 0 0 0 0 0 0
1513898234.15 19744 11091 6353 1046 4905 16112 29 2308 9 738, 0 0 1 0 0 0 0 0 0 0
1513898235.17 21271 9049 4007 1145 1900 12103 27 2508 13 1863, 0 0 1 0 0 0 0 0 0 0
1513898236.21 22548 12784 4453 1071 4162 16331 26 2901 5 1780, 0 0 1 0 0 0 0 0 0 0
1513898237.24 31849 13061 3810 984 3897 20830 17 4956 10 2072, 0 0 1 0 0 0 0 0 0 0
1513898238.29 26972 9326 3753 1049 4369 20665 21 4635 7 2217, 0 0 1 0 0 0 0 0 0 0
1513898239.31 30865 12790 6269 2394 5441 23324 29 7276 17 3577, 0 0 1 0 0 0 0 0 0 0
1513898240.34 28833 10557 5070 1727 2698 19992 26 5328 27 3158, 0 0 1 0 0 0 0 0 0 0
1513898241.36 30814 12705 10320 3096 4362 26705 22 6781 11 5221, 0 0 1 0 0 0 0 0 0 0
1513898242.38 31337 16468 9230 4999 5638 27757 23 4134 11 7825, 0 0 1 0 0 0 0 0 0 0
1513898243.41 22815 10697 6354 5416 6535 21349 19 3910 12 6427, 0 0 1 0 0 0 0 0 0 0
1513898244.42 24581 9764 6291 4851 6319 23764 20 5236 9 6968, 0 0 1 0 0 0 0 0 0 0
1513898245.46 23878 9192 5241 5047 5227 24010 21 2782 11 7475, 0 0 1 0 0 0 0 0 0 0
1513898246.49 24053 6835 3739 4152 3934 21809 26 2613 10 6437, 0 0 1 0 0 0 0 0 0 0
1513898247.52 24204 7872 4588 3814 3421 22529 18 3698 9 7121, 0 0 1 0 0 0 0 0 0 0
1513898248.54 25224 10876 6588 3638 5064 23168 17 6307 8 6188, 0 0 1 0 0 0 0 0 0 0
1513898249.57 21281 9892 9365 9010 6477 22919 14 6397 19 10502, 0 0 1 0 0 0 0 0 0 0
1513898250.6 20402 6887 5718 6847 3028 19085 19 4857 17 7954, 0 0 1 0 0 0 0 0 0 0
1513898251.62 15945 5609 3415 4709 2145 13775 14 2110 14 5000, 0 0 1 0 0 0 0 0 0 0
1513898252.67 17592 10205 5903 5336 4355 18492 19 3025 11 6870, 0 0 1 0 0 0 0 0 0 0
1513898253.7 17047 7379 4411 3813 4867 18575 19 2332 15 4508, 0 0 1 0 0 0 0 0 0 0
1513898254.73 16365 4743 1929 3146 2693 14172 19 899 17 2965, 0 0 1 0 0 0 0 0 0 0
1513898255.74 19199 9255 3342 3281 4009 15925 16 1020 9 3377, 0 0 1 0 0 0 0 0 0 0
1513898256.77 16447 7567 2752 2121 2035 9417 21 1173 11 1654, 0 0 1 0 0 0 0 0 0 0
1513898257.81 16324 8696 3182 1937 1050 4921 22 1718 14 1380, 0 0 1 0 0 0 0 0 0 0
1513898258.83 16991 7788 2922 2096 2542 6853 19 2048 18 2017, 0 0 1 0 0 0 0 0 0 0
1513898259.86 16476 8918 3263 2472 6525 9974 15 1440 20 2283, 0 0 1 0 0 0 0 0 0 0
1513898260.88 17885 8587 2423 773 10945 12554 19 2994 10 1557, 0 0 1 0 0 0 0 0 0 0
1513898261.91 21565 6119 2116 2930 15563 16741 22 4564 20 1414, 0 0 1 0 0 0 0 0 0 0
1513898262.95 19987 5435 1027 1632 15777 11419 11 3515 10 1090, 0 0 1 0 0 0 0 0 0 0
1513898263.98 17722 2897 1342 1133 14194 12588 20 5010 15 983, 0 0 1 0 0 0 0 0 0 0
1513898265.0 18232 6151 2895 4374 14449 16375 20 3991 8 3173, 0 0 1 0 0 0 0 0 0 0
1513898266.02 17421 7628 5589 9606 10659 19027 18 1969 24 7464, 0 0 1 0 0 0 0 0 0 0
1513898267.04 20000 8329 5977 11971 11466 22059 14 2180 17 9598, 0 0 1 0 0 0 0 0 0 0
1513898268.07 18916 7078 6802 12625 9183 19378 27 2477 14 7401, 0 0 1 0 0 0 0 0 0 0
1513898269.08 33273 15856 15428 20170 16223 39884 67 2732 14 15552, 0 0 1 0 0 0 0 0 0 0
1513898270.1 23670 9929 10542 12618 5679 26049 47 1501 13 7339, 0 0 1 0 0 0 0 0 0 0
1513898271.12 27233 15389 18172 15336 6913 28600 40 2081 22 7200, 0 0 1 0 0 0 0 0 0 0
1513898272.13 25229 15043 20821 15349 5883 27157 196 3601 178 7082, 0 0 1 0 0 0 0 0 0 0
1513898273.16 22591 11492 17153 9003 4222 22931 179 5307 158 4552, 0 0 1 0 0 0 0 0 0 0
1513898274.18 20178 11023 16032 8199 5506 21656 84 5799 61 3884, 0 0 1 0 0 0 0 0 0 0
1513898275.21 21038 11754 19451 7696 4922 20860 37 7977 6 3401, 0 0 1 0 0 0 0 0 0 0
1513898276.23 21168 10723 19380 6217 7428 20148 86 12119 62 4267, 0 0 1 0 0 0 0 0 0 0
1513898277.27 21386 12681 15661 3062 6453 15643 42 11526 26 500, 0 0 1 0 0 0 0 0 0 0
1513898278.28 23775 18959 15755 1886 6927 16290 22 8950 10 108, 0 0 1 0 0 0 0 0 0 0
1513898279.3 24380 17435 11293 1263 4437 13392 35 6953 13 486, 0 0 1 0 0 0 0 0 0 0
1513898280.33 29703 19985 10624 85 4882 15035 26 9929 12 145, 0 0 1 0 0 0 0 0 0 0
1513898281.36 23972 11808 5414 124 4130 14321 30 4947 21 177, 0 0 1 0 0 0 0 0 0 0
1513898282.38 25018 9415 2681 64 3634 13760 33 5160 13 129, 0 0 1 0 0 0 0 0 0 0
1513898283.41 20988 6953 2027 219 3729 12997 41 4273 17 291, 0 0 1 0 0 0 0 0 0 0
1513898284.44 23539 4913 860 1104 2700 12754 31 3261 15 1759, 0 0 1 0 0 0 0 0 0 0
1513898285.46 24113 6300 592 1408 3066 13576 41 3226 12 2338, 0 0 1 0 0 0 0 0 0 0
1513898286.48 22451 5216 1826 2243 4067 14617 29 5715 9 3209, 0 0 1 0 0 0 0 0 0 0
1513898287.5 16808 6607 4271 2769 5933 15390 28 7089 10 4285, 0 0 1 0 0 0 0 0 0 0
1513898288.52 13199 4208 3499 1571 5310 14066 36 5311 26 2931, 0 0 1 0 0 0 0 0 0 0
1513898289.54 15723 5037 4713 1226 4985 13610 24 7982 14 2168, 0 0 1 0 0 0 0 0 0 0
1513898290.57 15841 5994 4478 972 5037 13909 25 6643 10 1813, 0 0 1 0 0 0 0 0 0 0
1513898291.61 22952 6653 3393 2312 8543 24951 44 5106 16 4457, 0 0 1 0 0 0 0 0 0 0
1513898292.64 38212 10152 6014 3154 9002 40718 135 5900 102 4265, 0 0 1 0 0 0 0 0 0 0
1513898293.66 21054 5640 7888 4394 6567 25168 32 3211 14 3519, 0 0 1 0 0 0 0 0 0 0
1513898294.69 20494 6090 7569 3253 6177 27411 52 1016 16 4855, 0 0 1 0 0 0 0 0 0 0
1513898295.71 19818 5026 5624 2788 4810 27264 132 694 117 6098, 0 0 1 0 0 0 0 0 0 0
1513898296.74 20135 5414 4385 2337 6044 27847 72 491 54 4232, 0 0 1 0 0 0 0 0 0 0
1513898297.76 27629 8699 5479 4663 8807 34985 34 28 13 8297, 0 0 1 0 0 0 0 0 0 0
1513898298.81 27456 9911 4398 4083 8844 33353 30 73 8 7603, 0 0 1 0 0 0 0 0 0 0
1513898299.83 26624 9380 5655 4436 7739 34840 22 1123 7 9706, 0 0 1 0 0 0 0 0 0 0
1513898300.85 23366 8298 3014 2871 6411 31130 32 14 13 8052, 0 0 1 0 0 0 0 0 0 0
1513898301.87 25344 10268 2498 3640 4772 28350 27 732 6 10244, 0 0 1 0 0 0 0 0 0 0
1513898302.89 29316 9729 1387 4826 6889 34880 23 1903 23 12348, 0 0 1 0 0 0 0 0 0 0
1513898303.93 28452 10560 1129 1495 5146 28961 31 1306 12 5956, 0 0 1 0 0 0 0 0 0 0
1513898304.99 27853 9446 684 1381 6357 27800 35 1534 8 4595, 0 0 1 0 0 0 0 0 0 0
1513898306.04 27348 9559 576 1784 7422 27846 41 1181 11 5831, 0 0 1 0 0 0 0 0 0 0
1513898307.08 20488 5748 487 826 2979 21100 36 1121 10 3587, 0 0 1 0 0 0 0 0 0 0
1513898308.12 23369 6349 812 1879 5682 27999 35 1161 11 5127, 0 0 1 0 0 0 0 0 0 0
1513898309.17 27813 10733 922 3519 11151 35996 56 2260 22 11026, 0 0 1 0 0 0 0 0 0 0
1513898310.2 34636 6775 1140 2783 9227 41897 35 1742 10 7654, 0 0 1 0 0 0 0 0 0 0
1513898311.23 22862 5717 1631 4577 8530 32408 33 2093 11 9099, 0 0 1 0 0 0 0 0 0 0
1513898312.24 21573 5248 1423 2531 5511 29289 29 1302 13 6618, 0 0 1 0 0 0 0 0 0 0
1513898313.26 28219 9605 2839 3655 8565 31973 32 1418 13 6423, 0 0 1 0 0 0 0 0 0 0
1513898314.28 23456 7138 2113 4486 5474 24944 30 2259 11 8256, 0 0 1 0 0 0 0 0 0 0
1513898315.31 21572 6934 1465 5018 5513 24778 17 1295 13 9263, 0 0 1 0 0 0 0 0 0 0
1513898316.33 23067 9141 1992 4673 6341 25769 30 1603 10 10485, 0 0 1 0 0 0 0 0 0 0
1513898317.36 25834 9068 1396 2608 6649 28096 34 1438 12 7943, 0 0 1 0 0 0 0 0 0 0
1513898318.37 28877 7672 1672 2692 7184 34627 32 3589 9 9231, 0 0 1 0 0 0 0 0 0 0
1513898319.4 32440 10327 1284 2251 8595 32405 26 2392 13 7401, 0 0 1 0 0 0 0 0 0 0
1513898320.43 31678 10089 1215 1581 7105 31482 27 2078 11 6995, 0 0 1 0 0 0 0 0 0 0
1513898321.47 32315 11601 1276 3252 5982 30283 27 2248 10 8538, 0 0 1 0 0 0 0 0 0 0
1513898322.5 31890 8761 1167 2038 5301 32599 48 2535 8 7705, 0 0 1 0 0 0 0 0 0 0
1513898323.54 30237 8615 1451 1329 3646 29262 43 1919 12 5461, 0 0 1 0 0 0 0 0 0 0
1513898324.6 33790 12125 1077 1323 6410 32997 42 443 9 5501, 0 0 1 0 0 0 0 0 0 0
1513898325.66 20652 3834 181 729 1922 18792 43 8 10 2562, 0 0 1 0 0 0 0 0 0 0
1513898326.72 26502 7243 612 492 3001 20162 204 455 136 2472, 0 0 1 0 0 0 0 0 0 0
1513898327.74 14914 4079 665 742 2006 11406 75 209 9 2466, 0 0 1 0 0 0 0 0 0 0
1513898328.76 13406 3435 741 624 3230 10829 63 917 10 1653, 0 0 1 0 0 0 0 0 0 0
1513898329.79 21214 10892 3906 2247 5982 17754 65 1568 21 3101, 0 0 1 0 0 0 0 0 0 0
1513898330.83 17449 11085 4170 3810 7297 18414 76 25 15 5517, 0 0 1 0 0 0 0 0 0 0
1513898331.86 21377 11651 3062 3129 7591 22720 38 498 6 6790, 0 0 1 0 0 0 0 0 0 0
1513898332.89 23892 10802 2902 3151 6945 24094 36 1481 21 6703, 0 0 1 0 0 0 0 0 0 0
1513898333.93 23263 10727 3626 4961 7769 24475 32 3960 19 9997, 0 0 1 0 0 0 0 0 0 0
1513898334.98 23396 7741 1155 2569 6653 27164 56 2189 14 7529, 0 0 1 0 0 0 0 0 0 0
1513898336.02 24785 7953 2902 2222 7511 27084 73 4368 19 6105, 0 0 1 0 0 0 0 0 0 0
1513898337.05 21279 8612 3383 1664 6422 22679 27 3710 15 5786, 0 0 1 0 0 0 0 0 0 0
1513898338.08 23852 7695 3398 1544 6871 25689 23 5630 24 6731, 0 0 1 0 0 0 0 0 0 0
1513898339.11 23524 8643 3919 2024 6733 23702 60 5146 10 6139, 0 0 1 0 0 0 0 0 0 0
1513898340.14 19634 8313 2173 1857 6188 18938 44 1448 16 5072, 0 0 1 0 0 0 0 0 0 0
1513898341.18 18422 6613 2365 4166 6388 21148 53 815 10 7364, 0 0 1 0 0 0 0 0 0 0
1513898342.21 31464 11516 6709 11266 14444 41799 83 1804 30 15816, 0 0 1 0 0 0 0 0 0 0
1513898343.23 22201 7195 4225 6531 7722 27313 72 2761 13 10864, 0 0 1 0 0 0 0 0 0 0
1513898344.25 22794 7625 5222 9506 6665 28196 72 2287 17 12770, 0 0 1 0 0 0 0 0 0 0
1513898345.28 25185 7395 3649 11100 8797 30396 70 1626 12 14454, 0 0 1 0 0 0 0 0 0 0
1513898346.29 26405 5440 2425 8181 8090 28637 75 1476 19 11529, 0 0 1 0 0 0 0 0 0 0
1513898347.31 27536 8293 2181 11855 11851 37272 44 294 10 16964, 0 0 1 0 0 0 0 0 0 0
1513898348.33 29838 12948 3504 10107 13670 32802 36 527 12 11697, 0 0 1 0 0 0 0 0 0 0
1513898349.35 26855 13755 4923 9606 14228 30729 36 97 10 9736, 0 0 1 0 0 0 0 0 0 0
1513898350.37 23764 12435 3278 5899 12298 23979 39 2005 16 5878, 0 0 1 0 0 0 0 0 0 0
1513898351.4 23927 11497 2791 3524 11788 25378 43 1499 10 3540, 0 0 1 0 0 0 0 0 0 0
1513898352.46 27005 13484 3272 4088 12660 28009 47 1216 10 4450, 0 0 1 0 0 0 0 0 0 0
1513898353.47 29721 12987 2215 3996 15042 32279 44 1557 15 4905, 0 0 1 0 0 0 0 0 0 0
1513898354.51 28849 8583 1475 2374 13431 32536 32 2360 18 5031, 0 0 1 0 0 0 0 0 0 0
1513898355.55 33694 12907 2569 3530 17804 38718 42 2743 9 7607, 0 0 1 0 0 0 0 0 0 0
1513898356.57 31100 9806 1537 3428 14028 33671 55 1558 8 6794, 0 0 1 0 0 0 0 0 0 0
1513898357.59 28373 7118 1299 3513 15004 35581 55 1640 9 7556, 0 0 1 0 0 0 0 0 0 0
1513898358.61 30348 8272 1995 3755 17369 38999 50 2875 15 8126, 0 0 1 0 0 0 0 0 0 0
1513898359.63 32415 8329 2942 3934 14423 39414 42 4202 15 8540, 0 0 1 0 0 0 0 0 0 0
1513898360.66 36386 10864 3222 3283 13468 40136 57 4041 13 8233, 0 0 1 0 0 0 0 0 0 0
1513898361.69 35811 10979 2460 3806 12104 40660 39 2892 8 10273, 0 0 1 0 0 0 0 0 0 0
1513898362.71 35435 13537 3828 3235 10895 35976 53 5044 15 9067, 0 0 1 0 0 0 0 0 0 0
1513898363.73 46350 15939 4392 4908 6310 47370 34 3301 26 14249, 0 0 1 0 0 0 0 0 0 0
1513898364.75 28877 10234 2826 2727 6605 30949 53 3306 15 8240, 0 0 1 0 0 0 0 0 0 0
1513898365.78 23875 7565 1156 1185 5217 28357 34 2150 13 6065, 0 0 1 0 0 0 0 0 0 0
1513898366.8 26500 7201 4701 5167 7870 30263 37 3426 14 6827, 0 0 1 0 0 0 0 0 0 0
1513898367.82 19303 4410 3030 4751 3346 25316 53 2072 12 5931, 0 0 1 0 0 0 0 0 0 0
1513898368.85 26798 9678 4436 5997 5920 25915 50 3056 14 7189, 0 0 1 0 0 0 0 0 0 0
1513898369.87 25693 7224 3603 5663 4827 24928 64 1827 18 5588, 0 0 1 0 0 0 0 0 0 0
1513898370.88 27466 10815 6686 8815 6962 28447 60 2184 13 8356, 0 0 1 0 0 0 0 0 0 0
1513898371.92 22696 9804 6328 8468 8930 28638 51 1340 14 8860, 0 0 1 0 0 0 0 0 0 0
1513898372.95 22092 8961 4840 7343 9513 28059 157 912 455 8123, 0 0 1 0 0 0 0 0 0 0
1513898373.97 26059 9691 7601 7393 8769 29898 561 3046 703 8289, 0 0 1 0 0 0 0 0 0 0
1513898374.99 26077 14216 13769 6698 8833 27316 1095 3718 1062 5734, 0 0 1 0 0 0 0 0 0 0
1513898376.02 23433 12152 14085 5349 10104 26471 843 2697 792 4059, 0 0 1 0 0 0 0 0 0 0
1513898377.04 23145 10530 10145 4489 8936 23733 838 2521 742 3318, 0 0 1 0 0 0 0 0 0 0
1513898378.07 25257 9624 9225 5437 7718 27021 940 2781 835 6587, 0 0 1 0 0 0 0 0 0 0
1513898379.09 26756 11625 6540 4018 5503 25615 695 2037 604 8336, 0 0 1 0 0 0 0 0 0 0
1513898380.1 26536 13495 8351 6000 7897 29770 1126 3468 1045 12708, 0 0 1 0 0 0 0 0 0 0
1513898381.12 25383 11059 5879 5885 8643 29249 991 3079 915 12794, 0 0 1 0 0 0 0 0 0 0
1513898382.14 24104 9883 4487 6486 9432 33281 1141 3611 1086 15614, 0 0 1 0 0 0 0 0 0 0
1513898383.16 25436 11521 4046 6096 8513 32378 592 2288 553 14240, 0 0 1 0 0 0 0 0 0 0
1513898384.2 26659 10946 2080 3225 5773 27801 81 1866 13 8765, 0 0 1 0 0 0 0 0 0 0
1513898385.22 25851 7799 1030 3024 6086 29099 43 1582 11 8426, 0 0 1 0 0 0 0 0 0 0
1513898386.24 31827 14692 4908 5351 5908 27111 26 5723 11 9719, 0 0 1 0 0 0 0 0 0 0
1513898387.33 32821 10942 5965 9149 11306 42024 42 5461 15 16864, 0 0 1 0 0 0 0 0 0 0
1513898388.36 30711 7967 3553 4165 7394 32898 25 4944 17 9380, 0 0 1 0 0 0 0 0 0 0
1513898389.39 25994 4987 2054 3587 4204 27821 29 2707 8 6574, 0 0 1 0 0 0 0 0 0 0
1513898390.44 23998 4964 2019 2234 7000 27931 47 3113 10 4350, 0 0 1 0 0 0 0 0 0 0
1513898391.48 25344 8408 2375 2226 7119 25420 68 2824 5 4025, 0 0 1 0 0 0 0 0 0 0
1513898392.51 23946 5635 1655 2469 5212 25132 68 2482 7 4423, 0 0 1 0 0 0 0 0 0 0
1513898393.54 22652 5558 2541 3402 5001 23903 98 1613 16 3476, 0 0 1 0 0 0 0 0 0 0
1513898394.57 21333 4629 3158 5259 5880 25266 102 2166 7 3516, 0 0 1 0 0 0 0 0 0 0
1513898395.6 19823 3987 3323 5327 5872 23986 91 1917 5 3734, 0 0 1 0 0 0 0 0 0 0
1513898396.63 17305 4079 915 2082 6113 24329 88 1468 13 5575, 0 0 1 0 0 0 0 0 0 0
1513898397.67 23897 8735 2500 3199 8010 28460 64 2753 18 10074, 0 0 1 0 0 0 0 0 0 0
1513898398.71 22569 8556 2705 3067 6897 25528 48 2464 19 8537, 0 0 1 0 0 0 0 0 0 0
1513898399.75 19631 6680 1192 2389 6462 24397 24 1029 10 8204, 0 0 1 0 0 0 0 0 0 0
1513898400.77 23448 8723 1133 3273 8956 29808 53 785 21 10861, 0 0 1 0 0 0 0 0 0 0
1513898401.81 25512 9985 2172 1394 5152 28744 31 2158 9 7732, 0 0 1 0 0 0 0 0 0 0
1513898402.84 21536 9214 3171 2020 5132 20997 24 2859 13 4944, 0 0 1 0 0 0 0 0 0 0
1513898403.86 22687 8567 2210 1877 4935 21634 29 2818 8 4513, 0 0 1 0 0 0 0 0 0 0
1513898404.88 22003 9831 2478 1715 6252 22600 37 1851 9 4844, 0 0 1 0 0 0 0 0 0 0
1513898405.91 18941 6996 1237 1188 5137 18246 35 1828 9 3777, 0 0 1 0 0 0 0 0 0 0
1513898406.92 25270 9495 1924 3516 6824 26684 40 1609 11 7657, 0 0 1 0 0 0 0 0 0 0
1513898407.94 28413 10656 2235 2547 7215 27401 29 1151 11 5611, 0 0 1 0 0 0 0 0 0 0
1513898408.96 27495 13470 6500 4812 7901 27865 33 135 22 5247, 0 0 1 0 0 0 0 0 0 0
1513898409.97 30280 15576 9932 5349 8353 29637 35 60 13 4656, 0 0 1 0 0 0 0 0 0 0
1513898411.0 26151 12836 10999 6091 6723 27772 42 10 19 6242, 0 0 1 0 0 0 0 0 0 0
1513898412.02 23913 12574 9866 5672 7014 26089 38 169 15 6230, 0 0 1 0 0 0 0 0 0 0
1513898413.03 22707 14901 11833 8203 8073 22964 32 3035 13 7953, 0 0 1 0 0 0 0 0 0 0
1513898414.06 23811 15189 9734 6954 6599 22125 33 2322 9 6870, 0 0 1 0 0 0 0 0 0 0
1513898415.09 28178 15194 9752 4134 5813 23132 33 3822 10 5039, 0 0 1 0 0 0 0 0 0 0
1513898416.12 29249 13563 7288 2958 5605 26145 33 3552 10 3591, 0 0 1 0 0 0 0 0 0 0
1513898417.13 25621 9592 5001 2296 2651 21403 31 2556 10 1961, 0 0 1 0 0 0 0 0 0 0
1513898418.15 29504 9283 5812 4870 7731 28626 47 4162 12 3709, 0 0 1 0 0 0 0 0 0 0
1513898419.17 28378 9320 4433 3143 7884 25255 61 4501 8 2071, 0 0 1 0 0 0 0 0 0 0
1513898420.21 27812 7568 3377 1854 6798 23797 58 6603 8 3181, 0 0 1 0 0 0 0 0 0 0
1513898421.26 29045 8020 2008 1541 6565 26350 66 4300 8 2958, 0 0 1 0 0 0 0 0 0 0
1513898422.28 31446 9279 1577 1341 5877 27466 59 2750 5 2952, 0 0 1 0 0 0 0 0 0 0
1513898423.3 39507 15437 1553 2250 8413 30893 76 2691 18 3981, 0 0 1 0 0 0 0 0 0 0
1513898424.32 39068 14247 9333 4026 3730 29932 46 5324 12 2424, 0 0 1 0 0 0 0 0 0 0
1513898425.37 33747 13646 10176 4718 4755 23961 66 5248 27 3672, 0 0 1 0 0 0 0 0 0 0
1513898426.39 31217 12234 8549 4200 4460 26394 130 3815 95 3976, 0 0 1 0 0 0 0 0 0 0
1513898427.42 25288 8123 6909 2042 4103 22864 118 3373 68 2217, 0 0 1 0 0 0 0 0 0 0
1513898428.44 26233 8370 5687 2153 5123 24345 49 3090 7 2115, 0 0 1 0 0 0 0 0 0 0
1513898429.5 30732 15651 6963 1572 8034 25075 39 3090 9 1000, 0 0 1 0 0 0 0 0 0 0
1513898430.53 24373 12800 5370 2210 4641 20794 35 3122 6 3945, 0 0 1 0 0 0 0 0 0 0
1513898431.57 27305 12066 6436 5133 5350 25640 31 4763 5 9184, 0 0 1 0 0 0 0 0 0 0
1513898432.6 27088 10386 5037 3536 6335 27070 36 4970 12 7722, 0 0 1 0 0 0 0 0 0 0
1513898433.63 28826 9219 2697 3421 5553 30219 35 3905 6 9581, 0 0 1 0 0 0 0 0 0 0
1513898434.64 29125 7753 693 3997 6209 34243 28 1466 10 11773, 0 0 1 0 0 0 0 0 0 0
1513898435.66 29200 7841 644 3748 8711 36741 42 1081 5 11001, 0 0 1 0 0 0 0 0 0 0
1513898436.71 27120 7218 866 5996 9276 36970 26 960 23 15073, 0 0 1 0 0 0 0 0 0 0
1513898437.76 26414 7428 1250 3728 6667 31943 23 1645 8 10666, 0 0 1 0 0 0 0 0 0 0
1513898438.81 21597 4337 906 1045 2379 24656 28 2341 9 7092, 0 0 1 0 0 0 0 0 0 0
1513898439.86 30046 7258 1253 2497 4141 31812 51 5062 8 11278, 0 0 1 0 0 0 0 0 0 0
1513898440.9 34794 7312 2331 1759 1962 29538 49 4960 11 6701, 0 0 1 0 0 0 0 0 0 0
1513898441.93 29747 7829 1826 953 2568 23261 40 3550 9 5338, 0 0 1 0 0 0 0 0 0 0
1513898442.98 29529 11755 4325 2265 2688 20426 22 5683 12 6436, 0 0 1 0 0 0 0 0 0 0
1513898444.01 26432 11488 5825 2677 2073 19320 61 4581 10 6927, 0 0 1 0 0 0 0 0 0 0
1513898445.03 23650 8739 5241 1119 1395 16587 66 5422 15 3843, 0 0 1 0 0 0 0 0 0 0
1513898446.05 23731 9770 8793 1334 2910 18275 54 6774 9 4410, 0 0 1 0 0 0 0 0 0 0
1513898447.08 24871 13216 9685 4086 7482 21978 51 6686 4 6539, 0 0 1 0 0 0 0 0 0 0
1513898448.1 18658 9280 5295 3544 7015 18262 50 3450 9 4856, 0 0 1 0 0 0 0 0 0 0
1513898449.13 26770 9452 4887 4720 10328 29669 37 4007 8 8173, 0 0 1 0 0 0 0 0 0 0
1513898450.14 19634 5416 2610 4290 6770 23895 43 2418 12 9252, 0 0 1 0 0 0 0 0 0 0
1513898451.16 26764 9433 4340 7732 9140 31313 19 3975 7 15073, 0 0 1 0 0 0 0 0 0 0
1513898452.18 23197 5800 1698 5410 4656 28043 25 1861 12 10948, 0 0 1 0 0 0 0 0 0 0
1513898453.2 25341 5240 1350 1225 4382 29337 87 1588 13 4616, 0 0 1 0 0 0 0 0 0 0
1513898454.25 18787 4726 1133 1032 4270 23030 53 1363 13 3349, 0 0 1 0 0 0 0 0 0 0
1513898455.3 20429 5559 1241 1736 5004 23504 72 1588 20 4590, 0 0 1 0 0 0 0 0 0 0
1513898456.34 25243 7998 2130 1240 6367 26833 66 2528 39 3019, 0 0 1 0 0 0 0 0 0 0
1513898457.38 30549 10340 3423 4462 9329 33268 121 4460 27 8594, 0 0 1 0 0 0 0 0 0 0
1513898458.41 36618 11575 4511 4086 5588 41213 162 6086 102 11405, 0 0 1 0 0 0 0 0 0 0
1513898459.45 30274 8744 2833 3764 5933 31550 90 4268 29 8743, 0 0 1 0 0 0 0 0 0 0
1513898460.47 29373 9227 3043 3124 6118 29174 94 4239 13 7063, 0 0 1 0 0 0 0 0 0 0
1513898461.5 23843 6341 2806 2294 4930 22824 109 3563 17 6446, 0 0 1 0 0 0 0 0 0 0
1513898462.56 24506 9472 4838 3353 4651 23828 106 1594 31 6884, 0 0 1 0 0 0 0 0 0 0
1513898463.6 24995 11039 9444 5536 6665 26699 107 2981 20 9831, 0 0 1 0 0 0 0 0 0 0
1513898464.62 13985 6703 10489 3767 3769 21052 90 1445 14 7183, 0 0 1 0 0 0 0 0 0 0
1513898465.62 10210 6755 11759 5417 3028 18638 97 1290 10 7349, 0 0 1 0 0 0 0 0 0 0
1513898466.63 10210 6755 11759 5417 3028 18638 97 1290 10 7349, 0 0 1 0 0 0 0 0 0 0
1513898467.65 11094 13101 20978 6358 4564 17544 119 355 11 5788, 0 0 1 0 0 0 0 0 0 0
1513898468.67 8715 10156 21627 3340 2022 13153 110 366 6 5291, 0 0 1 0 0 0 0 0 0 0
1513898469.69 15566 13061 14811 6379 6562 22518 130 389 12 6542, 0 0 1 0 0 0 0 0 0 0
1513898470.72 14592 11107 7029 5802 7670 19915 206 387 117 8937, 0 0 1 0 0 0 0 0 0 0
1513898471.75 19043 9359 3816 1817 13555 23619 79 784 14 2351, 0 0 1 0 0 0 0 0 0 0
1513898472.77 26437 10339 3995 1094 16680 30831 103 3362 12 1129, 0 0 1 0 0 0 0 0 0 0
1513898473.79 28965 13803 6437 2440 18564 34700 81 2885 12 3868, 0 0 1 0 0 0 0 0 0 0
1513898474.81 31164 15105 8115 2870 20135 33183 113 4018 7 2790, 0 0 1 0 0 0 0 0 0 0
1513898475.83 32041 17058 7911 2326 16909 29394 122 2885 9 394, 0 0 1 0 0 0 0 0 0 0
1513898476.87 27676 12792 7586 2537 15064 27175 151 4092 10 473, 0 0 1 0 0 0 0 0 0 0
1513898477.9 28825 14467 9821 1926 20846 32701 226 4853 22 744, 0 0 1 0 0 0 0 0 0 0
1513898478.93 31281 12915 9298 2088 13782 31533 174 5599 10 1456, 0 0 1 0 0 0 0 0 0 0
1513898479.96 25373 10861 6401 1622 14993 28621 116 3926 7 1247, 0 0 1 0 0 0 0 0 0 0
1513898481.03 24321 6870 5341 2477 14780 30327 110 4663 6 2555, 0 0 1 0 0 0 0 0 0 0
1513898482.05 23338 7067 1853 3456 14556 29247 117 4099 8 5790, 0 0 1 0 0 0 0 0 0 0
1513898483.09 19004 3688 681 3216 12572 26216 94 2595 14 5331, 0 0 1 0 0 0 0 0 0 0
1513898484.11 24992 7020 1942 4491 12674 27146 71 4371 18 7451, 0 0 1 0 0 0 0 0 0 0
1513898485.13 27217 9655 2121 4612 13386 30851 57 3347 9 8766, 0 0 1 0 0 0 0 0 0 0
1513898486.15 25175 8491 1312 6345 15929 35046 56 1548 32 10251, 0 0 1 0 0 0 0 0 0 0
1513898487.17 26045 9638 1206 5991 15238 34207 35 1015 19 10001, 0 0 1 0 0 0 0 0 0 0
1513898488.21 22015 7170 502 4879 11531 29314 56 498 6 9252, 0 0 1 0 0 0 0 0 0 0
1513898489.24 18268 4682 1024 3397 13815 28579 49 1528 11 8751, 0 0 1 0 0 0 0 0 0 0
1513898490.28 18501 4639 1281 2406 11269 26711 77 2519 8 5621, 0 0 1 0 0 0 0 0 0 0
1513898491.3 20928 6337 1498 3079 10685 24152 81 3447 9 6084, 0 0 1 0 0 0 0 0 0 0
1513898492.31 18227 7092 2333 1881 6495 17221 94 4190 9 4473, 0 0 1 0 0 0 0 0 0 0
1513898493.33 29651 11249 2042 1961 10652 24817 80 4636 11 5690, 0 0 1 0 0 0 0 0 0 0
1513898494.37 28069 9462 1086 1663 10439 26065 80 3507 9 4567, 0 0 1 0 0 0 0 0 0 0
1513898495.4 26123 11308 2992 1958 13590 28303 76 3779 13 6119, 0 0 1 0 0 0 0 0 0 0
1513898496.41 22122 8445 2478 3741 14100 26746 69 3058 9 7556, 0 0 1 0 0 0 0 0 0 0
1513898497.44 38760 13508 2235 6107 21192 46440 129 4103 15 11428, 0 0 1 0 0 0 0 0 0 0
1513898498.46 31461 9182 1747 3605 15730 35534 86 5463 9 8067, 0 0 1 0 0 0 0 0 0 0
1513898499.48 26224 5531 1898 1379 8845 27133 98 3771 7 4123, 0 0 1 0 0 0 0 0 0 0
1513898500.51 30680 9475 2584 2225 8742 29474 104 3484 18 5511, 0 0 1 0 0 0 0 0 0 0
1513898501.54 39532 11499 2870 3017 9987 38605 82 4349 9 7836, 0 0 1 0 0 0 0 0 0 0
1513898502.56 36380 10400 2496 4389 6460 40916 93 3009 21 11154, 0 0 1 0 0 0 0 0 0 0
1513898503.62 26967 6801 2164 2959 4043 28380 81 3205 5 8716, 0 0 1 0 0 0 0 0 0 0
1513898504.63 28447 8225 2105 2179 5638 32073 119 2281 10 6850, 0 0 1 0 0 0 0 0 0 0
1513898505.65 28044 7495 659 3046 5537 31795 99 11 4 10688, 0 0 1 0 0 0 0 0 0 0
1513898506.67 37015 15470 1963 4175 9611 40899 57 13 7 11870, 0 0 1 0 0 0 0 0 0 0
1513898507.7 31335 12546 1628 2887 7076 34753 55 10 11 10519, 0 0 1 0 0 0 0 0 0 0
1513898508.71 28092 11304 2232 2100 8241 31414 53 1184 7 7117, 0 0 1 0 0 0 0 0 0 0
1513898509.74 20447 10024 3589 3721 6595 23561 58 2494 6 8635, 0 0 1 0 0 0 0 0 0 0
1513898510.76 24650 8879 1962 1878 4895 24473 52 2862 6 4937, 0 0 1 0 0 0 0 0 0 0
1513898511.77 25688 10838 2918 3051 6944 27939 41 2468 6 8428, 0 0 1 0 0 0 0 0 0 0
1513898512.79 23906 12161 3841 3925 7467 25481 36 2158 3 8662, 0 0 1 0 0 0 0 0 0 0
1513898513.81 23249 13519 6921 6672 7404 24152 30 3402 8 10001, 0 0 1 0 0 0 0 0 0 0
1513898514.84 24700 11948 5782 5516 9102 27274 59 3588 6 8176, 0 0 1 0 0 0 0 0 0 0
1513898515.86 27496 11521 4091 3504 7700 26435 41 3775 15 5712, 0 0 1 0 0 0 0 0 0 0
1513898516.88 32216 13153 4969 5030 7814 30496 26 2617 14 6745, 0 0 1 0 0 0 0 0 0 0
1513898517.92 25660 11448 4826 5154 8225 27027 35 2986 9 8024, 0 0 1 0 0 0 0 0 0 0
1513898518.96 25163 8786 1511 2669 7291 26106 51 2091 16 5677, 0 0 1 0 0 0 0 0 0 0
1513898519.99 41095 12404 778 3012 11833 43441 70 239 17 5458, 0 0 1 0 0 0 0 0 0 0
1513898521.04 22045 5774 295 1179 9066 27271 66 18 7 2786, 0 0 1 0 0 0 0 0 0 0
1513898522.07 23988 7085 119 912 11043 27940 64 10 4 2303, 0 0 1 0 0 0 0 0 0 0
1513898523.1 26903 8548 313 1549 12584 30197 66 6 4 3643, 0 0 1 0 0 0 0 0 0 0
1513898524.12 22777 8794 457 2801 12722 27847 69 10 6 4811, 0 0 1 0 0 0 0 0 0 0
1513898525.12 18713 8794 455 2316 11029 21889 40 11 12 3740, 0 0 1 0 0 0 0 0 0 0
1513898526.14 18714 8794 456 617 11029 19984 45 15 14 161, 0 0 1 0 0 0 0 0 0 0
