1513885796.29 29280 25150 29196 32443 25051 31359 6389 5464 2730 9115
1513885797.29 24774 22440 25178 29040 23099 26647 5777 5165 2582 8353
1513885798.29 22796 20713 26140 30884 25735 25891 6141 4824 2412 8548
1513885799.29 23037 19973 21672 29211 26804 27140 5394 4095 2026 7373
1513885800.29 21581 17325 19821 27100 26284 25331 4521 2590 1288 5791
1513885801.3 20837 17957 20533 25331 24838 23978 3930 2290 1135 5043
1513885802.3 18262 19011 20058 24679 23440 22796 4152 1159 563 4697
1513885803.3 21208 18593 22448 28449 23714 23383 3550 1938 954 4459
1513885804.3 20845 19625 23557 29610 24232 21053 2647 1891 928 3546
1513885805.3 19914 19697 25749 30579 24137 20934 3267 3120 1540 4769
1513885806.3 17338 16089 26027 31695 24799 22379 5259 4935 2449 7675
1513885807.3 18242 17820 25691 33629 25318 21255 5340 5647 2803 8096
1513885808.3 15089 12916 20761 31707 23845 19225 5739 6205 3068 8744
1513885809.3 17432 15163 21414 29708 21563 21233 4189 4881 2408 6526
1513885810.3 15677 13012 19546 27866 18726 19168 3961 3918 1925 5828
1513885811.31 16417 16163 24605 28012 19017 18096 3334 4757 2341 5605
1513885812.31 19292 19298 27361 32657 22303 21719 4686 4750 2339 6963
1513885813.31 19199 20660 28035 29337 20851 21097 3614 3567 1740 5269
1513885814.31 19164 19536 27211 30549 19405 20330 3264 3306 1608 4784
1513885815.31 22882 22084 27460 27892 19360 23791 6141 3857 1870 7922
1513885816.31 22722 21271 25665 26524 18146 24044 5669 4228 2075 7643
1513885817.31 22169 20657 23522 26100 18802 24124 6333 3460 1684 7938
1513885818.32 21252 16601 18378 28409 19745 25254 7530 4842 2374 9811
1513885819.32 18800 16066 17978 28708 16937 21623 8737 6043 2978 11625
1513885820.32 20857 17018 18493 27504 19187 24821 6902 4148 2028 8839
1513885821.32 22911 20868 20666 29048 20568 25014 6604 4303 2111 8631
1513885822.32 25123 23245 21555 30929 21379 23781 8673 5193 2560 11159
1513885823.32 24174 20133 18108 28151 20335 24559 9502 4887 2410 11845
1513885824.33 24418 21466 21019 29223 22949 25035 8298 6085 2996 11209
1513885825.33 23717 21778 18470 29230 19782 23118 10576 6936 3428 13926
1513885826.33 24732 23204 20373 30561 22492 21278 5979 4089 2003 7910
1513885827.33 29683 29395 24615 31805 23634 24060 7142 3833 1893 8987
1513885828.33 40626 39101 33087 48462 36386 33143 10808 3322 1619 12351
1513885829.33 25564 29177 22001 25462 22003 22626 6155 487 218 6325
1513885830.33 27242 30712 23091 25208 21376 21868 6079 3199 1570 7595
1513885831.33 25964 28521 24159 26210 21304 21404 6348 3491 1713 7994
1513885832.33 23273 20247 16657 22107 19605 17357 2376 1440 686 2996
1513885833.34 24826 24431 22631 26861 23852 22722 4505 2558 1246 5694
1513885834.34 24826 24431 22631 26861 23852 22722 4505 2558 1246 5694
1513885835.34 22625 22775 23252 32085 25567 21980 6283 2999 1475 7703
1513885836.35 21399 23294 26041 31861 24323 20126 4944 3107 1530 6436
1513885837.35 20990 18724 26058 34779 24290 18348 4549 5028 2486 6985
1513885838.36 17674 18871 28135 35138 24211 18783 4743 5374 2671 7382
1513885839.37 19804 17141 26455 34339 23329 20072 5389 5819 2876 8210
1513885840.37 15538 13543 21901 33191 24992 21484 5957 3325 1636 7541
1513885841.38 21217 17538 22301 29948 24699 22897 4315 4204 2083 6364
1513885842.38 21269 20705 24927 31270 25227 22382 4555 4767 2358 6896
1513885843.39 19578 20725 22891 30674 20890 22578 9436 3132 1552 10939
1513885844.4 18230 20548 25059 32679 19183 17960 9188 4886 2430 11588
1513885845.4 21054 18930 23228 28882 18211 23050 9306 6054 3011 12294
1513885846.41 14522 16101 18645 21033 16133 16312 3570 2586 1284 4839
1513885847.42 14018 17965 18489 17189 15795 14348 1719 2085 1025 2714
1513885848.42 16302 22750 23916 18000 17679 13710 292 421 199 469
1513885849.43 13404 20467 27423 24199 16868 11868 1773 1294 636 2394
1513885850.44 11288 17343 24330 17044 12776 8863 1551 1564 767 2294
1513885851.45 10630 20248 28333 24391 15661 9661 1685 1123 549 2215
1513885852.45 12008 19428 28837 24508 13768 10349 2408 2106 1041 3429
1513885853.46 14096 22357 30133 27415 16908 11395 2430 2095 1031 3431
1513885854.47 12380 23428 31924 27420 14386 11998 4532 2947 1456 5955
1513885855.47 9014 19455 30883 26615 12953 9725 3878 1093 533 4393
1513885856.48 12729 20786 30721 25952 16196 12532 1583 1012 493 2051
1513885857.48 11509 17656 27832 24508 15775 12201 2204 463 218 2400
1513885858.49 12080 17532 24829 23315 16916 12302 2724 1491 739 3442
1513885859.5 12123 16464 20691 24435 16495 11629 3892 3835 1912 5797
1513885860.5 11271 14289 16969 21220 15184 12047 4499 3224 1611 6106
1513885861.51 9910 15198 15706 21189 15562 12123 5085 1749 865 5934
1513885862.51 9433 13889 17628 24848 15936 10681 4030 2543 1263 5280
1513885863.52 9565 13797 20495 26682 20129 14606 3032 1804 884 3884
1513885864.52 15036 16238 23997 28838 21775 21556 4933 1924 946 5850
1513885865.53 11101 14614 24852 28742 21223 19471 4981 2652 1308 6252
1513885866.54 10399 17506 28568 27655 18439 19148 6619 2567 1272 7870
1513885867.56 12653 18766 26844 26709 17076 17493 4990 1671 825 5796
1513885868.56 8412 15445 24985 25893 17748 13795 3129 3867 1923 5039
1513885869.57 11191 18414 25275 23886 17988 15616 1672 2194 1081 2726
1513885870.58 14784 16074 19144 19260 17001 16558 1016 1874 922 1907
1513885871.58 18320 18654 18803 16536 14274 17593 840 1648 812 1628
1513885872.59 15881 23892 20397 17893 15515 14302 568 1098 536 1082
1513885873.59 13297 23733 22142 19271 16426 12342 426 808 387 774
1513885874.6 12622 23163 22000 20668 16062 12260 570 1080 524 1065
1513885875.61 14922 21693 21445 18854 16979 14525 273 497 229 467
1513885876.62 15724 22354 22205 17547 16635 14365 282 504 241 505
1513885877.63 11806 19055 22267 20013 16157 12658 189 64 22 195
1513885878.64 20131 22045 21435 19621 18812 17432 127 205 95 203
1513885879.65 20835 21128 19624 19269 21189 20165 260 482 232 480
1513885880.65 19988 15044 17136 17424 20479 21348 1009 1101 526 1488
1513885881.66 21488 14089 17440 18531 22334 25006 1370 615 277 1596
1513885882.67 25067 13026 15303 17378 22346 28660 1379 799 370 1691
1513885883.67 26625 11090 12553 16812 24768 32818 1236 687 313 1491
1513885884.68 21515 9039 12460 16051 23023 30603 1468 590 269 1689
1513885885.69 22275 8858 11596 11652 24434 32118 2507 148 38 2473
1513885886.69 20501 7470 6810 12006 23099 31205 2281 82 12 2243
1513885887.7 22082 7536 6945 13873 21793 29924 1590 84 14 1545
1513885888.7 18274 5316 6016 14719 19653 25761 2216 86 19 2186
1513885889.71 15491 8828 9801 15890 18258 22044 2018 81 15 1981
1513885890.72 17820 12874 11726 15649 17381 19523 155 87 13 109
1513885891.72 12824 9142 6690 11123 14576 14106 71 72 14 39
1513885892.74 15914 16488 10320 13347 15607 12714 661 563 254 862
1513885893.74 22524 16383 12686 14623 18485 19368 770 1396 669 1384
1513885894.75 27103 20163 14049 12989 20694 24570 837 1638 800 1599
1513885895.75 20439 13709 12817 14626 17182 20057 1442 2826 1389 2786
1513885896.76 21505 10651 11194 11189 16614 15765 1085 2128 1049 2105
1513885897.76 20486 12523 11986 12595 17943 16244 1081 2106 1028 2058
1513885898.77 18082 8066 8632 8763 16061 16249 1085 1728 847 1899
1513885899.78 18058 9614 8552 7582 14920 15708 952 1519 729 1635
1513885900.8 17000 14376 14321 11511 16689 15528 1336 1745 847 2129
1513885901.81 16131 18559 23664 20811 18517 15871 1988 1736 842 2778
1513885902.82 13202 18100 24978 21828 17581 17719 3867 1129 543 4367
1513885903.83 13168 18831 26141 22867 15015 15542 4366 1760 847 5152
1513885904.84 17752 22645 25803 22876 13098 12711 3732 3337 1653 5349
1513885905.86 18733 24893 26557 23869 14322 11979 3907 4467 2209 6072
1513885906.87 25983 26117 24559 21385 15304 19565 3774 2526 1244 4982
1513885907.88 24630 23293 21916 17368 12905 16559 1551 1638 804 2329
1513885908.91 26158 25374 20793 17143 17527 18707 2053 1851 913 2944
1513885909.92 30574 26383 17974 19334 20347 22033 4036 3980 1979 5994
1513885910.94 27793 19804 16976 21412 21473 21998 2838 1851 897 3687
1513885911.95 26090 19937 20978 27854 23343 22507 7287 4273 2122 9378
1513885912.96 26467 18146 19545 28495 24052 26772 7495 4250 2211 9689
1513885913.98 28162 15737 17871 30176 24052 28645 7495 4448 3056 10366
1513885914.99 29531 11287 16084 23667 21277 33915 6919 4585 2281 9190
1513885915.99 16733 9907 12509 18904 16967 21266 4917 3386 1679 6578
1513885916.99 14079 9089 10075 14849 14825 21357 5507 1687 823 6294
1513885917.99 21976 16209 14490 14292 14341 25538 4092 590 279 4344
1513885919.0 24717 19697 14898 12774 14585 25821 2430 196 79 2476
1513885920.0 20537 15468 10756 9632 13825 23863 2490 598 281 2743
1513885921.0 18565 13511 11080 10369 13825 22820 2504 566 421 2711
1513885922.01 14325 9519 10939 12799 14081 19656 2851 1568 713 3654
1513885923.01 13332 6807 6888 8621 11955 17353 1314 2094 1038 2329
1513885924.02 13332 6807 6888 8621 11955 17353 1314 2094 1038 2329
1513885925.02 11805 5288 5035 7123 13825 19613 636 1225 605 1221
1513885926.02 9584 6157 5311 7728 12333 15307 187 337 158 322
1513885927.03 11166 5124 4230 8153 13059 16298 142 44 10 134
1513885928.04 14012 6625 4673 11500 16720 19501 1675 60 6 1645
1513885929.05 15274 5041 4034 11293 18620 25476 1992 59 8 1968
1513885930.05 15035 3958 2942 9021 19817 28977 348 52 7 327
1513885931.06 17915 4567 3204 8953 19540 30302 413 56 9 385
1513885932.06 15583 4639 3168 9253 20940 30700 1208 61 8 1176
1513885933.07 12797 4074 3683 9830 20842 29060 374 63 5 330
1513885934.07 13289 3811 6214 14025 20826 29574 1699 74 9 1657
1513885935.08 11492 6348 7084 13357 20569 25966 1512 74 5 1463
1513885936.09 14226 5654 4911 11235 19060 24548 633 85 21 612
1513885937.09 11267 5060 6811 12920 19197 21153 235 73 19 215
1513885938.1 11237 6110 10764 15371 19495 20924 488 565 263 711
1513885939.11 8339 7795 14002 17239 19388 16229 70 90 20 43
1513885940.11 12518 11831 16154 18382 18063 15156 1151 2173 1062 2166
1513885941.14 20638 18558 18436 23234 18427 15810 3886 5721 2834 6666
1513885942.15 15885 14148 13530 22704 16027 10502 3793 6239 3096 6851
1513885943.17 11208 8225 7590 16711 11820 6667 3457 5177 2563 5976
1513885944.18 9466 7090 5744 13761 7738 5472 3155 5623 2786 5897
1513885945.19 9860 9463 8810 13443 7967 5970 3196 5417 2686 5839
1513885946.2 11911 12377 12616 17540 12312 9712 2778 3757 1853 4585
1513885947.21 14003 13169 10779 19455 19103 14027 2753 4450 2207 4925
1513885948.24 14550 11976 12844 17212 16421 16307 2797 5536 2749 5509
1513885949.25 11887 9124 11325 13714 13769 14473 3103 6176 3073 6147
1513885950.25 9894 8504 10883 12826 12302 12293 1763 3467 1714 3439
1513885951.26 10036 12541 14175 15306 13658 11918 349 640 300 617
1513885952.27 9950 10117 11888 12959 16228 14862 51 61 16 34
1513885953.27 7860 10223 11740 12542 14847 11118 64 72 9 30
1513885954.28 8487 9065 7827 9178 15384 10324 67 71 12 38
1513885955.28 12114 9512 9353 10203 15651 11928 56 48 13 43
1513885956.29 15318 12692 11265 11504 14598 11216 47 52 10 26
1513885957.29 15458 12628 10488 11757 14470 9209 56 54 10 35
1513885958.3 17996 13969 11793 12720 14997 13230 115 191 79 163
1513885959.31 14441 9940 9614 12010 15046 13324 247 460 215 435
1513885960.31 18923 9862 9347 13111 16919 17181 522 1012 495 1003
1513885961.32 18853 6175 5142 11012 16717 16782 302 575 276 554
1513885962.33 22605 4308 4514 10790 19082 22438 206 380 184 380
1513885963.33 26039 6059 6098 12346 17884 24001 937 1256 625 1555
1513885964.34 26124 4641 4171 11371 18371 24934 1324 1437 718 2043
1513885965.35 29894 8584 6623 17024 22574 32108 3148 1471 730 3871
1513885966.35 23799 8914 10645 17245 20155 26898 2224 2317 1155 3377
1513885967.36 28979 12254 11132 15691 18812 32532 4998 230 108 5097
1513885968.36 22855 13057 12571 15304 16844 28125 6100 1720 845 6919
1513885969.38 25096 13321 10934 15156 19226 30011 5011 2885 1432 6421
1513885970.39 23305 11928 12520 14958 20720 32172 5000 2731 1351 6327
1513885971.39 21967 13556 14022 14281 18368 25493 3592 2591 1282 4847
1513885972.4 20260 17439 15867 15155 15000 19847 3780 2952 1458 5212
1513885973.41 20534 20721 15883 15658 15179 17978 1526 616 296 1803
1513885974.41 15855 16890 16645 15111 14587 14641 22 25 3 9
1513885975.42 12171 12255 15360 15520 12053 11386 289 254 118 390
1513885976.43 9770 7521 13429 17315 13348 12633 1434 251 113 1527
1513885977.44 9273 7790 17845 25347 16333 12237 3375 2203 1092 4449
1513885978.44 12175 9490 20305 25599 15332 15798 4416 2042 1007 5392
1513885979.46 15451 8254 17373 24318 14874 19807 6478 3759 1870 8333
1513885980.47 21507 15225 15908 20965 15718 23246 6664 2861 1426 8075
1513885981.48 22453 22334 24309 26239 15448 20768 7348 3951 1963 9290
1513885982.49 21428 19995 24704 28376 15515 20745 8111 3872 1932 10034
1513885983.5 17511 17238 24616 30410 15392 16143 6698 3850 1919 8611
1513885984.51 16681 16059 23263 30283 16221 14808 6614 4060 2025 8628
1513885985.51 9480 12181 18484 28985 18358 10558 3163 1691 834 3985
1513885986.52 8241 10854 15840 25930 18453 9889 1185 380 187 1360
1513885987.52 7188 9193 18004 29700 19424 10239 4740 1193 583 5299
1513885988.54 9043 10210 18414 29694 21749 13788 4019 1760 870 4866
1513885989.54 4848 8641 17691 27204 20447 9258 2999 830 406 3387
1513885990.55 2463 4907 8699 14042 11177 4880 1149 675 329 1462
1513885991.56 3859 4073 6671 11601 8592 4872 1257 787 378 1608
1513885992.56 7126 8016 11431 16132 12216 9596 2117 764 367 2448
1513885993.57 12684 12484 12432 15391 13509 13508 1581 357 167 1725
1513885994.58 15233 13564 15801 19157 19685 25213 3441 1109 536 3942
1513885995.59 14547 12532 9022 10351 11608 22393 3684 519 234 3877
1513885996.6 17101 13301 9832 9080 12454 27428 4632 602 269 4832
1513885997.6 16134 14441 10736 8904 7932 25874 4665 427 165 4731
1513885998.61 22941 16396 10439 8712 9196 28972 4329 294 117 4385
1513885999.61 22941 15963 9947 8109 9419 30196 6212 87 6 6146
1513886000.62 19559 14350 11694 9133 10876 27428 3607 87 9 3551
1513886001.62 21799 18243 16374 9488 11404 28448 3393 126 37 3375
1513886002.63 14800 11821 16052 12274 12889 25601 3530 264 97 3574
1513886003.64 12084 15305 23896 19474 18350 21934 2444 632 267 2622
1513886004.64 10714 14094 25486 19422 18986 24757 3227 483 188 3318
1513886005.65 10972 13491 26142 24018 22810 25114 3055 146 27 2996
1513886006.65 12782 14840 25533 24355 22822 28274 5555 104 6 5475
1513886007.66 11414 14496 24129 21645 20501 23878 4003 120 10 3911
1513886008.67 14034 18309 24805 23112 22383 24078 3654 124 13 3570
1513886009.67 13726 16976 24320 22479 20546 22260 4078 120 4 3984
1513886010.68 16968 15823 20687 18260 19686 24584 3462 108 12 3389
1513886011.68 13296 7866 19380 17092 17258 24130 3716 265 81 3698
1513886012.69 12743 7380 21253 23758 20210 26646 9308 2181 1043 10259
1513886013.7 13683 8616 21376 24940 20314 25318 6036 3161 1532 7473
1513886014.7 9546 7629 24810 32475 23673 22811 4407 1772 836 5148
1513886015.71 7916 6480 23880 35739 24641 16511 3911 4412 2157 5970
1513886016.72 5559 7448 24397 35857 24817 17104 2922 3261 1580 4404
1513886017.72 5276 6399 22204 31308 22400 13175 2590 2492 1187 3656
1513886018.74 8392 8490 24073 33576 21568 13880 3077 4340 2106 5063
1513886019.74 9133 11426 27700 34016 22827 17282 4741 2737 1314 5942
1513886020.75 7979 10630 26820 35562 23985 16545 4313 1699 796 5009
1513886021.75 6603 10480 26347 34777 24592 14364 3211 1557 731 3850
1513886022.76 4157 6685 20265 27150 18810 9102 1559 1097 508 1985
1513886023.77 5380 5214 17276 24392 18761 11335 96 113 18 45
1513886024.77 7385 4143 14522 22539 19129 13047 71 90 19 47
1513886025.78 9564 4245 12519 21352 20883 16735 60 69 12 26
1513886026.78 7185 3171 8388 16199 16140 12388 62 78 16 34
1513886027.79 8939 3814 7608 14879 17250 14730 69 68 9 32
1513886028.79 7571 3717 7554 14444 17622 13755 63 75 11 22
1513886029.8 6701 3145 7233 14255 17323 13062 68 85 23 50
1513886030.8 5891 2995 7441 13763 16830 12774 77 91 15 36
1513886031.81 5658 5549 13574 18993 18054 11810 138 232 95 194
1513886032.81 7263 9504 18616 22144 19069 12129 59 69 9 21
1513886033.82 6602 11472 17042 21670 19111 9696 62 67 13 31
1513886034.82 10995 13402 18272 22340 19095 13786 45 55 9 20
1513886035.84 8235 11227 15690 19009 17346 11181 41 44 6 22
1513886036.85 14905 18216 17528 17088 15735 12640 51 59 15 47
1513886037.85 13335 13717 16049 16848 15965 13118 41 42 11 34
1513886038.86 11888 12461 15684 17396 14659 9978 51 73 24 57
1513886039.86 9478 9701 12628 16693 14625 9939 21 31 11 22
1513886040.87 9876 9328 12718 16239 14246 10467 27 34 7 17
1513886041.87 12601 8517 7603 11619 14058 13900 24 31 9 14
1513886042.88 12254 5739 4737 10621 14442 15211 28 43 12 29
1513886043.88 12941 7721 10077 13980 16666 16881 193 385 189 373
1513886044.89 10520 11731 23736 23654 15693 12363 1191 2360 1172 2355
1513886045.89 8235 9809 25431 24549 18966 12905 1059 1916 949 1993
1513886046.9 4226 8355 26778 27798 20712 9407 822 1310 650 1461
1513886047.91 2852 6147 24594 26957 18766 8342 1223 1942 966 2177
1513886048.91 3545 6678 22140 23621 16544 8797 1044 1421 702 1736
1513886049.92 1838 5709 22166 25437 16088 5783 893 1759 871 1750
1513886050.92 5612 6639 19526 23847 15811 7299 921 1835 912 1822
1513886051.93 5999 7911 21091 26390 17948 6980 1594 3154 1567 3140
1513886052.93 6087 6263 17496 23365 19296 8036 917 1827 912 1825
1513886053.94 9931 7870 14929 17426 14274 13038 1845 3669 1832 3669
1513886054.94 9205 6005 9689 13242 13611 12972 683 1330 658 1331
1513886055.95 10277 5795 6856 11979 12968 11386 619 1210 597 1204
1513886056.95 15096 7792 6731 10601 12932 13981 84 105 50 129
1513886057.96 18582 13965 7888 11749 15055 15624 60 69 27 72
1513886058.96 16599 14861 9008 11106 14762 14743 19 31 12 26
1513886059.97 17308 16943 8897 8842 15060 15099 30 37 14 36
1513886060.97 16152 15333 6970 6258 13549 15758 18 34 14 25
1513886061.98 17112 15047 6629 7268 17037 18240 14 23 10 17
1513886062.98 17445 16932 10438 9604 17138 18039 80 131 62 137
1513886063.99 17458 16264 12012 15978 17376 17519 2299 1893 946 3239
1513886064.99 13756 12780 11760 19047 17499 16180 5247 3492 1745 6992
1513886066.0 12350 14594 10577 19089 16909 12495 2915 2895 1445 4357
1513886067.0 16082 17442 16647 23932 18118 17589 4620 5652 2824 7444
1513886068.01 14068 15439 16557 22742 17579 15348 4388 5634 2816 7206
1513886069.02 17165 12100 12673 17635 15203 19457 4838 5393 2696 7527
1513886070.02 16761 11773 11659 18720 16463 18350 5418 4476 2233 7647
1513886071.03 12571 10854 12303 22221 19191 16708 5343 2339 1166 6505
1513886072.03 21411 17538 13868 24216 23572 21692 5584 1875 934 6519
1513886073.04 20174 15812 14418 26229 24782 21288 4819 1261 629 5447
1513886074.04 18224 13651 17300 28854 25226 21448 5913 1209 604 6518
1513886075.05 15297 9306 14934 27454 22179 18320 5869 3416 1702 7572
1513886076.05 12735 7549 13365 29238 23543 16096 6801 4773 2385 9188
1513886077.07 13413 8405 14211 28365 24087 17367 5584 4133 2067 7642
1513886078.07 15057 8852 15183 25232 22535 18121 5105 3782 1892 5038
1513886079.07 13835 9299 14355 23618 21693 19057 3753 1128 564 4325
1513886080.08 10384 9774 16190 21153 17752 15272 2893 1186 591 3474
1513886081.08 6374 6910 14810 21270 15985 11275 1895 650 326 2222
1513886082.09 14440 11164 14426 17676 15556 16240 728 104 49 768
1513886083.09 17863 10405 13491 16789 17429 20431 906 141 69 970
1513886084.1 23067 13212 11587 15353 18093 20978 119 34 13 128
1513886085.1 22688 10356 5897 10385 16751 17226 19 27 9 21
1513886086.11 26156 12359 5077 8308 13976 16116 23 21 8 31
1513886087.12 25267 14897 8438 10230 14376 14150 116 223 110 225
1513886088.13 27710 18065 9194 10103 15142 17513 93 163 79 168
1513886089.14 26869 16736 7908 9230 15451 16838 63 120 59 116
1513886090.14 27944 18569 11909 10993 16775 19584 184 352 177 362
1513886091.15 29977 22547 13154 11602 19312 24983 15 20 7 17
1513886092.15 31098 24052 9280 7311 17915 25848 70 125 60 125
1513886093.16 29888 21150 7245 6279 17369 24587 187 164 81 267
1513886094.17 26824 18340 6294 9144 13873 15273 1125 609 305 1426
1513886095.18 25990 18258 10957 14162 16226 17886 2432 1237 617 3044
1513886096.19 25484 16730 8955 18460 19122 20629 3262 1439 716 3973
1513886097.2 24282 14996 10357 18705 18652 21129 3580 2425 1212 4789
1513886098.21 25123 16828 10509 12133 14698 20965 1380 2756 1377 2757
1513886099.23 20831 12402 9019 11570 13595 19527 2355 4696 2345 4694
1513886100.28 15124 9033 8465 12337 14503 16164 1804 3589 1791 3590
1513886101.29 14089 3972 9494 20437 19123 14144 502 362 483 976
1513886102.29 10306 5714 9298 14708 15858 11883 115 204 97 204
1513886103.3 15237 10457 10818 14420 16415 13066 432 854 428 858
1513886104.3 19855 10457 10712 14807 16415 15164 516 904 477 1033
1513886105.32 22337 15332 12401 14292 16900 16198 563 1113 552 1113
1513886106.33 26790 14824 10495 12508 17375 15865 213 417 207 421
1513886107.35 28865 19571 14602 15152 20334 21498 245 479 234 472
1513886108.38 26475 16542 16952 18296 19435 17029 25 41 21 45
1513886109.4 29297 19077 15980 14919 18981 20503 10 17 6 15
1513886110.43 27522 19595 13240 12409 17546 19418 17 17 7 21
1513886111.44 26280 20247 14370 11788 13209 16567 19 16 12 25
1513886112.45 28048 22850 13405 14174 13857 20002 21 26 7 25
1513886113.46 28045 21012 12775 14132 17509 20914 21 19 7 25
1513886114.48 27714 18016 11508 12896 18353 24043 22 17 6 26
1513886115.48 21478 15970 12499 14806 14397 20205 2849 1065 1150 5593
1513886116.5 22476 20050 15708 20201 19986 21011 4448 2301 1150 5593
1513886117.5 19688 20350 19208 21615 21343 19484 1718 26 11 1724
1513886118.51 21466 16458 14489 21711 22643 18904 837 22 10 846
1513886119.52 13862 12368 11114 20175 22643 15184 713 52 58 769
1513886120.52 19544 11310 9992 18820 20208 18590 956 484 234 1177
1513886121.52 22221 10672 9393 18295 18764 20606 287 555 274 556
1513886122.52 22221 10672 9393 18295 18764 20606 287 555 274 556
1513886123.53 23245 13292 7138 14449 16908 16217 69 125 62 125
1513886124.53 23175 13338 9015 16300 20176 18067 174 329 162 333
1513886125.54 22604 13109 7360 10496 14870 15741 106 197 98 200
1513886126.55 24605 17145 9334 8749 15828 18139 388 771 384 771
1513886127.55 24928 15500 5343 6765 15294 18147 660 1313 657 1312
1513886128.56 20884 10979 4362 8251 15667 14974 1570 3123 1558 3125
1513886129.57 22406 12572 3489 6644 15312 18014 802 1561 779 1575
1513886130.58 22376 12420 5585 7476 15022 21956 323 613 304 621
1513886131.59 16907 9561 6277 5945 11748 17166 50 60 24 68
1513886132.59 13776 14826 13438 11305 11910 12520 11 16 5 16
1513886133.6 9150 13970 12683 10647 13322 10347 57 109 51 107
1513886134.6 13889 17969 15067 10960 14112 12584 76 144 69 141
1513886135.61 13102 19319 19017 12185 12590 11459 37 47 18 47
1513886136.61 12255 14661 17097 11202 13087 10707 27 31 14 38
1513886137.62 13988 19648 21422 16536 15217 8949 7 13 5 9
1513886138.62 12759 17633 22552 18583 14071 7536 14 23 9 22
1513886139.64 11897 16889 20676 19135 13401 6568 18 18 4 19
1513886140.64 7657 12438 16622 19462 10059 1919 14 13 4 17
1513886141.66 5454 9048 12217 13713 6821 1157 29 38 18 43
1513886142.66 3321 6664 5623 1478 1818 2570 45 47 32 76
1513886143.67 1113 3591 3737 296 1234 2081 57 72 32 80
1513886144.68 1114 172 277 296 1125 2064 57 72 32 80
1513886145.69 225 631 9528 8918 328 225 66 93 41 97
1513886146.69 2388 8813 17458 12165 3464 753 140 213 111 246
1513886147.7 4891 7842 16155 12606 2860 2812 372 345 223 711
1513886148.71 9266 11343 16691 11647 2710 3612 363 707 353 710
1513886149.75 11732 11255 19325 7694 1790 4256 389 751 367 751
1513886150.75 14112 13047 20533 6922 8626 10003 472 1104 463 945
1513886151.76 14807 14428 17128 10366 12037 11214 484 1406 458 945
1513886152.77 12118 9335 13899 14384 16069 13674 479 956 478 954
1513886153.78 15286 8989 16390 14310 16069 15692 724 1304 716 1435
1513886154.8 11670 8180 12684 14259 17747 13702 12 14 7 19
1513886155.8 12908 8764 11427 14280 17792 15935 13 17 8 19
1513886156.8 15071 9279 8061 13638 18862 18888 20 36 15 36
1513886157.82 10224 6623 6380 13341 17274 13477 25 37 13 34
1513886158.82 7485 4594 3822 10536 16129 11439 72 82 34 103
1513886159.82 7322 4539 4065 10503 16022 11950 35 55 21 50
1513886160.83 5785 4539 7205 19044 21389 11286 40 56 20 51
1513886161.84 4499 4261 9952 19044 25421 15515 39 55 20 51
1513886162.84 4101 8904 17621 18789 16675 9068 36 39 17 51
1513886163.85 3781 9788 19809 21011 14773 4280 28 39 14 33
1513886164.86 2941 9123 17660 19411 14137 4365 127 229 110 235
1513886165.88 6255 12000 15214 14406 10966 6443 158 24 9 163
1513886166.89 7161 14111 15178 13244 9314 6484 909 479 237 1142
1513886167.9 10687 16348 17097 18003 13175 9634 1727 1908 951 2671
1513886168.91 6287 12666 15283 16428 11063 7391 2087 1412 703 2783
1513886169.91 6632 15211 18432 15639 7053 3581 2146 91 37 2171
1513886170.92 5669 13718 16862 11722 3865 2332 964 248 122 1082
1513886171.95 5402 15781 21825 20003 10392 4036 2598 1564 780 3372
1513886172.95 4590 14958 24906 27918 10993 4774 7184 3203 2027 9210
1513886173.96 3169 10876 23284 27208 10922 3658 6900 4086 2308 9202
1513886174.96 2380 8275 22738 27685 9532 3434 7299 4559 2504 9800
1513886175.97 1782 2919 19705 24233 5433 1098 4812 4189 1694 6500
1513886176.97 3136 4380 19766 25402 9183 5182 4247 3687 1839 6080
1513886177.98 2584 4263 18598 24125 11161 4856 2341 1731 863 3194
1513886178.99 1943 3698 18648 21338 9845 4087 2193 1478 932 3124
1513886179.99 2017 3527 16430 22352 11428 3981 2960 1823 889 3839
1513886181.0 1652 3247 15293 20482 11428 3377 2734 1848 521 1768
1513886182.01 768 4445 13893 17548 12723 4990 1067 863 235 1494
1513886183.02 584 2900 11345 15954 11694 4474 1263 472 235 1494
1513886184.03 4859 7608 11301 12848 10103 7045 3620 33 10 3627
1513886185.03 17084 13478 7480 4866 4739 9500 19 27 10 26
1513886186.04 20097 16588 10308 4702 6565 15317 26 24 13 32
1513886187.04 20309 17532 12356 4972 7094 16212 21 32 11 28
1513886188.05 27362 19037 10778 5773 8371 18527 21 25 11 28
1513886189.06 31019 15962 9707 8456 11565 18085 13 28 8 21
1513886190.06 28956 12858 6806 8920 17656 23145 16 22 8 19
1513886191.07 26132 13171 4672 6955 15783 17706 79 135 64 138
1513886192.07 26878 16588 5461 9912 16284 19713 335 422 330 660
1513886193.07 23012 15910 8149 11353 17203 19685 519 896 513 1028
1513886194.09 13234 13675 10478 12574 15014 15657 1066 1664 1059 2120
1513886195.09 10068 7861 14344 16355 12529 12043 1012 2046 1008 2021
1513886196.1 6689 8561 15085 15474 11026 7561 810 1762 788 1594
1513886197.11 4631 7780 13368 13189 6179 3291 997 1946 971 1964
1513886198.11 2800 6867 11849 10344 4713 3000 905 1838 890 1790
1513886199.12 4792 6058 9194 8476 4240 3643 868 1752 843 1708
1513886200.12 14651 12921 10728 6387 2720 7098 602 968 482 1081
1513886201.12 17020 9691 13512 13591 5505 10198 3454 1555 1311 4760
1513886202.13 18228 9595 12269 13396 4763 9272 2677 1799 882 3549
1513886203.13 20047 9547 12666 13362 3942 8730 3159 2362 1179 4334
1513886204.14 18312 9566 10941 11545 3612 8207 2359 1955 814 3171
1513886205.14 13659 6695 8786 17102 5460 9317 3904 1595 1273 5173
1513886206.15 10526 6656 6967 16649 6632 6942 4594 2496 1186 5774
1513886207.16 10468 6435 7393 15160 7329 5925 4594 2378 1186 5774
1513886208.16 6604 4848 7524 11719 6125 5127 4263 2333 862 5119
1513886209.17 2267 3940 6530 9747 4460 1996 2062 1615 460 2513
1513886210.17 101 2243 5995 8524 3908 1115 1684 32 14 1694
1513886211.18 1428 2520 5622 6964 4936 2075 470 21 7 476
1513886212.19 2592 1840 4440 6764 7204 4795 27 25 18 40
1513886213.19 3468 2146 5087 10018 9387 6079 1190 881 944 2131
1513886214.2 12594 8938 10665 12596 12138 10619 1279 2527 1260 2532
1513886215.2 11210 5683 10343 17507 13213 8365 1849 3671 1830 3678
1513886216.21 14355 6287 11003 17358 12848 8596 1740 4060 1713 3448
1513886217.23 14743 8157 12107 17358 12156 9104 1740 3432 1713 3448
1513886218.24 16007 6981 7034 13614 12000 8799 954 1849 916 1862
1513886219.24 16066 6989 5373 10126 12384 8708 518 991 492 1006
1513886220.24 12451 7199 5478 9622 11607 5153 24 366 9 30
1513886221.25 12069 4886 5498 5616 6374 5851 21 28 5 24
1513886222.26 16461 7661 3683 4746 8878 10121 234 247 214 442
1513886223.27 14738 7586 3848 4224 5538 6606 361 515 266 624
1513886224.27 16475 8193 5230 10035 11201 9402 728 1046 521 1243
1513886225.27 20374 11368 7236 10358 9831 9502 357 705 348 700
1513886226.28 26338 12786 6151 8404 8893 11401 23 113 8 30
1513886227.3 26743 14096 8151 9352 9180 11624 28 27 10 35
1513886228.3 23824 10304 4703 4905 4239 9924 44 52 24 70
1513886229.3 20306 8134 2940 4991 6945 8960 21 25 10 30
1513886230.3 15783 7605 4083 5744 9938 11351 35 49 21 54
1513886231.31 18666 8438 3868 4950 9899 13484 38 46 13 47
1513886232.31 14779 7847 2861 2922 9224 12307 54 74 44 96
1513886233.32 20943 7467 3375 3879 11063 16881 35 57 23 63
1513886234.32 17492 9462 6836 8622 11063 17135 627 511 556 1179
1513886235.33 14709 6288 7922 11718 13719 14948 747 871 701 1415
1513886236.34 9558 4938 8507 10009 10467 11111 824 1654 762 1582
1513886237.34 6104 4303 8264 8888 8568 9659 918 1444 876 1767
1513886238.35 15066 8360 6834 8311 8756 13661 927 2015 906 1825
1513886239.36 17266 7697 7459 8830 8756 14027 1088 1853 1073 2154
1513886240.37 17292 7130 6805 7843 7460 13647 1088 2152 1073 2154
1513886241.37 13019 4757 5285 6014 3188 8544 587 1112 551 1130
1513886242.38 11462 6168 4024 3511 3564 8613 122 232 115 230
1513886243.38 15853 5733 2257 2371 4556 12291 31 46 16 38
1513886244.39 13222 4796 802 519 3152 11357 33 32 11 41
1513886245.39 12043 4543 725 121 3121 12303 38 35 13 51
1513886246.4 12927 6620 1883 351 4586 12544 42 46 15 52
1513886247.4 15132 7081 3297 5699 10601 15706 564 187 159 722
1513886248.41 12488 8063 3427 4702 10601 14383 26 172 12 36
1513886249.42 11103 8515 4128 2525 8184 12816 80 87 66 145
1513886250.42 10282 11049 6184 2248 8649 12128 19 97 17 26
1513886251.42 14105 13352 5127 2254 3524 7038 29 36 17 52
1513886252.44 14104 13728 5462 2896 5585 8532 35 27 17 52
1513886253.44 13820 7358 3149 2897 6347 9458 26 41 15 37
1513886254.45 14456 7681 2906 2584 5998 10681 140 165 124 254
1513886255.45 17849 9332 7144 9589 9132 13430 1273 949 859 2128
1513886256.46 18149 9708 11508 11573 9771 13994 2401 2537 1763 4645
1513886257.49 18968 8374 10757 11027 6873 13478 2890 3527 1763 4645
1513886258.49 21254 9906 16054 19446 9514 15861 6485 3970 1985 8474
1513886259.49 22522 11178 16673 20166 7348 13312 4846 3537 1766 6613
1513886260.5 24499 11178 17583 20797 7348 17084 4673 3411 1641 5794
1513886261.52 28483 16832 19084 21461 9005 17379 3751 4491 2331 6126
1513886262.52 29183 26317 22473 18783 6898 15488 3809 2721 1359 5167
1513886263.53 29746 24740 19175 17697 8639 16583 4131 2824 935 5060
1513886264.54 30101 20607 16285 17864 10387 18894 4738 1892 1353 5653
1513886265.55 25944 21566 15007 16326 11800 20013 4911 2744 1292 6199
1513886266.56 27491 22374 13951 13696 9211 20602 6718 2885 1422 8137
1513886267.57 21436 17723 10444 9659 9652 18221 5037 2695 1055 6088
1513886268.57 12974 5039 5314 10278 12810 14711 801 1591 792 1585
1513886269.59 12974 5039 5314 10278 12810 14711 801 1591 792 1585
1513886270.61 8253 1860 2414 7173 10187 10231 505 995 496 1005
1513886271.63 8515 590 664 4877 7573 6229 286 566 284 565
1513886272.64 6559 239 665 4632 9233 5990 14 21 8 21
1513886273.65 2493 224 355 2122 6351 5391 17 13 8 19
1513886274.66 102 157 278 1707 4291 2783 46 24 14 51
1513886275.66 1040 96 685 1907 2161 1497 59 45 18 96
1513886276.67 1563 4038 2071 2859 3667 687 33 38 15 46
1513886277.68 1295 5272 3021 3212 2551 312 42 58 23 63
1513886278.68 1772 4783 3767 3227 1686 103 97 196 94 188
1513886279.72 1317 4838 2924 2016 1369 94 20 111 8 22
1513886280.72 868 5175 6384 6537 2955 1024 728 155 74 793
1513886281.72 600 6976 14126 15127 4721 1359 1602 832 414 2010
1513886282.72 1703 4914 11085 17742 5964 2189 3676 3530 1763 5436
1513886283.72 2746 4164 10190 19531 6395 3117 4341 4586 2291 6631
1513886284.74 2725 3997 10859 19465 7107 4004 4911 4374 1686 6597
1513886285.74 2131 8334 14017 20220 8771 5593 7532 3708 1854 9386
1513886286.74 1329 6294 12497 18706 7489 3927 4814 3137 1563 6367
1513886287.74 1227 8806 15019 18836 8240 4141 4598 2970 1484 6080
1513886288.75 1161 8242 15373 17118 8240 4591 4501 2821 1208 5065
1513886289.76 772 6042 12547 19487 8407 3354 3330 1604 799 4122
1513886290.77 1455 6579 13522 20535 11088 4471 2666 2111 1491 4156
1513886291.77 2979 7905 14630 18719 12442 7550 1897 2922 1423 3318
1513886292.78 3176 7481 13782 17098 12442 7463 2310 3783 2293 4605
1513886293.79 3988 4696 10762 13506 8937 7507 1889 4581 1880 3771
1513886294.8 7702 4286 9804 12768 8858 10137 1193 2370 1182 2379
1513886295.8 22433 9487 5022 8839 8858 15290 1483 2552 1466 2951
1513886296.81 26619 13506 7616 7007 9033 19619 1192 3020 1175 2366
1513886297.82 18771 12606 7207 1866 8116 18014 732 2132 724 1457
1513886298.82 13582 8410 4711 4274 7624 13655 1690 2514 1254 2938
1513886299.83 12857 6806 6545 13275 11922 11840 3501 3309 2510 6012
1513886300.84 15163 6541 8512 16677 12573 13590 4237 5004 2465 6705
1513886301.85 15144 6391 8251 18289 13573 12457 4237 4933 2465 6705
1513886302.86 11879 5431 8649 19852 13196 9069 4080 4308 2074 6155
1513886303.86 9566 6369 11250 23070 16185 9270 5070 4655 2599 7665
1513886304.87 8467 6164 9074 19767 12105 7138 3691 5360 2676 6362
1513886305.87 12539 9856 9150 19042 12105 7893 3930 5795 2780 6705
1513886306.88 18394 17012 10030 16619 9949 10587 5476 5745 2937 8415
1513886307.89 17554 16642 10972 16952 11658 10818 5095 5781 2414 7511
1513886308.9 19323 16213 7809 13590 11825 12539 4526 4096 1192 6382
1513886309.92 17782 11713 6606 13228 9920 10302 3042 2015 1199 4245
1513886310.94 14964 11713 5630 10525 7715 7665 1748 2056 378 2120
1513886311.96 12524 16137 13447 11300 7378 5373 1437 355 175 1607
1513886312.97 11746 16137 16118 14889 6972 4461 2181 1181 1233 3669
1513886313.97 9843 8472 18131 18781 8257 4584 3004 3262 1629 4629
1513886314.97 8662 8472 17949 18721 8257 6129 3238 3411 1779 4863
1513886315.98 7637 7732 17382 18915 9191 7081 3175 4027 2010 5184
1513886317.0 5920 9802 16533 16693 8305 4940 4579 7854 3188 7770
1513886318.02 11279 11396 22433 28517 16924 15843 7011 5113 3294 10307
1513886319.03 12384 8924 14874 18754 9413 9765 3970 4200 2101 6070
1513886320.05 11635 10705 16962 16967 9040 9822 3626 3114 1556 5186
1513886321.07 13491 8369 15012 15895 8346 10205 3456 1646 820 4273
1513886322.09 13649 7972 11383 15807 8772 10533 2434 1863 931 3361
1513886323.12 16267 9337 13227 15407 7957 12048 2633 276 137 2771
1513886324.13 14534 12957 13425 14729 5570 8948 3266 20 7 3268
1513886325.14 17821 16042 13669 13389 6014 8959 2341 418 206 2546
1513886326.15 11523 18345 18836 19061 10463 5172 3421 4815 2409 5829
1513886327.15 8329 18791 20254 19428 11807 4197 2047 4054 2023 4065
1513886328.17 6445 14087 16848 15033 8962 3327 1933 3826 1910 3840
1513886329.17 3974 7152 10754 12832 8842 3801 2103 4178 2088 4187
1513886330.18 3713 6247 10011 11644 6853 2860 2169 4270 2129 4290
1513886331.2 3643 5794 9281 10990 7210 3498 2065 4105 2050 4112
1513886332.2 3910 4708 6662 14965 4145 2610 6849 4277 2484 12699
1513886333.21 2517 3044 6568 16947 5214 4070 10220 4980 2484 12699
1513886334.21 1597 3151 8488 20796 5841 3473 10252 3349 1820 12063
1513886335.22 6347 5279 11175 23492 8593 7739 9726 4460 2226 11946
1513886336.22 5206 3827 11178 26351 7596 6226 9949 4017 2430 12374
1513886337.23 6255 2615 9753 24310 8786 6358 7592 5738 3062 10654
1513886338.24 7195 3331 10072 22169 8786 5826 6604 5643 2576 8288
1513886339.24 4936 2883 9429 20020 7572 4653 4646 2380 1186 5831
1513886340.25 4811 2299 10161 19464 8199 6259 6274 3890 1946 8216
1513886341.26 3931 1755 5282 8259 4380 5056 3142 3819 1317 4458
1513886342.27 13666 5849 5092 7895 7022 11510 2257 2525 1255 3506
1513886343.27 19682 16715 19835 19491 11570 12450 2525 2778 1389 3909
1513886344.29 21745 16381 20471 21762 11570 12733 3621 3460 2271 5890
1513886345.29 24070 17313 22542 24192 12054 15417 3724 4259 2131 5850
1513886346.29 27606 16088 19546 22264 9409 14810 3363 4086 2050 5410
1513886347.29 26867 13955 17740 21805 11106 14407 2120 1351 674 2794
1513886348.3 27998 20434 17797 18336 14259 19233 2035 1207 602 2636
1513886349.31 24660 21099 17497 15229 12912 17719 1407 1296 416 1551
1513886350.32 24018 19021 17867 17062 9731 14226 2624 956 627 3247
1513886351.33 22761 18333 20020 20532 10070 15060 4465 1145 485 4946
1513886352.33 18109 18217 21839 17818 8757 12632 1568 1127 567 2132
1513886353.34 16336 16047 17841 16459 8936 12771 5183 1872 1536 6715
1513886354.35 17069 19259 19590 16459 8668 12529 5183 3072 1536 6715
1513886355.36 14407 19091 18679 14161 8392 12127 5678 2201 1099 6769
1513886356.37 15295 19175 23727 20443 9681 12854 5432 1322 850 6276
1513886357.38 17010 20536 22471 17286 9455 13493 3288 1444 400 3680
1513886358.38 16035 16901 19985 16229 10196 14996 2893 13 3 2896
1513886359.38 15339 16901 19784 14773 10196 12967 2390 16 6 1495
1513886360.39 17166 21201 21638 15122 9524 12016 1497 21 10 1354
1513886361.39 15934 21843 22046 13892 9407 9169 1059 38 17 904
1513886362.4 15931 21103 21103 13973 6648 7801 902 43 15 906
1513886363.4 12838 18802 20281 12774 4059 4992 861 25 11 867
1513886364.4 10850 12804 14452 10955 4625 5419 527 17 5 525
1513886365.41 7628 8563 8324 5592 3645 4961 26 33 15 36
1513886366.42 3976 8066 5783 2252 1841 1436 27 46 18 35
1513886367.42 5979 7462 5102 1987 1940 3847 210 380 185 382
1513886368.43 20015 10895 7747 10485 9382 15950 2317 4491 2240 4558
1513886369.43 20621 9859 4774 7097 9159 17398 1848 3676 1835 3678
1513886370.44 17833 9976 5582 6754 5897 11645 863 1706 854 1716
1513886371.46 19104 8705 12790 14968 6065 8203 2144 3573 1783 3922
1513886372.48 16422 10533 21830 22909 7429 9322 3778 2498 1247 5025
1513886373.49 18183 10022 24675 24623 6614 9836 7051 2577 1285 8321
1513886374.5 11156 9683 24375 25641 7873 8709 6156 1842 916 7079
1513886375.52 10374 15480 30221 30752 11139 8156 5115 2748 1371 6473
1513886376.54 7862 12022 27528 27321 8050 4471 4560 3660 1829 6388
1513886377.56 9883 15622 31234 25425 13653 9729 2480 2830 935 3411
1513886378.58 11232 14114 26467 28006 11682 9137 4919 2949 1950 6864
1513886379.6 18043 16556 29117 30366 12505 15674 3041 1494 746 3786
1513886380.61 21600 18009 21651 21098 15130 21479 3485 841 419 3907
1513886381.62 23632 18657 20144 19051 14130 21301 3477 1199 599 4075
1513886382.64 19232 15673 16642 16967 16321 18815 2080 522 262 2343
1513886383.65 14433 7663 9989 13054 13962 18966 1603 15 6 1609
1513886384.66 12921 4576 5279 8981 14534 18943 444 83 95 200
1513886385.67 13086 5624 6136 8753 13154 18138 110 199 95 200
1513886386.68 11830 7415 11718 12304 13233 14602 164 294 141 305
1513886387.7 5377 4046 7969 10070 7166 5593 41 57 24 55
1513886388.7 3586 3258 8402 12260 6956 4582 1585 797 390 1970
1513886389.7 3586 3258 8402 12260 6956 4582 1585 797 390 1970
1513886390.72 2841 2618 11876 21606 9749 6076 7936 4429 2212 10144
1513886391.74 1264 2517 13730 25879 9186 3719 10142 4810 2987 13137
1513886392.74 2146 3593 17199 25577 9186 2584 7196 5289 2597 9785
1513886393.74 1441 2337 12490 25072 9660 2708 6630 4773 2382 9005
1513886394.75 1485 2337 8281 24737 9660 2758 6970 4726 2338 10557
1513886395.77 1429 1362 7539 24064 8180 2999 7581 5962 2979 10557
1513886396.78 1015 1614 7737 22920 7273 2932 7995 3955 1976 9970
1513886397.8 1591 2309 8380 21395 6788 2863 6537 2652 1323 7855
1513886398.82 4372 7032 13279 25349 10623 5694 7752 5342 2668 10416
1513886399.82 4466 6641 14504 25748 12674 6961 7449 6347 3173 10634
1513886400.83 5081 6641 15066 25423 12674 7043 7176 6688 3487 10037
1513886401.85 6200 7117 10924 22009 10033 5524 3223 2262 1128 4344
1513886402.85 7279 7117 13026 22539 10033 5881 3078 2144 1011 4709
1513886403.87 8109 9765 14260 21141 11938 8808 4222 1738 866 5089
1513886404.88 7174 8669 12889 20073 13383 8145 2034 1190 594 2634
1513886405.93 7097 10191 13171 17347 13620 6749 594 1163 581 1171
1513886406.97 4303 5900 7463 11553 7947 4756 391 764 381 777
1513886407.98 3481 2550 4724 9810 6684 1821 833 647 319 1137
1513886408.98 1089 2212 4471 6994 3299 270 67 1616 61 125
1513886409.99 4136 1673 3890 3940 1195 2516 87 191 77 159
1513886411.0 3309 1379 4230 4246 1984 3531 385 414 375 757
1513886412.01 1778 1517 5307 5621 1967 2547 947 1084 753 1695
1513886413.01 1168 1747 6114 6981 1965 1341 1016 1557 988 2002
1513886414.02 1072 2308 5855 5711 1198 551 823 1663 810 1629
1513886415.03 1393 2437 6078 7341 2725 1124 814 1474 797 1606
1513886416.03 1101 1400 3451 4721 5808 3835 279 1386 258 535
1513886417.04 1305 852 3246 3783 5626 3208 282 520 258 535
1513886418.06 1008 480 3781 6264 8617 2975 849 707 350 1193
1513886419.06 364 313 2842 7617 11540 4204 1017 874 461 1482
1513886420.08 631 681 2656 9210 6970 1825 1500 1331 690 2195
1513886421.08 2049 681 9526 15978 6970 2703 1561 1225 534 2040
1513886422.09 2883 3213 11317 18761 9185 3091 1977 1185 591 2564
1513886423.1 3134 3082 12001 16040 6698 2407 1728 1095 546 2276
1513886424.11 5439 9151 14921 12865 4785 2532 98 39 18 108
1513886425.12 4940 9151 13598 12039 4785 2818 32 36 14 31
1513886426.13 4865 9833 12882 10676 5014 1889 303 157 159 616
1513886427.15 5383 8462 9725 11894 4577 2962 2917 628 721 2909
1513886428.15 7889 9255 12451 14845 4471 5578 4365 2714 1628 6290
1513886429.16 7598 5422 9412 13154 3904 5716 3949 2615 1628 6290
1513886430.17 8664 4508 2506 2860 2093 5636 1886 1020 704 2581
1513886431.18 5747 3988 1903 2441 1951 6283 1903 1562 638 2753
1513886432.18 2880 2613 1677 2757 2169 3943 2697 1650 1018 3704
1513886433.19 3713 1837 488 3752 2904 2942 2451 2886 1439 3887
1513886434.19 2933 1889 642 2669 1496 2474 2561 2023 1011 3570
1513886435.2 3136 2204 636 1722 1165 2290 1611 1753 877 2481
1513886436.2 8477 5206 1400 1025 621 4127 691 1410 240 621
1513886437.22 17462 9091 4929 3434 3176 11381 31 332 12 38
1513886438.22 17311 11329 6656 6297 9699 14532 31 32 12 38
1513886439.23 23445 10876 8771 7223 6812 14577 28 39 14 37
1513886440.24 21160 12904 10047 10083 10465 12045 38 41 24 64
1513886441.25 19479 10470 11233 9609 8341 11178 46 64 24 64
1513886442.27 16543 8360 17006 12727 8085 9855 29 30 9 29
1513886443.28 16536 8999 19058 13151 7408 11150 25 28 9 29
1513886444.32 17551 12667 21359 12607 6634 10512 17 22 8 21
1513886445.32 13155 13943 18509 12489 4053 7333 88 28 12 96
1513886446.34 13155 13943 18509 12489 4053 7333 88 28 12 96
1513886447.34 14700 15247 15028 7861 2305 8441 15 18 8 20
1513886448.35 14700 15441 12424 7888 4317 8331 15 24 8 20
1513886449.36 11452 10300 7442 5414 3078 7234 28 32 11 34
1513886450.37 9694 8700 7525 6359 6485 8815 30 42 16 34
1513886451.38 17342 12428 8350 9172 13314 16203 29 46 12 35
1513886452.39 17263 12951 8997 8203 12509 15825 25 29 11 35
1513886453.44 16849 13800 16117 20924 16685 16099 7062 3011 1499 8554
1513886454.44 19733 14308 14715 22150 19342 16666 5816 1144 567 6376
1513886455.45 21881 13879 13369 22075 19250 18039 5128 1154 572 5693
1513886456.45 24552 15400 10042 15994 16309 19751 4181 2378 1185 5362
1513886457.46 24203 15400 13408 18281 16309 18796 4231 2522 1324 5345
1513886458.47 24562 15783 14221 19123 16805 17708 3342 2762 1372 4706
1513886459.48 22853 14791 15934 20021 17210 15405 4426 3990 1989 6409
1513886460.5 19814 12623 16159 18615 13654 14883 6467 3425 1709 8171
1513886461.5 12166 11285 16979 19708 7128 5666 5089 5089 2545 7631
1513886462.5 10199 11804 16136 16040 5526 5997 4716 5879 2932 7644
1513886463.51 8177 10786 14045 12119 3628 5329 4266 4611 2304 6566
1513886464.52 3558 7132 9746 8581 2650 2567 3490 3470 1733 5220
1513886465.52 1446 4044 8006 7545 823 980 2862 3272 1627 4483
1513886466.52 930 3019 5758 4781 145 248 1220 2411 1200 2409
1513886467.52 403 1332 3629 3131 264 405 197 298 147 337
1513886468.53 193 1543 1649 1518 119 160 36 53 22 49
1513886469.53 329 663 766 1467 337 316 146 145 66 198
1513886470.54 349 975 3577 6462 3440 728 385 701 348 733
1513886471.54 366 975 2808 7097 2241 735 591 664 559 1137
1513886472.55 356 902 3173 6983 2433 483 587 1029 130 1137
1513886473.55 143 1120 5523 10981 2748 670 986 81 35 2630
1513886474.55 1078 2069 7281 11494 3171 1118 2124 2228 1114 3232
1513886475.56 1942 2686 8748 16391 3862 2052 5810 4946 2472 8277
1513886476.56 1926 3148 9673 19287 5784 1993 5750 6124 3056 8802
1513886477.57 2122 2571 9084 22674 9040 3244 6766 7064 3531 10295
1513886478.57 5817 5073 9179 23780 8314 4080 7152 7072 3533 10685
1513886479.58 6229 8542 15560 25063 10276 5833 7441 5184 2591 10026
1513886480.68 5093 6044 14316 24693 9957 3869 6349 3491 1744 8093
1513886481.68 8908 13548 22247 31133 15864 6712 8271 5134 2560 9299
1513886482.69 3302 4191 7060 13996 5723 2369 2406 2436 1216 5143
1513886483.69 5701 5872 13791 24471 11182 3482 5942 7459 3731 9672
1513886484.7 3216 6208 16525 23692 11198 3252 3108 6208 3102 6207
1513886485.7 1634 5022 17863 25027 10985 3990 2201 4400 2196 4396
1513886486.72 5400 13030 24959 23322 13799 8308 2579 6020 2570 6590
1513886487.72 6079 12367 20421 26671 14301 8138 3983 7093 3983 6517
1513886488.73 4970 8145 9340 12124 8229 5132 3037 6065 3032 6064
1513886489.73 3768 5798 6310 7165 4306 2625 2319 4639 2316 4630
1513886490.74 3039 4159 3658 3559 2670 1916 1935 3857 1925 3858
1513886491.74 7544 6512 3803 1352 1705 5356 1042 2058 1026 2064
1513886492.75 12434 8571 3282 205 3183 9214 55 86 38 86
1513886493.76 5423 5489 6066 5492 2763 3974 841 27 10 850
1513886494.76 5189 3220 8620 11989 4823 4800 2322 32 11 2327
1513886495.77 2674 3219 6408 9217 2483 3226 4767 24 11 4775
1513886496.78 1994 2835 6055 6684 2439 2651 2183 59 26 2206
1513886497.78 2090 2019 5964 7602 2018 1720 2038 64 23 2044
1513886498.78 1110 2497 5535 6624 1779 1386 1975 59 22 1986
1513886499.79 1091 2286 6369 6579 1166 951 1566 49 23 1583
1513886500.8 1088 1738 10156 12609 2935 409 1713 26 7 1713
1513886501.8 1118 1122 9863 12758 3929 820 1495 253 124 1615
1513886502.81 375 2950 12977 14383 4314 209 20 29 16 33
1513886503.82 61 2277 13615 13715 3863 63 16 23 10 25
1513886504.82 223 2104 10338 12784 5401 489 14 20 8 18
1513886505.84 2436 3522 12042 15625 8215 2710 23 32 13 34
1513886506.85 1254 2061 10040 10251 4776 1200 20 34 15 34
1513886507.86 1807 3151 10756 10525 4535 811 1497 1692 845 2343
1513886508.88 1450 3718 11175 13745 4613 948 1948 1963 979 2924
1513886509.88 2761 4880 10565 12303 5062 1335 2415 2090 1045 3461
1513886510.89 3192 7662 14214 16301 7007 1206 2388 4770 2386 4773
1513886511.9 2061 4925 10004 13630 6305 1320 2048 4088 2041 4085
1513886512.9 1939 3352 8414 12191 5536 1790 1685 3358 1677 3368
1513886513.91 2652 2487 6231 10302 5515 2908 1872 3736 1864 3734
1513886514.92 1072 1672 2195 3531 2516 1129 1064 1617 807 2060
1513886515.92 1603 1616 2087 2710 1648 1144 1016 1988 991 2007
1513886516.93 1131 99 600 2661 1327 451 1044 1991 992 2053
1513886517.93 2013 586 592 2646 1083 687 1011 1993 998 1957
1513886518.94 5085 1948 1456 2185 1236 3441 1093 1961 989 2065
1513886519.95 11079 7352 2743 1951 1236 4312 1229 2208 716 2077
1513886520.96 13748 8543 2572 1928 2036 6190 911 1727 860 1766
1513886521.96 21744 14009 4997 2378 4188 12438 1141 2273 1133 2273
1513886522.97 24220 13112 3082 1506 3257 11318 712 1360 676 1385
1513886523.98 23738 11638 1997 354 2220 9886 142 256 128 269
1513886524.98 21475 12689 3083 709 1616 7349 348 663 331 675
1513886525.99 16918 8263 1023 1041 712 4263 471 896 447 913
1513886526.99 14658 11041 3228 1993 1619 4181 907 1797 896 1802
1513886528.0 14375 9662 2340 2452 1929 4949 1155 2293 1145 2300
1513886529.0 10276 6465 5162 8665 4153 3894 2476 4590 2294 4771
1513886530.0 5442 3563 7697 12821 3045 1391 3184 6358 3177 6354
1513886531.01 2448 1499 7280 13939 2394 801 2467 4924 2457 4908
1513886532.02 788 1994 8050 14272 3104 543 2030 4042 2018 4046
1513886533.02 882 2932 11006 14612 3576 1319 2091 3534 1766 3851
1513886534.03 1985 3766 12233 15952 3191 1983 4121 5641 2814 6932
1513886535.03 3239 4983 12925 16281 1942 2067 5548 6018 3007 8555
1513886536.04 7307 7078 10965 18224 1837 2729 5057 5809 2904 7958
1513886537.05 17812 12989 11493 19046 3562 7319 4816 5678 2838 7654
1513886538.05 22976 13306 12863 19377 3588 10181 5381 7594 3791 9171
1513886539.07 21381 9818 10460 19228 4432 12485 4974 6438 3218 8188
1513886540.07 18918 8610 9396 20651 4702 9366 4791 5227 2610 7401
1513886541.08 21653 13831 14894 19921 5197 10192 5563 4209 2103 7667
1513886542.09 18329 13291 15787 18541 3455 9087 5327 4552 2274 7600
1513886543.09 11806 12048 13813 13412 5583 9327 5529 4945 2473 7999
1513886544.1 8487 10025 12209 13693 3786 3167 3650 7020 3511 7159
1513886545.11 13625 15007 16233 19024 4193 4237 4374 8734 4367 8736
1513886546.12 10457 18416 23416 25177 6204 4125 3696 5407 2703 6388
1513886547.13 8583 18781 22344 24050 5405 4546 2719 3734 1863 4578
1513886548.13 9149 19535 18689 21798 4821 4276 2345 3857 1927 4266
1513886549.14 9110 18754 16842 20405 3854 4392 1854 3640 1813 3656
1513886550.14 9483 17899 15609 18426 4628 4182 2123 4237 2111 4231
1513886551.15 10104 16235 16226 17687 4589 5140 1662 3298 1648 3306
1513886552.15 10748 16580 16288 19247 5868 5381 818 1626 826 1627
1513886553.16 10986 19911 17498 19149 4672 4313 848 1693 829 1683
1513886554.16 7338 20000 21472 17820 5154 3642 363 702 349 712
1513886555.17 6551 20311 20618 10339 2327 2580 104 187 91 192
1513886556.18 4597 17080 17200 6926 1548 1522 15 22 9 23
1513886557.18 3598 11367 13425 5378 1234 1831 23 31 15 34
1513886558.19 7214 8888 8770 3049 1545 5451 34 34 13 40
1513886559.19 12475 11653 6199 1123 1566 7190 28 28 10 36
1513886560.2 11045 9575 6100 1793 4958 10898 29 30 14 39
1513886561.21 10164 11563 9258 5214 4398 7265 21 25 8 26
1513886562.22 12236 14046 10380 6337 4095 7270 25 31 14 37
1513886563.23 10250 11575 12380 11811 6048 7433 2091 2221 1109 3193
1513886564.23 8219 11659 15989 16218 7614 7051 3524 4190 2093 5614
1513886565.25 6882 9081 13410 13549 6733 7521 4606 4018 2005 6609
1513886566.25 12327 11374 12347 12145 7401 11984 5395 3668 1833 7228
1513886567.27 10214 10292 11742 13931 7319 10364 7753 6093 3046 10802
1513886568.27 4478 6430 8245 8346 5586 6006 4485 4662 1691 6170
1513886569.28 4352 1285 3851 11214 3980 4199 7531 6828 3411 10937
1513886570.28 7197 1285 4716 15026 3980 6290 7972 7112 4601 12331
1513886571.29 20391 9157 6731 17376 6120 11129 9367 9755 5695 15559
1513886572.3 20936 11319 7924 16723 7452 13865 9867 11394 5695 15559
1513886573.32 22376 10082 11274 23027 9069 15392 13307 15118 6138 17313
1513886574.33 19862 17295 17641 32405 16894 15234 14293 10929 6874 23288
1513886575.34 20295 11847 12996 24637 6709 9521 9964 8939 3606 13567
1513886576.36 17396 12375 14030 21351 7059 10968 6104 6964 2956 9052
1513886577.36 17837 14144 11078 14466 7452 11323 5812 5908 2953 8763
1513886578.37 20164 15695 11149 12596 6074 12759 3902 4892 2346 6246
1513886579.38 16911 13571 9212 10337 5347 10452 2634 2057 1024 3649
1513886580.38 18898 15899 9469 9526 4924 8521 1928 2970 1481 3406
1513886581.39 23803 24686 16951 13638 5898 12340 2213 3251 1624 3838
1513886582.4 23344 20701 14217 10263 6993 15036 801 1594 794 1589
1513886583.4 21460 16994 13773 9465 6862 17141 810 1153 800 1599
1513886584.4 12883 9025 7194 4736 6043 12574 111 198 95 205
1513886585.41 9015 8303 6094 5980 7471 10558 1864 493 338 2199
1513886586.42 7881 3420 5685 12902 9226 9194 5139 4889 2444 7577
1513886587.43 5927 2808 5448 11320 8833 7817 4362 5169 2708 7072
1513886588.43 5958 3193 5768 12536 9051 8385 5737 5162 2579 8317
1513886589.43 5017 3036 6618 14333 9701 7215 5538 5810 2901 8437
1513886590.44 8199 5216 6508 15283 10690 7332 4819 6053 3383 8202
1513886591.44 9331 9718 12294 17937 10370 7249 4590 6650 3499 8236
1513886592.46 11053 16384 15057 18522 11469 7858 4734 7002 3499 8236
1513886593.47 6683 15811 21497 21899 10434 6359 3182 5221 2608 5791
1513886594.47 5822 15811 23283 21383 10434 5696 1960 4725 2112 2980
1513886595.48 6144 16579 24355 21200 11924 6661 1338 2949 1328 2669
1513886596.49 6912 16103 21836 15065 11308 9187 826 2204 820 1646
1513886597.49 6072 11817 15954 11529 6260 6020 765 2168 744 1506
1513886598.5 4506 4187 3512 5166 3555 2698 506 946 467 965
1513886599.5 4648 3600 2097 2146 2071 3242 452 860 425 875
1513886600.51 4648 3600 2097 2146 2071 3242 452 860 425 875
1513886601.51 1804 239 332 245 1646 3320 45 52 28 66
1513886602.52 1258 108 211 249 1273 2431 45 59 15 56
1513886603.52 877 119 194 257 1281 1986 44 49 25 71
1513886604.53 1163 136 370 451 873 1243 56 48 20 73
1513886605.54 868 496 1183 854 589 1637 30 42 20 47
1513886606.54 1627 2007 3468 745 607 1259 29 50 16 42
1513886607.55 2218 1990 7414 6647 2211 1887 22 34 13 34
1513886608.55 1001 6589 13957 8442 2733 249 19 33 11 24
1513886609.57 233 8875 16833 6779 2733 214 23 18 9 32
1513886610.57 53 3963 17567 9865 2869 91 21 22 9 28
1513886611.57 51 3742 11761 10313 3404 58 17 12 5 18
1513886612.58 595 3971 11226 11768 5198 383 20 14 10 31
1513886613.59 120 2060 7618 11358 5513 390 44 31 19 58
1513886614.6 87 1561 5497 8562 4914 115 27 35 10 35
1513886615.6 164 1387 4251 7178 3100 123 671 487 608 1325
1513886616.61 571 4431 11159 11744 2935 688 2016 1307 901 2909
1513886617.61 615 4133 10961 13231 3598 1486 3101 1612 691 3792
1513886618.62 414 4123 9005 10904 2823 1309 2903 1147 217 3116
1513886619.62 179 2733 9616 8669 2169 1241 1749 334 28 1779
1513886620.63 76 3596 12282 9830 2350 1313 1713 51 10 1178
1513886621.64 83 6229 13739 8985 669 616 1168 24 10 1178
1513886622.64 78 3524 8118 5673 556 448 741 25 8 744
1513886623.65 71 3798 8089 4515 104 460 758 24 10 770
1513886624.66 1304 4187 5937 3568 355 949 741 21 11 753
1513886625.66 2441 3901 3234 935 1071 2539 215 25 9 217
1513886626.66 2123 3750 2563 125 1071 2400 119 31 17 45
1513886627.67 2128 2513 1397 134 937 2154 30 36 17 45
1513886628.68 7180 8482 6613 2978 2797 5553 26 28 10 37
1513886629.69 11859 18422 12985 5687 3884 5608 33 38 17 45
1513886630.7 10078 17098 9577 4763 2388 5973 31 55 24 45
1513886631.7 10962 18228 13184 8007 2839 6990 21 43 13 33
1513886632.71 10957 15539 12584 7364 3740 7214 21 31 13 33
1513886633.72 10145 16486 12098 8452 4328 6771 22 39 9 38
1513886634.73 7670 15618 12133 9392 3275 6427 235 75 58 463
1513886635.73 7545 12829 10112 5723 2064 5389 130 183 65 26
1513886636.74 8095 11327 8965 5821 2202 5332 18 28 13 26
1513886637.76 2310 2860 3471 2607 85 876 785 1560 780 1567
1513886638.77 949 1934 4364 4322 548 224 1067 2114 1056 2128
1513886639.79 1733 4653 9731 9632 1931 441 623 1240 619 1242
1513886640.8 372 3660 9641 8731 1570 121 389 444 221 613
1513886641.81 446 6522 16001 12984 3698 593 1074 9 4 1076
1513886642.82 697 7570 15717 15992 5287 1730 4360 1072 1103 5462
1513886643.83 6249 8167 12077 14739 5514 2655 2691 2410 1377 4068
1513886644.84 9079 9082 14200 17109 7525 5116 2141 2448 1150 3287
1513886645.84 11244 10814 15656 16479 9193 7772 505 1390 74 581
1513886646.85 15020 10219 15139 16758 11129 12606 259 117 3 18
1513886647.86 16495 11493 13660 18100 16409 16174 97 70 89 182
1513886648.87 10586 10059 10652 11335 15985 15539 26 125 12 35
1513886649.88 7387 5136 7025 7450 9786 11633 19 34 13 34
1513886650.88 7443 4030 5689 8268 9642 11666 1302 1088 540 1837
1513886651.89 4640 3191 5619 15003 12656 10310 5571 3169 2926 8496
1513886652.89 6261 3948 8521 21883 14020 11302 11936 7467 3198 15133
1513886653.9 3370 2257 6568 26296 8624 5338 12564 4704 3486 18519
1513886654.91 3893 4006 11549 22095 8328 6827 11278 7066 2172 13451
1513886655.92 3643 3529 8925 15267 5646 7804 11696 5063 3008 14703
1513886656.92 3794 2584 4627 11264 1700 5083 11504 6434 3215 14716
1513886657.93 3221 2264 3376 8179 741 4007 10056 5447 2292 12345
1513886658.93 2263 1111 2223 5578 108 2221 6244 4650 2233 8476
1513886659.94 2362 1329 2819 6205 2754 1545 3208 3605 1403 4602
1513886660.94 1522 1342 3260 5413 2754 1567 1753 2144 853 1736
1513886661.95 2894 2710 4402 5765 1191 1180 740 1469 495 1234
1513886662.96 2759 3457 8043 14108 3778 1738 2509 1674 1639 4141
1513886663.97 5137 4668 6470 14119 3487 3060 3203 2745 1121 4319
1513886664.99 5820 4302 9799 15416 3298 3502 3566 2432 1307 4684
1513886665.99 9518 7182 12207 19890 6239 6173 4330 4154 2073 6404
1513886667.0 10123 6674 10587 21298 4432 5016 4295 4624 2785 7075
1513886668.01 12635 5914 11090 23470 5139 5850 4606 5352 2918 7523
1513886669.01 10195 5320 10264 24518 5335 4906 5251 6394 3197 8450
1513886670.02 9096 5820 9406 21640 4242 3697 6319 7102 3218 9539
1513886671.02 9633 5118 9141 21196 4242 5301 6788 6296 2401 9188
1513886672.03 9674 4793 9190 20431 6710 6626 7352 5025 2527 9877
1513886673.04 15119 6484 6380 15967 7047 9957 6720 6146 3383 10102
1513886674.04 15125 8124 7646 15084 11019 12575 5247 6451 3129 8377
1513886675.05 17295 8377 10088 13871 11934 15862 2035 5300 2164 1946
1513886676.07 23666 12837 12070 15248 15886 17711 958 2046 945 1898
1513886677.07 26782 15263 11588 11998 16254 20647 1120 2229 1109 2222
1513886678.07 28189 15079 12283 13003 16218 21996 849 2098 846 1692
1513886679.08 23868 16999 11556 9318 13772 19562 1030 2007 1021 2051
1513886680.09 20862 16659 9577 6237 7578 14745 1873 2439 1833 3706
1513886681.09 13215 12473 6604 7190 6622 11387 3194 4592 2701 5896
1513886682.09 9558 7981 7467 10949 5830 6867 5753 5291 2644 8395
1513886683.12 9558 7981 7467 10949 5830 6867 5753 5291 2644 8395
1513886684.12 16639 8424 8587 17670 7915 11924 7218 3457 1768 8901
1513886685.13 16810 8514 9632 19818 11595 13704 6112 4058 2027 8135
1513886686.14 20680 11282 10969 21228 7977 11789 5445 3525 1757 7207
1513886687.16 22055 12594 11538 21288 6786 10378 5489 3726 1862 7355
1513886688.16 19823 12710 11811 20149 7396 10881 5327 1420 705 6031
1513886689.18 14286 9487 9713 15881 8720 10447 3128 2023 1006 4132
1513886690.19 15799 10678 13347 19542 8329 13087 7052 3959 1976 9031
1513886691.2 18233 9662 11293 17601 6850 12433 4743 2943 1472 6212
1513886692.21 21949 8340 10661 19468 9945 16275 4763 5985 2988 7752
1513886693.23 21659 9552 11051 18631 9351 15674 3611 4310 2156 5767
1513886694.25 22045 9054 8977 17285 10633 17196 1573 2103 1053 2627
1513886695.27 23643 9132 7603 14213 11135 21025 1746 1658 828 2576
1513886696.28 24014 8874 5090 13305 12808 20371 1255 1870 935 2192
1513886697.29 20793 7903 4546 11999 10872 16742 1371 1710 855 2224
1513886698.31 22636 9939 7232 13622 18187 22223 1659 1734 867 2529
1513886699.32 21135 11816 8249 10107 15689 22142 1187 2365 1182 2369
1513886700.32 20490 11722 5996 8933 12812 19394 2011 4024 2010 4022
1513886701.34 19255 13291 10177 11647 10590 16363 2604 4575 2287 4889
1513886702.35 20287 14221 12614 14665 9666 16867 4095 4820 2408 6499
1513886703.37 19673 14663 11167 10955 10944 18397 2603 1403 702 3309
1513886704.39 18358 13710 10103 9114 9060 16698 2564 1412 707 3269
1513886705.4 19821 13707 9862 10787 9282 15845 2910 2763 1380 4287
1513886706.41 15443 12163 10003 13160 8728 12235 5347 3109 1555 6901
1513886707.42 11950 13102 17483 18848 9427 9125 5285 4668 2335 7618
1513886708.43 5399 4617 7845 15198 10271 8781 7132 3556 1779 8907
1513886709.44 6685 4666 9003 20545 15328 13760 11001 6091 3044 14044
1513886710.45 7414 9879 20935 41075 23159 16370 18486 9167 4582 23065
1513886711.46 2532 3782 11726 24204 14811 8436 8655 4646 2327 10966
1513886712.48 3114 8199 18415 23394 14590 8332 5494 3393 1685 7190
1513886713.49 6718 9459 20265 24546 14320 9017 4086 2321 1159 5244
1513886714.52 5101 5815 22368 26646 12135 5937 3082 1256 625 3700
1513886715.53 5059 9940 26988 27181 14234 7219 2055 1101 548 2602
1513886716.54 5292 8244 26822 26977 12773 4983 1219 1294 641 1853
1513886717.56 6330 9737 24925 24666 14193 6753 1041 1074 534 1570
1513886718.58 6092 9321 20758 22145 11653 5220 881 1580 789 1670
1513886719.59 5947 10288 18569 19684 7395 2634 1853 761 379 2231
1513886720.61 6693 13560 21681 20892 9106 4000 1939 1146 574 2513
1513886721.61 15134 17263 24152 22283 9070 8017 3286 1724 574 4039
1513886722.62 14768 17682 24217 22763 11456 11251 3472 1151 574 4039
1513886723.62 17904 12645 16612 19936 13369 14239 3001 2767 1379 4378
1513886724.64 22217 14427 15492 16419 13264 15261 339 1933 299 636
1513886725.64 20847 13720 13837 16966 12927 15949 2735 332 6 2740
1513886726.69 14215 11934 11626 16512 12927 15428 4401 18 6 4408
1513886727.69 13884 7962 10081 19154 14804 16861 6404 10 5 6413
1513886728.69 10353 5727 8307 18793 17532 16890 5080 16 5 5080
1513886729.69 10774 4732 6611 19335 17474 15072 5186 1105 550 5731
1513886730.69 11510 6292 10080 23758 17175 14518 9428 4651 2323 11748
1513886731.69 5795 4974 11118 23376 15045 8859 8857 6308 3153 12008
1513886732.69 3211 4735 11692 24264 15377 6300 7247 5851 2921 10161
1513886733.7 3379 3935 12095 23114 14313 5948 5478 4454 2226 7706
1513886734.7 7142 3935 12260 25348 14313 8438 5258 3932 2215 8165
1513886735.71 11669 6776 10953 24007 12896 8954 5795 5031 2438 7658
1513886736.72 18938 8757 11403 22454 9472 10689 4823 4473 2634 7454
1513886737.72 18779 11699 13486 20521 7887 10344 3214 4066 2036 5246
1513886738.72 17836 12416 13561 19159 7516 9244 2064 3643 1821 3886
1513886739.73 14667 10751 13733 16729 8316 10336 1099 3583 1095 2194
1513886740.74 20199 12646 13039 16928 14359 17330 1255 2024 1228 2483
1513886741.74 16481 10861 12955 14936 11568 14924 2872 2501 1369 4238
1513886742.75 12795 11352 11800 14295 11568 12607 3492 3448 1671 5164
1513886743.75 10412 9777 10604 13963 8186 9976 6722 5113 3529 10249
1513886744.76 12184 7639 8966 13963 6590 9672 6722 7057 3529 10249
1513886745.77 8639 5994 9954 18259 10343 8506 5940 4605 2301 8237
1513886746.77 6325 2908 8176 18354 10806 9326 5863 3323 1661 7523
1513886747.78 11985 6673 8091 17147 10806 10178 4990 2995 1215 6200
1513886748.78 13036 7403 8032 18713 15101 14212 6790 3823 1907 8700
1513886749.79 13036 7403 8032 18713 15101 14212 6790 3823 1907 8700
1513886750.8 20357 11776 11840 23519 15539 16478 7282 4228 2455 9734
1513886751.8 26218 16731 12529 21401 13687 18391 6334 4355 1186 7519
1513886752.81 21680 17508 14480 20327 14623 16032 4709 2208 1784 6495
1513886753.82 17922 15684 14372 19449 15926 14804 3627 3399 772 4397
1513886754.82 14790 13235 14885 19679 15286 14871 3646 1363 272 3915
1513886755.83 8303 7415 11757 18374 12505 8683 2621 363 42 2661
1513886756.84 8644 8853 11377 21120 9896 9818 8711 2853 3112 11819
1513886757.85 8008 6075 10076 24013 7200 7234 13850 6646 3978 17816
1513886758.85 6864 5697 9625 24428 3856 3550 13804 10175 5086 18887
1513886759.86 5047 2729 5645 24260 2127 2474 12082 8614 4306 16383
1513886760.86 3231 2270 6579 24805 3825 1668 10182 8627 4761 14943
1513886761.87 2723 415 5987 21612 3825 1968 9200 9676 4385 12785
1513886762.88 3493 1229 5322 15760 3660 2735 5891 7151 2825 8723
1513886763.88 1129 426 3171 9417 3888 2696 3577 3533 1763 5338
1513886764.9 1129 426 3171 9417 3888 2696 3577 3533 1763 5338
1513886765.91 1745 704 1614 5933 4742 4189 3223 2219 1105 4326
1513886766.93 1552 920 703 3168 3835 1877 1632 593 294 1924
1513886767.94 2034 1548 1401 2303 3320 1833 247 322 140 426
1513886768.94 1271 1342 1632 2565 3586 1179 289 140 48 439
1513886769.96 1750 1619 2072 3013 3586 1493 369 7 4 373
1513886770.96 1818 2131 4603 4568 3850 2364 335 57 58 145
1513886771.97 1457 3522 7449 4523 4283 1203 73 188 94 85
1513886772.98 545 1936 8988 4858 2371 687 35 35 10 34
1513886773.99 1319 3640 10199 5098 3190 1352 16 12 2 14
1513886774.99 917 4883 10396 3873 1617 906 57 104 52 106
1513886776.0 1198 5108 9561 7497 1465 146 44 23 10 111
1513886777.0 1244 6898 11481 7741 2077 111 80 140 69 144
1513886778.0 2950 12521 16390 9448 2979 187 245 473 237 479
1513886779.0 1463 8375 16859 11914 3285 257 228 426 211 436
1513886780.01 1186 7414 18679 13597 3557 81 217 412 204 413
1513886781.01 922 6550 18500 12751 2863 66 260 507 252 511
1513886782.02 811 7747 18690 15387 4372 88 503 1151 574 931
1513886783.03 1905 3617 15341 15362 5578 3295 148 135 68 352
1513886784.04 2184 3691 10244 9422 5311 4850 236 309 153 384
1513886785.07 2216 2108 5155 3757 3280 4896 30 36 17 42
1513886786.08 2094 1684 3412 2309 3007 4582 31 43 22 44
1513886787.1 8987 8139 6615 3800 3115 7049 695 1377 683 1372
1513886788.1 12930 13712 11511 10788 5146 7691 3707 3101 2261 7551
1513886789.11 14629 13969 11562 12538 6305 8637 5308 4527 2261 7551
1513886790.12 11137 11427 11884 19492 7544 7885 7756 4915 2456 10203
1513886791.15 11826 9588 11553 19492 7919 7874 7756 4911 2456 10203
1513886792.16 11172 9694 11716 23171 6815 4404 8423 7084 3574 12512
1513886793.16 12626 10174 15026 26771 9303 5497 9408 12190 6092 15498
1513886794.17 12602 10174 14454 24610 9303 5215 7327 10021 4392 11794
1513886795.18 9561 6545 11052 20629 9474 5676 7381 9091 4700 11729
1513886796.19 11156 8017 10171 19933 8060 5447 7460 8541 4271 11729
1513886797.21 17991 11141 9997 22966 8291 9145 11184 12849 6423 17602
1513886798.22 19191 10662 7116 17456 6792 9790 7637 9561 4782 12416
1513886799.24 19396 10631 7680 20415 7897 8833 8611 11509 5755 14366
1513886800.25 14859 9756 9950 21590 11398 7699 5263 9408 5256 10514
1513886801.27 14689 12664 13155 20457 8390 5714 5258 10512 5256 10514
1513886802.31 19353 19915 20034 22836 12878 9614 3834 7648 3821 7653
1513886803.31 19960 21127 21772 18692 13049 10656 900 1785 894 1793
1513886804.32 17742 20437 18960 17094 13562 10192 370 728 363 732
1513886805.34 17499 20091 18433 20268 16180 12377 850 1692 845 1694
1513886806.34 16660 17473 15460 17094 14214 11585 249 491 247 496
1513886807.35 16315 17473 16047 17382 14214 11382 138 619 370 383
1513886808.37 18639 18351 20528 14385 10043 8612 269 510 252 514
1513886809.38 20384 22633 24236 12482 7307 7536 433 842 418 843
1513886810.38 22024 21468 26911 16711 8774 8432 520 1029 513 1033
1513886811.38 19826 20112 24734 16365 6684 6503 1226 2434 1216 2437
1513886812.41 19826 20112 24734 16365 6684 6503 1226 2434 1216 2437
1513886813.41 19650 15237 22388 15278 7337 5980 904 2192 893 1793
1513886814.43 19708 17290 24702 15612 5353 6797 902 1788 893 1793
1513886815.46 16283 17168 27210 20084 5242 2503 2623 3170 2210 5295
1513886816.47 13791 11490 20636 23632 9618 6346 2154 2879 1440 3587
1513886817.48 10494 8119 16146 20796 10999 7228 2563 2552 1275 3837
1513886818.49 7833 6171 14548 23629 14126 7539 2798 2738 1370 4163
1513886819.49 8151 4971 9999 17310 12786 10126 3710 1471 734 4442
1513886820.51 5171 4922 9282 13057 7542 8945 5509 1655 825 6326
1513886821.51 3330 2563 6727 13571 8744 8034 5261 1829 913 6174
1513886822.51 2499 2194 5603 12889 9502 6459 4868 2163 1083 5949
1513886823.52 1484 2084 5794 13218 9502 4561 4759 1822 889 5568
1513886824.53 1347 2192 6069 13198 8660 4311 3170 1638 752 3921
1513886825.54 1021 1270 3904 9276 9605 4738 1715 1150 9 1724
1513886826.55 1300 1004 3436 8021 6804 4454 1278 18 8 800
1513886827.56 2810 1865 5931 13725 14371 7609 25 24 11 35
1513886828.56 4403 2328 4761 12256 14371 8737 29 22 9 36
1513886829.57 4093 1628 2445 7908 12234 9122 25 22 14 37
1513886830.58 4825 1147 1604 5825 9644 8151 40 31 16 57
1513886831.58 4196 881 202 1922 6157 7410 28 33 14 40
1513886832.59 4868 1621 102 585 5226 7376 26 26 10 30
1513886833.59 3127 1621 105 588 5226 5460 19 25 9 23
1513886834.6 411 84 121 481 3189 2565 33 21 8 39
1513886835.6 618 334 813 2703 3011 1127 31 32 15 42
1513886836.61 833 412 2135 5200 4695 2011 40 30 19 53
1513886837.61 216 704 1531 3954 4695 1761 34 35 11 38
1513886838.62 2120 810 2465 3384 3152 3567 24 31 16 34
1513886839.62 1882 827 3346 7441 8905 7361 2036 871 915 2945
1513886840.63 2720 1265 3605 7333 7813 6697 2036 1836 915 2945
1513886841.65 3309 1951 9297 24109 16641 5874 4776 6156 3075 7848
1513886842.66 4416 3671 10293 23462 16682 7961 3628 4614 2307 5934
1513886843.69 9002 8328 10703 20741 16862 10875 2715 4837 2420 5135
1513886844.7 9364 10818 12837 22506 15479 10436 3374 5622 2809 6180
1513886845.72 8649 12320 13510 24565 13471 8321 3069 4265 2138 5209
1513886846.74 16393 19380 22802 25096 12525 13007 5508 7560 3780 9284
1513886847.74 15666 17846 21481 26155 13423 14035 8047 8854 4790 12835
1513886848.75 13932 11288 19117 29347 15631 13348 9049 10845 5424 14467
1513886849.75 10467 10220 18797 25869 15631 10719 5649 8801 3711 9364
1513886850.77 8439 9545 16641 24956 13693 8563 5649 7426 3711 9364
1513886851.78 8876 11893 19123 21128 9765 6503 4023 5785 2894 6916
1513886852.8 6746 9989 15879 17103 6332 3236 2105 2914 1456 3557
1513886853.8 3441 4348 13397 16916 7118 2305 911 2621 896 1805
1513886854.81 2097 3873 10280 10751 5063 2239 70 1220 51 119
1513886855.82 1458 2388 7615 9554 4972 2056 29 69 15 40
1513886856.82 1407 2177 6451 7010 3346 2021 26 29 16 35
1513886857.83 1191 2223 5491 5522 2956 1772 33 37 16 46
1513886858.85 490 1661 8470 12243 2915 1040 1942 823 1220 4125
1513886859.85 904 3979 10510 14497 4110 1316 3493 2633 1473 5365
1513886860.87 1069 3040 10478 15466 4592 1164 3898 2949 1473 5365
1513886861.87 1610 2915 7619 11724 2298 1488 5769 3757 2174 7944
1513886862.88 1744 1798 9486 14343 2299 1578 5373 3981 1803 7550
1513886863.88 2728 8388 21729 20292 6178 4209 4182 3394 1692 5870
1513886864.89 2728 8388 21729 20292 6178 4209 4182 3394 1692 5870
1513886865.91 2827 8934 21768 20526 7393 4520 2523 1964 981 3500
1513886866.92 3031 7025 18326 18165 7645 4906 2418 1925 963 3378
1513886867.94 3893 5123 21203 21942 9746 5155 4224 3449 1726 5950
1513886868.96 1940 6145 21790 25426 11136 4778 4275 3324 1657 5925
1513886869.97 5502 5090 22460 27880 11440 5547 3449 2594 1293 4738
1513886870.98 8556 9687 26713 30931 14910 6682 4339 4253 2124 6457
1513886871.99 10965 10920 25288 29158 16732 8097 4191 4954 2476 6660
1513886873.0 14525 16929 19869 22004 14808 11413 3066 5354 3052 6111
1513886874.0 14987 17446 15577 15594 12985 10832 1305 5760 1298 2603
1513886875.01 18597 14742 13992 13063 7623 11808 1387 2769 1379 2768
1513886876.02 18763 15152 13947 12886 7531 12178 1393 2759 1379 2768
1513886877.03 22835 15359 15331 18686 9380 11937 4343 8377 4190 8532
1513886878.04 14644 12253 10646 11823 10339 11669 1308 4222 1277 2577
1513886879.05 13330 11662 10445 10982 10358 12201 1308 2563 1277 2577
1513886880.07 12481 9623 9111 11800 10837 11735 1905 3799 1899 3805
1513886881.08 13539 10001 8005 8269 6789 11921 1597 3229 1530 2954
1513886882.1 16237 10693 7249 7729 7745 13469 1430 2849 1422 2846
1513886883.1 16233 10080 6534 7691 8495 15128 1281 2554 1275 2554
1513886884.12 14965 9736 11916 17006 7449 12696 6210 4414 2585 10780
1513886885.13 13859 9415 13212 18837 9220 13628 8203 5178 2585 10780
1513886886.14 11844 10442 15777 19824 9835 13750 7916 3696 1846 9759
1513886887.16 12250 12121 17482 20437 12029 13954 6681 3501 1750 8428
1513886888.18 11756 21402 30949 29335 11757 11346 8789 6264 3128 11905
1513886889.2 14932 15186 18542 19569 9605 12273 5007 5100 2549 7552
1513886890.22 16777 13496 19608 21237 11112 15604 2813 3988 1992 4804
1513886891.22 13363 9136 18027 21699 12785 15839 2251 2943 1402 3788
1513886892.23 12184 10796 17966 20915 13003 15972 2456 1447 722 3177
1513886893.23 11492 9504 15708 16536 13281 13833 445 516 255 694
1513886894.23 6661 6545 14868 16529 11129 9978 262 281 142 403
1513886895.24 6975 5189 10842 14084 9647 8796 1838 3176 1588 3429
1513886896.25 9159 6640 13193 20708 11413 8587 5640 8135 4067 9707
1513886897.27 8331 7555 13915 23151 10638 7130 8375 10160 5081 13455
1513886898.28 7218 7727 15759 22585 9643 6603 7766 10379 5188 12951
1513886899.29 6291 7588 16281 18613 5864 5429 6543 8525 4259 10795
1513886900.31 4429 6652 14912 18202 5253 2769 5827 7959 3980 9804
1513886901.32 8460 10715 15719 17456 3633 4288 5994 7885 3943 9936
1513886902.33 11131 14739 16800 17980 3820 5977 4974 6962 3477 8454
1513886903.34 15146 18383 16282 16223 3553 8517 4158 7913 3955 8108
1513886904.35 13052 16357 14612 18234 9849 11626 3133 5359 2678 5812
1513886905.37 14865 14341 14536 17222 11615 14116 2687 1893 944 3628
1513886906.38 17122 16799 16136 19320 13338 14347 2224 2297 1145 3366
1513886907.4 22294 20432 16914 16966 13637 18763 2565 1460 730 3291
1513886908.41 21279 17779 15403 15618 14325 18567 1892 1357 676 2567
1513886909.42 16088 13369 12714 15026 12116 15256 3533 1607 804 4330
1513886910.42 14724 11281 8844 11359 10407 14648 4754 2224 1110 5867
1513886911.42 13396 11393 6349 6028 9385 13209 1491 392 196 1686
1513886912.43 13115 14693 14331 12556 9665 10902 2504 2522 1259 3761
1513886913.44 9830 12325 14468 15965 10625 8764 3724 1951 973 4696
1513886914.44 5366 5997 11835 20232 13445 9259 6430 2379 1188 7611
1513886915.45 5317 6865 12931 19383 12649 8725 5479 2301 1149 6624
1513886916.46 17062 15696 13422 19370 12912 12687 5822 3432 1713 7535
1513886917.47 19523 19232 13618 19557 13311 14302 5121 1605 802 5916
1513886918.47 17525 21215 17793 21464 11421 11635 4665 2859 1427 6091
1513886919.48 16743 21501 19005 22699 10935 10161 6424 4123 2065 8476
1513886920.49 14918 22002 19481 24262 9639 9643 7836 3704 1845 9684
1513886921.51 13637 20535 17902 24147 9029 8186 8414 3798 1898 10304
1513886922.53 13866 20300 21715 25887 9176 10335 8028 4588 2295 10327
1513886923.55 18240 16038 19932 22594 10324 16365 7862 5373 2685 10545
1513886924.56 20032 12433 15184 21302 11601 19968 8208 6206 3101 11304
1513886925.57 17503 13272 16193 19867 9129 14483 7866 7839 3919 11777
1513886926.58 17103 11690 13216 19552 8509 14243 9243 7187 3592 12834
1513886927.61 11319 8977 11206 12655 7148 10975 4502 4031 2014 6510
1513886928.62 10932 8791 12009 8947 5038 9856 1413 2792 1393 2802
1513886929.62 17465 9522 9461 8955 6476 14308 1681 3338 1669 3349
1513886930.62 24688 14789 8354 5628 7547 19480 1564 3090 1543 3101
1513886931.62 24688 14789 8354 5628 7547 19480 1564 3090 1543 3101
1513886932.64 24143 15031 9524 6798 5744 17340 2155 4271 2134 4293
1513886933.65 25779 15320 8955 5551 5797 18550 1879 3744 1869 3750
1513886934.65 23615 13329 6243 3731 6370 19368 1452 2870 1433 2886
1513886935.66 25574 17689 6965 2949 5498 17090 1162 2314 1156 2318
1513886936.66 22457 12943 3233 2251 4390 13995 1072 2127 1060 2135
1513886937.67 27130 13520 3452 2055 3835 14200 1244 1513 755 2000
1513886938.67 23950 14143 3387 2848 4224 15229 2447 1935 968 3414
1513886939.68 18457 13693 6499 7475 3713 10346 5146 4938 2467 7612
1513886940.68 16376 12817 6622 8641 4493 9683 5652 5887 2942 8596
1513886941.7 17918 12806 4998 6948 4843 10971 5546 6038 3017 8561
1513886942.71 17814 11556 5446 6826 5146 12423 5032 5946 2972 8002
1513886943.73 21027 15880 6963 5786 5182 13596 4295 4962 2476 6768
1513886944.74 22660 18564 7264 5321 5983 15634 2555 3648 1463 4015
1513886945.75 37764 29101 11698 7190 5765 18028 3433 2946 1826 5250
1513886946.77 37612 18736 7396 3295 5579 20339 1420 1768 882 2304
1513886947.79 31512 19544 6674 2746 6842 18911 791 1552 773 1565
1513886948.8 31195 19419 5669 1856 5700 18052 771 1511 754 1523
1513886949.82 28996 19756 6046 1170 6087 19016 497 964 478 972
1513886950.83 24129 17848 5488 973 6017 16076 107 14 3 104
1513886951.85 21871 13140 4942 8957 6068 12224 3905 1398 695 4592
1513886952.86 23180 11089 5976 12597 7506 12208 4513 2410 1205 5718
1513886953.87 22508 11288 7884 16904 9099 14430 7108 2862 1428 8536
1513886954.88 15012 9502 10041 15582 8169 11125 5183 2764 1380 6560
1513886955.9 10863 10494 10656 13217 8599 10879 5199 1764 878 6069
1513886956.9 9206 7949 7980 12536 6660 8075 5115 1640 817 5930
1513886957.91 9516 7656 7534 10324 8559 10443 4312 1539 516 4824
1513886958.93 9369 6906 6786 10324 8017 10759 4312 1037 516 4824
1513886959.93 10588 6947 6500 8553 7877 12481 2541 989 558 3082
1513886960.94 10829 7183 6361 8162 7751 10916 2447 2538 1579 3172
1513886961.95 12523 8849 6725 7025 5332 8698 1599 3172 1579 3172
1513886962.96 17023 14047 4728 1963 2820 8053 544 1169 537 1080
1513886963.97 16879 15836 6188 1963 2882 8243 544 1078 537 1080
1513886964.98 21281 18342 6169 2892 3688 10017 1132 2225 1111 2243
1513886965.99 22072 18564 6079 2786 3405 9345 1363 2867 1348 2712
1513886966.99 16967 15046 5595 2608 2764 7591 1280 2742 1385 2537
1513886968.0 16226 13201 4757 2604 2450 7414 1287 2513 1253 2537
1513886969.01 15551 12872 7480 8536 4715 9441 3778 2359 1368 5143
1513886970.02 15630 13978 10207 15256 5857 7909 7399 3414 2357 9750
1513886971.05 17785 14473 9845 18040 5737 7625 8056 4700 2339 11964
1513886972.05 18570 10948 8405 18466 7367 9501 8881 5682 2838 11715
1513886973.06 17881 10178 9308 19001 10842 13334 9976 6931 3463 13435
1513886974.06 17341 10471 7809 16439 8832 12990 8283 4990 2493 10774
1513886975.06 17218 10110 7461 11577 8156 13123 5303 4640 1839 7137
1513886976.08 16868 10541 7028 11577 7652 12532 5303 3680 1839 7137
1513886977.1 14458 9881 5175 8946 6782 10177 3322 4122 2059 5379
1513886978.1 13725 12347 3959 2874 4935 10233 970 1151 611 1575
1513886979.11 13642 13654 6388 1072 3450 8674 297 1046 11 35
1513886980.13 13440 13155 6149 622 2525 8219 26 23 11 35
1513886981.14 12945 10087 4182 1141 1785 7496 467 905 451 915
1513886982.15 16003 9900 5399 4334 3182 10402 1821 3555 1776 3594
1513886983.17 17792 14642 11813 8728 4347 9901 1993 3969 1984 3973
1513886984.18 15630 12554 17735 12922 5564 9035 1803 3259 1627 3426
1513886985.19 16771 14063 22367 17653 6405 8863 3386 3415 1707 5092
1513886986.2 14282 11471 21294 17704 4905 5538 2647 3320 1660 4307
1513886987.21 15440 13241 16595 16796 6714 6691 3485 3687 1842 5324
1513886988.23 16250 14274 16814 17247 7656 8554 2880 4043 2020 4897
1513886989.24 13664 9770 13097 14701 8237 10972 2367 2280 1139 3503
1513886990.25 15057 13790 17075 16272 8604 10131 636 1246 620 1250
1513886991.25 14638 11815 15384 14279 9179 11338 35 63 31 67
1513886992.26 12425 9549 11597 13121 9582 10877 81 134 67 148
1513886993.26 11238 9474 14625 16927 10968 10432 1622 3236 1616 3236
1513886994.26 11033 9474 14627 16123 10968 9585 897 2573 886 1771
1513886995.27 10367 9474 14627 16123 11565 10099 894 1769 886 1770
1513886996.27 10367 9474 14627 16123 11565 10099 894 1769 886 1770
1513886997.27 10367 9474 14627 16123 11565 10099 894 1769 886 1770
1513886998.27 10367 9474 14627 16123 11565 10099 894 1769 886 1770
1513886999.28 10367 9474 14627 16123 11565 10099 894 1769 886 1770
1513887000.28 10367 9474 14627 16123 11565 10099 894 1769 886 1770
1513887001.3 10367 9474 14627 16123 11565 10099 894 1769 886 1770
