1513884517.91 33441 23367 22352 27838 36166 38004 3 4247 4241 4, 0 1 0 0 0 0 0 0 0 0
1513884518.91 35920 26381 25926 29857 35983 37069 5 4275 4272 7, 0 1 0 0 0 0 0 0 0 0
1513884519.91 34106 25689 26182 27378 30682 34781 2 4399 4396 5, 0 1 0 0 0 0 0 0 0 0
1513884520.91 33325 25587 28114 27223 31078 36359 3 4064 4061 4, 0 1 0 0 0 0 0 0 0 0
1513884521.91 32207 20457 27458 25651 27927 33728 3 7169 7167 6, 0 1 0 0 0 0 0 0 0 0
1513884522.91 31524 21240 21528 27576 32635 35375 8 3138 3134 7, 0 1 0 0 0 0 0 0 0 0
1513884523.91 33520 25318 25125 35970 53388 50516 4 2795 2338 5, 0 1 0 0 0 0 0 0 0 0
1513884524.91 56200 31091 24397 31639 34802 51197 2 1678 2124 5, 0 1 0 0 0 0 0 0 0 0
1513884525.92 40390 25810 20922 25565 35191 42922 2 2249 2246 2, 0 1 0 0 0 0 0 0 0 0
1513884526.92 37342 24107 21311 25914 34936 39722 1 2447 2445 5, 0 1 0 0 0 0 0 0 0 0
1513884527.92 37204 24043 20741 25805 34403 40448 1 1211 1211 3, 0 1 0 0 0 0 0 0 0 0
1513884528.92 38041 26502 23742 25603 29510 36386 2 2265 2263 3, 0 1 0 0 0 0 0 0 0 0
1513884529.92 38897 25331 23520 25080 31074 38324 6 2130 2124 8, 0 1 0 0 0 0 0 0 0 0
1513884530.92 36506 25425 24183 26577 33420 38182 2 2878 2874 4, 0 1 0 0 0 0 0 0 0 0
1513884531.92 35411 21990 23773 29926 34648 38475 4 3714 3710 5, 0 1 0 0 0 0 0 0 0 0
1513884532.93 33728 22900 23285 29680 32391 36005 8 2801 2793 8, 0 1 0 0 0 0 0 0 0 0
1513884533.93 34974 24226 23382 28046 32983 38223 5 2802 2797 7, 0 1 0 0 0 0 0 0 0 0
1513884534.93 31565 23835 24166 31320 32429 34838 6 3235 3230 5, 0 1 0 0 0 0 0 0 0 0
1513884535.93 28979 21020 27812 35804 35185 35149 7 2517 2512 8, 0 1 0 0 0 0 0 0 0 0
1513884536.93 30198 22967 26323 34110 33705 32060 1 2531 2528 3, 0 1 0 0 0 0 0 0 0 0
1513884537.93 30174 26324 29339 35252 34573 31113 2 3939 3939 2, 0 1 0 0 0 0 0 0 0 0
1513884538.93 31701 23827 30016 33941 34996 33353 3 4462 4459 5, 0 1 0 0 0 0 0 0 0 0
1513884539.93 31475 19885 27669 32533 36918 36814 5 4983 4977 7, 0 1 0 0 0 0 0 0 0 0
1513884540.94 26837 18690 27522 34690 39031 36108 4 2465 2460 6, 0 1 0 0 0 0 0 0 0 0
1513884541.94 29339 22257 24944 29998 37525 36701 2 1450 1449 5, 0 1 0 0 0 0 0 0 0 0
1513884542.94 33920 24016 25310 30971 39754 40190 2 1584 1580 4, 0 1 0 0 0 0 0 0 0 0
1513884543.95 32152 20613 20584 28355 35395 39343 8 1012 1005 4, 0 1 0 0 0 0 0 0 0 0
1513884544.95 30616 19808 21634 26619 31246 34956 7 2258 2251 7, 0 1 0 0 0 0 0 0 0 0
1513884545.95 33359 20238 20921 26938 32779 39484 7 4564 4558 13, 0 1 0 0 0 0 0 0 0 0
1513884546.95 32569 21687 21992 28861 31581 33942 8 4905 4895 9, 0 1 0 0 0 0 0 0 0 0
1513884547.95 34709 20464 21801 26638 30827 34404 4 4509 4504 7, 0 1 0 0 0 0 0 0 0 0
1513884548.95 35098 20854 18025 25785 30639 34826 9 3693 3686 14, 0 1 0 0 0 0 0 0 0 0
1513884549.95 35539 21418 17374 26822 35481 37038 5 2955 2950 7, 0 1 0 0 0 0 0 0 0 0
1513884550.95 34922 20899 16965 26715 34723 34910 7 3546 3537 8, 0 1 0 0 0 0 0 0 0 0
1513884551.95 31789 17592 12647 23556 28618 30289 8 3932 3923 14, 0 1 0 0 0 0 0 0 0 0
1513884552.95 33802 21709 12925 23985 32433 33257 6 3464 3459 12, 0 1 0 0 0 0 0 0 0 0
1513884553.96 36302 22398 11746 24995 34285 35726 11 4507 4496 10, 0 1 0 0 0 0 0 0 0 0
1513884554.96 39067 20689 11350 22809 33975 39414 6 4757 4748 12, 0 1 0 0 0 0 0 0 0 0
1513884555.96 34747 20417 12358 25137 32447 36205 8 3936 3934 14, 0 1 0 0 0 0 0 0 0 0
1513884556.96 38796 21944 12159 25600 36142 38850 4 4598 4591 6, 0 1 0 0 0 0 0 0 0 0
1513884557.96 37919 21871 13551 25953 33922 39045 4 4080 4075 7, 0 1 0 0 0 0 0 0 0 0
1513884558.96 40344 24379 14354 28138 35390 40392 4 5059 5052 6, 0 1 0 0 0 0 0 0 0 0
1513884559.96 41455 24914 13120 25503 30620 41944 7 4274 4270 10, 0 1 0 0 0 0 0 0 0 0
1513884560.96 41678 20762 10414 23936 34508 48039 2 2968 2965 5, 0 1 0 0 0 0 0 0 0 0
1513884561.96 40979 19618 10110 24039 36020 49175 3 1282 1279 5, 0 1 0 0 0 0 0 0 0 0
1513884562.97 34252 18254 13908 21441 32690 41625 3 3857 3854 4, 0 1 0 0 0 0 0 0 0 0
1513884563.97 32519 15507 15070 23079 34154 38109 7 6755 6750 9, 0 1 0 0 0 0 0 0 0 0
1513884564.97 34137 15684 12080 21043 32282 39780 4 4898 4894 6, 0 1 0 0 0 0 0 0 0 0
1513884565.97 37590 16652 13033 21947 34237 45893 5 3895 3909 6, 0 1 0 0 0 0 0 0 0 0
1513884566.97 37138 17363 17146 25701 36049 46058 4 3890 3867 3, 0 1 0 0 0 0 0 0 0 0
1513884567.98 36556 17363 17199 26559 32456 41098 5 2379 1705 9, 0 1 0 0 0 0 0 0 0 0
1513884568.99 33598 18341 17613 26562 32456 41098 5 1707 1705 9, 0 1 0 0 0 0 0 0 0 0
1513884570.0 35687 20452 19531 24724 34375 42141 4 2864 2861 8, 0 1 0 0 0 0 0 0 0 0
1513884571.02 37167 20452 18753 23590 30243 43712 4 3584 3520 6, 0 1 0 0 0 0 0 0 0 0
1513884572.02 36816 22061 19585 21968 27516 40430 3 3066 3065 5, 0 1 0 0 0 0 0 0 0 0
1513884573.02 39061 20761 15996 22483 29067 42674 4 2358 2355 7, 0 1 0 0 0 0 0 0 0 0
1513884574.02 33579 21378 22098 29030 34882 39272 2 1728 1726 4, 0 1 0 0 0 0 0 0 0 0
1513884575.03 34348 21378 22097 30870 35949 40860 4 1511 1971 6, 0 1 0 0 0 0 0 0 0 0
1513884576.03 32177 20844 20612 30421 37791 40572 5 1698 883 6, 0 1 0 0 0 0 0 0 0 0
1513884577.04 31200 19106 19521 30404 37791 40572 5 829 825 8, 0 1 0 0 0 0 0 0 0 0
1513884578.07 32271 19121 16560 25160 36644 41973 4 1314 1585 5, 0 1 0 0 0 0 0 0 0 0
1513884579.08 31163 20967 18161 27632 36276 38010 3 2084 2195 7, 0 1 0 0 0 0 0 0 0 0
1513884580.08 30883 23411 27554 30535 34510 37166 4 1736 1732 9, 0 1 0 0 0 0 0 0 0 0
1513884581.08 32159 24716 26905 28657 28995 34473 8 1386 1379 6, 0 1 0 0 0 0 0 0 0 0
1513884582.1 32130 24716 26905 28043 26940 34312 5 2426 1412 6, 0 1 0 0 0 0 0 0 0 0
1513884583.1 35820 23810 26568 28548 26045 33337 7 1229 1224 12, 0 1 0 0 0 0 0 0 0 0
1513884584.1 35547 25308 28142 28423 27142 32877 10 748 742 13, 0 1 0 0 0 0 0 0 0 0
1513884585.11 35266 25308 28139 28377 28040 34086 4 927 871 7, 0 1 0 0 0 0 0 0 0 0
1513884586.11 35612 24767 27814 28188 26862 33654 11 1615 1603 10, 0 1 0 0 0 0 0 0 0 0
1513884587.12 38963 23008 23830 25888 28683 38550 8 1950 1943 11, 0 1 0 0 0 0 0 0 0 0
1513884588.13 36700 23008 23861 27499 32837 41748 6 1587 1610 6, 0 1 0 0 0 0 0 0 0 0
1513884589.13 36331 20225 21922 27700 31382 39507 9 1401 1393 11, 0 1 0 0 0 0 0 0 0 0
1513884590.14 37955 20225 21925 27458 32576 42308 9 1853 1826 9, 0 1 0 0 0 0 0 0 0 0
1513884591.14 38371 19777 15694 24529 32393 44384 9 1450 1443 10, 0 1 0 0 0 0 0 0 0 0
1513884592.14 34248 17528 14486 24109 31760 41848 5 1160 1249 7, 0 1 0 0 0 0 0 0 0 0
1513884593.15 33961 17528 14486 24106 31760 41848 5 1254 1249 7, 0 1 0 0 0 0 0 0 0 0
1513884594.16 36497 20246 14739 24993 33026 40283 5 396 401 6, 0 1 0 0 0 0 0 0 0 0
1513884595.16 31401 20446 13727 25457 31528 34471 9 650 807 10, 0 1 0 0 0 0 0 0 0 0
1513884596.17 30028 17440 16207 28044 33076 39290 8 1155 1597 11, 0 1 0 0 0 0 0 0 0 0
1513884597.18 32450 18601 17992 27225 30776 37168 7 2203 2187 9, 0 1 0 0 0 0 0 0 0 0
1513884598.2 29770 19473 22648 28651 29747 34266 3 2641 2636 7, 0 1 0 0 0 0 0 0 0 0
1513884599.2 26590 17391 22915 29327 33517 33601 6 2376 2373 10, 0 1 0 0 0 0 0 0 0 0
1513884600.2 26493 18117 24759 28785 33201 33275 7 2305 2299 4, 0 1 0 0 0 0 0 0 0 0
1513884601.2 22764 15466 26674 31684 31976 32011 7 2918 2910 8, 0 1 0 0 0 0 0 0 0 0
1513884602.2 29118 22137 33181 34467 29609 32232 10 2656 2262 11, 0 1 0 0 0 0 0 0 0 0
1513884603.22 38730 22137 26241 37687 47822 49513 17 2628 2511 15, 0 1 0 0 0 0 0 0 0 0
1513884604.22 32161 20566 19741 28236 33064 35705 11 2196 2188 11, 0 1 0 0 0 0 0 0 0 0
1513884605.23 31873 22181 21361 28507 32243 34026 5 3232 3224 8, 0 1 0 0 0 0 0 0 0 0
1513884606.24 33296 21803 21007 27911 32219 33387 9 3181 2890 7, 0 1 0 0 0 0 0 0 0 0
1513884607.25 34681 21901 21108 26287 30932 34598 15 3825 3331 11, 0 1 0 0 0 0 0 0 0 0
1513884608.25 35030 20083 19825 26235 35346 39102 9 3887 3481 9, 0 1 0 0 0 0 0 0 0 0
1513884609.25 36394 19353 17767 25731 35451 38169 10 3520 3508 10, 0 1 0 0 0 0 0 0 0 0
1513884610.27 35766 19182 17561 27711 35163 37458 10 2813 2352 9, 0 1 0 0 0 0 0 0 0 0
1513884611.27 32530 17207 14688 23262 31494 35743 8 3337 3328 12, 0 1 0 0 0 0 0 0 0 0
1513884612.28 33344 17207 14711 24888 33306 39938 9 2720 2735 8, 0 1 0 0 0 0 0 0 0 0
1513884613.28 37549 16422 13277 25017 35738 43401 5 3184 3077 10, 0 1 0 0 0 0 0 0 0 0
1513884614.3 37994 17025 13685 25017 35738 43401 5 3083 3077 10, 0 1 0 0 0 0 0 0 0 0
1513884615.33 36681 18586 14243 24477 35525 42449 11 3453 3444 11, 0 1 0 0 0 0 0 0 0 0
1513884616.33 38199 19840 13864 26400 36177 42448 8 3639 3636 14, 0 1 0 0 0 0 0 0 0 0
1513884617.33 37510 20344 16107 27433 36332 42827 7 2303 2294 10, 0 1 0 0 0 0 0 0 0 0
1513884618.33 38743 21701 19809 29072 36856 41645 5 1536 1531 10, 0 1 0 0 0 0 0 0 0 0
1513884619.34 35945 21074 18974 26147 40833 42809 5 2350 2469 7, 0 1 0 0 0 0 0 0 0 0
1513884620.35 32468 23839 23298 29476 41179 40843 3 442 439 4, 0 1 0 0 0 0 0 0 0 0
1513884621.37 32743 23839 23406 29595 39925 38587 9 634 731 5, 0 1 0 0 0 0 0 0 0 0
1513884622.37 27033 20686 26706 28633 34609 33659 6 802 1035 6, 0 1 0 0 0 0 0 0 0 0
1513884623.38 27036 26881 31477 27303 33091 32254 4 1152 1147 7, 0 1 0 0 0 0 0 0 0 0
1513884624.4 26975 29797 28444 28002 37904 34197 5 1358 1351 3, 0 1 0 0 0 0 0 0 0 0
1513884625.4 24819 25795 29418 28385 31654 29975 6 2902 2898 8, 0 1 0 0 0 0 0 0 0 0
1513884626.4 23934 25663 27569 25471 27989 27783 7 1621 1615 7, 0 1 0 0 0 0 0 0 0 0
1513884627.4 24014 26241 32308 30642 30776 27273 4 1281 1278 10, 0 1 0 0 0 0 0 0 0 0
1513884628.43 24014 26241 32308 30642 30776 27273 4 1281 1278 10, 0 1 0 0 0 0 0 0 0 0
1513884629.44 28811 26956 27760 30452 34305 34013 7 1113 1107 9, 0 1 0 0 0 0 0 0 0 0
1513884630.44 28378 26956 27770 32595 37738 33438 2 1185 1151 5, 0 1 0 0 0 0 0 0 0 0
1513884631.45 26199 25796 23710 28115 35419 33389 7 855 850 7, 0 1 0 0 0 0 0 0 0 0
1513884632.46 28960 25796 21820 28307 35320 35601 6 1628 1847 4, 0 1 0 0 0 0 0 0 0 0
1513884633.46 30647 28285 22588 28487 37027 36130 7 1966 1958 6, 0 1 0 0 0 0 0 0 0 0
1513884634.47 32270 28285 22587 27483 36073 35182 8 2464 2245 7, 0 1 0 0 0 0 0 0 0 0
1513884635.48 33778 30124 23829 30053 34853 33038 2 2844 2964 3, 0 1 0 0 0 0 0 0 0 0
1513884636.49 34501 29793 21470 29449 34605 36971 7 2642 2057 4, 0 1 0 0 0 0 0 0 0 0
1513884637.49 32178 25804 23557 31011 35740 37468 5 2734 2730 4, 0 1 0 0 0 0 0 0 0 0
1513884638.51 32178 25804 23557 31011 35740 37468 5 2734 2730 4, 0 1 0 0 0 0 0 0 0 0
1513884639.52 32781 23591 19376 29969 38746 40389 4 629 624 5, 0 1 0 0 0 0 0 0 0 0
1513884640.52 29675 21661 20522 26284 31626 34168 7 638 630 4, 0 1 0 0 0 0 0 0 0 0
1513884641.52 27681 21661 20525 24103 29705 31339 10 709 558 6, 0 1 0 0 0 0 0 0 0 0
1513884642.54 26721 18120 15527 23409 29705 31339 10 641 629 9, 0 1 0 0 0 0 0 0 0 0
1513884643.54 34870 19143 14382 23254 33336 40242 10 2580 2571 11, 0 1 0 0 0 0 0 0 0 0
1513884644.56 31105 16198 15312 24425 36025 37657 11 4645 4623 13, 0 1 0 0 0 0 0 0 0 0
1513884645.57 36267 18288 14641 25161 36025 41340 12 4547 4077 18, 0 1 0 0 0 0 0 0 0 0
1513884646.57 31057 14560 9586 24131 37521 38529 11 4960 4952 11, 0 1 0 0 0 0 0 0 0 0
1513884647.58 35584 16724 9822 25995 37353 45988 12 3067 3054 10, 0 1 0 0 0 0 0 0 0 0
1513884648.58 36515 16728 11013 28317 38218 48316 12 2615 2382 14, 0 1 0 0 0 0 0 0 0 0
1513884649.61 36064 16400 10997 28317 39979 47130 15 2393 2382 14, 0 1 0 0 0 0 0 0 0 0
1513884650.64 35141 18909 16107 29078 37357 42620 8 2863 2854 5, 0 1 0 0 0 0 0 0 0 0
1513884651.68 34347 19578 16545 29839 37695 43597 6 3114 3109 3, 0 1 0 0 0 0 0 0 0 0
1513884652.69 34075 17358 18899 22697 30289 34163 14 6476 6467 8, 0 1 0 0 0 0 0 0 0 0
1513884653.69 35475 17358 18216 23863 31642 35446 14 5779 4939 7, 0 1 0 0 0 0 0 0 0 0
1513884654.71 33752 20457 20712 24239 31682 34491 14 3989 4215 11, 0 1 0 0 0 0 0 0 0 0
1513884655.71 29552 18594 14981 25925 37008 35325 14 1602 1587 12, 0 1 0 0 0 0 0 0 0 0
1513884656.72 36630 21916 13981 27251 38173 37851 11 1202 1189 8, 0 1 0 0 0 0 0 0 0 0
1513884657.73 36136 21847 12755 24198 34107 39345 12 788 776 13, 0 1 0 0 0 0 0 0 0 0
1513884658.73 33098 21847 12402 24481 38076 39765 9 648 286 14, 0 1 0 0 0 0 0 0 0 0
1513884659.73 33583 20370 10488 23128 33884 35978 11 277 417 15, 0 1 0 0 0 0 0 0 0 0
1513884660.73 34448 19503 9225 21416 36124 41551 9 633 624 11, 0 1 0 0 0 0 0 0 0 0
1513884661.74 32527 18786 8313 20449 32454 40001 9 1054 1491 16, 0 1 0 0 0 0 0 0 0 0
1513884662.75 37037 20742 9543 20869 35911 43724 10 857 846 14, 0 1 0 0 0 0 0 0 0 0
1513884663.75 33136 21241 14687 24938 33860 38715 5 1425 1422 5, 0 1 0 0 0 0 0 0 0 0
1513884664.76 31996 22497 17144 23601 33332 37488 8 2029 2019 9, 0 1 0 0 0 0 0 0 0 0
1513884665.76 35347 23761 17211 22624 33332 38569 8 2064 1766 6, 0 1 0 0 0 0 0 0 0 0
1513884666.76 35382 21944 17133 23878 34741 40444 9 1775 1766 6, 0 1 0 0 0 0 0 0 0 0
1513884667.78 37783 22948 19480 24258 33276 40512 7 3589 3582 8, 0 1 0 0 0 0 0 0 0 0
1513884668.79 39069 22424 19115 21188 32716 42325 11 4609 4601 5, 0 1 0 0 0 0 0 0 0 0
1513884669.79 52829 34959 38878 39383 46567 57035 23 9020 8997 14, 0 1 0 0 0 0 0 0 0 0
1513884670.8 39531 23558 23691 26696 29658 35715 12 6743 6732 5, 0 1 0 0 0 0 0 0 0 0
1513884671.8 34425 20415 26097 30623 30570 34674 8 5052 5042 4, 0 1 0 0 0 0 0 0 0 0
1513884672.81 34016 25697 30190 28043 27423 31608 12 5961 5948 7, 0 1 0 0 0 0 0 0 0 0
1513884673.81 32957 28018 32901 29439 25800 29871 12 6304 6294 7, 0 1 0 0 0 0 0 0 0 0
1513884674.82 27905 26666 36098 31251 22904 25342 19 5872 5855 8, 0 1 0 0 0 0 0 0 0 0
1513884675.83 18735 27527 37467 32637 23588 17378 17 4326 4312 9, 0 1 0 0 0 0 0 0 0 0
1513884676.84 18873 25221 38765 30897 19282 16552 15 2773 2757 12, 0 1 0 0 0 0 0 0 0 0
1513884677.84 27717 23334 38127 31345 26563 26480 13 2245 2233 11, 0 1 0 0 0 0 0 0 0 0
1513884678.84 30670 26688 36965 32803 30785 31442 7 1547 1540 4, 0 1 0 0 0 0 0 0 0 0
1513884679.85 31522 25035 32425 31161 31468 33047 9 1421 1414 7, 0 1 0 0 0 0 0 0 0 0
1513884680.86 33827 23687 32004 28528 31704 37047 5 1206 1200 3, 0 1 0 0 0 0 0 0 0 0
1513884681.86 30401 21416 27319 24134 29424 35080 3 2460 2456 4, 0 1 0 0 0 0 0 0 0 0
1513884682.87 29819 19530 19419 20481 25090 29698 8 2742 2736 7, 0 1 0 0 0 0 0 0 0 0
1513884683.87 35537 22335 18230 25213 33354 38384 5 1815 1810 7, 0 1 0 0 0 0 0 0 0 0
1513884684.88 35206 20544 15682 22676 33825 38877 5 2412 2407 10, 0 1 0 0 0 0 0 0 0 0
1513884685.89 33302 19982 12544 21241 32545 37777 4 2242 2236 8, 0 1 0 0 0 0 0 0 0 0
1513884686.9 35278 20279 11650 19600 34089 43143 5 2466 2462 6, 0 1 0 0 0 0 0 0 0 0
1513884687.91 34117 19653 11286 16664 28267 42961 3 3152 3146 6, 0 1 0 0 0 0 0 0 0 0
1513884688.91 35474 21932 9772 20342 32736 42614 3 968 964 5, 0 1 0 0 0 0 0 0 0 0
1513884689.92 32751 22987 11533 21016 35101 44763 4 514 509 2, 0 1 0 0 0 0 0 0 0 0
1513884690.93 30797 24321 12523 20595 29688 39749 11 873 867 14, 0 1 0 0 0 0 0 0 0 0
1513884691.93 32048 24413 15186 21245 31640 37788 8 1853 1847 13, 0 1 0 0 0 0 0 0 0 0
1513884692.93 30598 18393 11329 19939 32437 38460 7 2779 2767 8, 0 1 0 0 0 0 0 0 0 0
1513884693.94 33852 17230 10223 22950 35749 39198 6 3986 3981 8, 0 1 0 0 0 0 0 0 0 0
1513884694.94 33492 16371 10277 23349 38592 41207 8 2464 2457 7, 0 1 0 0 0 0 0 0 0 0
1513884695.95 37968 17929 10740 26005 38294 42919 5 1893 1886 4, 0 1 0 0 0 0 0 0 0 0
1513884696.96 34387 19776 13556 23722 32279 37667 11 3972 3963 8, 0 1 0 0 0 0 0 0 0 0
1513884697.96 29692 16740 14525 22139 30184 31862 11 5420 5410 12, 0 1 0 0 0 0 0 0 0 0
1513884698.97 34201 19124 13287 24786 32620 37166 10 3995 3986 9, 0 1 0 0 0 0 0 0 0 0
1513884699.97 34297 21109 13180 22454 31534 38180 7 3770 3762 8, 0 1 0 0 0 0 0 0 0 0
1513884700.98 35640 19966 12645 25518 33092 38134 7 3518 3509 8, 0 1 0 0 0 0 0 0 0 0
1513884701.98 33860 17740 11750 19361 26082 37129 3 4163 4160 6, 0 1 0 0 0 0 0 0 0 0
1513884702.99 34182 19656 13176 19943 29478 33372 8 5003 4995 5, 0 1 0 0 0 0 0 0 0 0
1513884703.99 35821 21201 13064 22196 30296 34405 5 3240 3236 6, 0 1 0 0 0 0 0 0 0 0
1513884705.0 36365 21132 14168 22493 28232 33604 14 4014 4000 10, 0 1 0 0 0 0 0 0 0 0
1513884706.0 38568 23159 17926 26660 29595 33187 6 4698 4692 6, 0 1 0 0 0 0 0 0 0 0
1513884707.01 35612 23132 21842 26017 28488 27956 19 5775 5760 8, 0 1 0 0 0 0 0 0 0 0
1513884708.02 29488 24746 28253 26582 26442 25448 18 7045 7026 11, 0 1 0 0 0 0 0 0 0 0
1513884709.02 28334 16809 23777 25026 30925 27043 10 7058 7048 11, 0 1 0 0 0 0 0 0 0 0
1513884710.03 25482 13414 20094 23348 29961 27402 16 4549 4536 10, 0 1 0 0 0 0 0 0 0 0
1513884711.03 31680 17776 19854 26836 34560 34373 9 4430 4426 10, 0 1 0 0 0 0 0 0 0 0
1513884712.04 27510 15976 20125 26663 32678 33049 11 5460 5453 14, 0 1 0 0 0 0 0 0 0 0
1513884713.05 30510 14949 15403 23756 30518 34253 11 5561 5554 12, 0 1 0 0 0 0 0 0 0 0
1513884714.06 35135 17756 13659 24631 35571 39453 13 6572 6562 10, 0 1 0 0 0 0 0 0 0 0
1513884715.06 35290 17477 11401 24936 34111 42150 11 5888 5883 11, 0 1 0 0 0 0 0 0 0 0
1513884716.07 35366 17415 14872 25878 38063 44444 7 6496 6486 9, 0 1 0 0 0 0 0 0 0 0
1513884717.08 35686 17940 14816 28216 35313 40805 7 6504 6500 11, 0 1 0 0 0 0 0 0 0 0
1513884718.09 34758 19050 15814 25957 32607 36676 11 7783 7782 12, 0 1 0 0 0 0 0 0 0 0
1513884719.09 38863 20258 14360 23104 35267 40047 5 9417 9409 7, 0 1 0 0 0 0 0 0 0 0
1513884720.11 34687 22801 18600 25898 34482 35198 2 7434 7431 5, 0 1 0 0 0 0 0 0 0 0
1513884721.12 35801 20388 20922 25578 36277 38011 5 9019 9015 7, 0 1 0 0 0 0 0 0 0 0
1513884722.14 31230 15956 24486 27159 35011 34756 6 9436 9430 6, 0 1 0 0 0 0 0 0 0 0
1513884723.15 26636 17350 24816 30692 33562 29649 3 4273 2906 4, 0 1 0 0 0 0 0 0 0 0
1513884724.16 30233 22340 25785 29944 34713 32625 3 2328 2325 6, 0 1 0 0 0 0 0 0 0 0
1513884725.17 31971 21510 23660 28634 38243 36074 7 2322 2161 11, 0 1 0 0 0 0 0 0 0 0
1513884726.17 31230 22086 21057 25918 35077 36710 2 2307 2363 5, 0 1 0 0 0 0 0 0 0 0
1513884727.18 28726 14766 14249 25858 34895 34349 6 2141 2137 7, 0 1 0 0 0 0 0 0 0 0
1513884728.18 30103 15966 11982 23460 32706 35897 10 1700 1689 11, 0 1 0 0 0 0 0 0 0 0
1513884729.18 34566 20249 14731 21939 29700 35182 7 4460 4450 13, 0 1 0 0 0 0 0 0 0 0
1513884730.19 34566 20249 14731 21939 29700 35182 7 4460 4450 13, 0 1 0 0 0 0 0 0 0 0
1513884731.2 37477 23718 16809 24681 32924 37325 6 3520 3512 10, 0 1 0 0 0 0 0 0 0 0
1513884732.2 37142 23718 16120 23934 31738 38059 3 3147 2455 8, 0 1 0 0 0 0 0 0 0 0
1513884733.21 36148 26031 16959 23749 36242 38041 1 3016 3016 5, 0 1 0 0 0 0 0 0 0 0
1513884734.21 35066 26452 19194 27161 35965 37447 5 1639 1635 5, 0 1 0 0 0 0 0 0 0 0
1513884735.22 33447 25487 17860 24361 35621 36048 4 2371 2909 6, 0 1 0 0 0 0 0 0 0 0
1513884736.22 34602 23024 19677 29407 37051 35645 2 4518 4514 4, 0 1 0 0 0 0 0 0 0 0
1513884737.24 35353 23077 19880 26858 35292 37913 2 4917 5483 5, 0 1 0 0 0 0 0 0 0 0
1513884738.24 34339 23596 22468 26477 35079 37763 2 5444 5443 3, 0 1 0 0 0 0 0 0 0 0
1513884739.24 33088 23831 23292 30547 33829 35490 4 4098 2928 7, 0 1 0 0 0 0 0 0 0 0
1513884740.25 32190 20853 21110 23293 32531 38985 4 2325 2323 5, 0 1 0 0 0 0 0 0 0 0
1513884741.26 29538 20853 19319 22195 32397 37512 5 1918 1720 7, 0 1 0 0 0 0 0 0 0 0
1513884742.27 30778 15925 13878 22198 32397 37512 5 1724 1720 7, 0 1 0 0 0 0 0 0 0 0
1513884743.28 28504 13937 14904 30889 44938 44097 9 1492 314 11, 0 1 0 0 0 0 0 0 0 0
1513884744.28 26705 15085 14023 33032 44387 42231 10 191 217 11, 0 1 0 0 0 0 0 0 0 0
1513884745.29 33308 16892 14950 31076 43231 48246 6 64 10 10, 0 1 0 0 0 0 0 0 0 0
1513884746.3 29536 18275 16161 28432 41583 44461 3 8 4 6, 0 1 0 0 0 0 0 0 0 0
1513884747.3 30826 20486 18742 28247 36670 36709 2 1372 1369 2, 0 1 0 0 0 0 0 0 0 0
1513884748.3 29446 20486 18745 28750 33977 30275 5 2763 2767 4, 0 1 0 0 0 0 0 0 0 0
1513884749.32 29512 20205 18807 30073 33977 30275 5 4165 4157 5, 0 1 0 0 0 0 0 0 0 0
1513884750.32 32499 23026 21119 30271 29847 27986 8 6538 6640 9, 0 1 0 0 0 0 0 0 0 0
1513884751.33 31427 22320 21518 25396 26392 26834 4 6464 6093 3, 0 1 0 0 0 0 0 0 0 0
1513884752.35 31110 23893 22376 25394 26392 26834 4 6097 6093 3, 0 1 0 0 0 0 0 0 0 0
1513884753.36 34476 22489 26310 26801 25379 26289 9 6462 6894 6, 0 1 0 0 0 0 0 0 0 0
1513884754.36 34776 20826 30717 30214 26663 28876 6 7501 7496 6, 0 1 0 0 0 0 0 0 0 0
1513884755.36 34108 18411 30425 29705 27469 30979 7 6408 6400 8, 0 1 0 0 0 0 0 0 0 0
1513884756.37 33856 18281 29230 29799 31362 31353 10 5652 5642 8, 0 1 0 0 0 0 0 0 0 0
1513884757.37 33965 17925 29182 30574 31518 33601 14 5364 5353 8, 0 1 0 0 0 0 0 0 0 0
1513884758.38 32082 17925 32051 29399 35465 36000 10 6565 7263 3, 0 1 0 0 0 0 0 0 0 0
1513884759.39 31800 21626 30589 30051 30104 33616 16 6738 6723 10, 0 1 0 0 0 0 0 0 0 0
1513884760.41 33883 21672 29107 26047 31579 38110 12 5517 4735 9, 0 1 0 0 0 0 0 0 0 0
1513884761.41 31241 21437 32430 26138 27929 33365 10 5890 5881 8, 0 1 0 0 0 0 0 0 0 0
1513884762.42 29512 22540 32381 27533 28512 32980 7 3736 3732 4, 0 1 0 0 0 0 0 0 0 0
1513884763.42 28271 23368 32769 27067 30885 32983 6 3317 3043 3, 0 1 0 0 0 0 0 0 0 0
1513884764.42 31541 22885 30358 29931 32986 35505 6 3138 3133 6, 0 1 0 0 0 0 0 0 0 0
1513884765.43 34687 25532 27956 29070 34128 38147 8 2576 2569 3, 0 1 0 0 0 0 0 0 0 0
1513884766.44 34687 25532 27956 29070 34128 38147 8 2576 2569 3, 0 1 0 0 0 0 0 0 0 0
1513884767.44 35993 24908 29414 30346 36698 42637 2 2084 2167 1, 0 1 0 0 0 0 0 0 0 0
1513884768.46 33988 22223 28032 30344 36698 42637 2 2170 2167 1, 0 1 0 0 0 0 0 0 0 0
1513884769.47 33809 22841 26364 32205 35817 42956 6 2194 2904 6, 0 1 0 0 0 0 0 0 0 0
1513884770.48 40516 33616 37268 34892 35817 42956 6 3552 3323 7, 0 1 0 0 0 0 0 0 0 0
1513884771.5 36988 18308 13699 32926 45167 45357 8 2269 2261 6, 0 1 0 0 0 0 0 0 0 0
1513884772.5 39522 17558 11568 26196 38918 47548 6 2348 2342 10, 0 1 0 0 0 0 0 0 0 0
1513884773.5 39652 19196 8367 24245 38838 48059 9 1621 1614 9, 0 1 0 0 0 0 0 0 0 0
1513884774.52 37041 19196 8377 23463 36151 43430 14 2152 1916 9, 0 1 0 0 0 0 0 0 0 0
1513884775.58 36893 20540 10880 22538 35258 42340 9 3163 3154 6, 0 1 0 0 0 0 0 0 0 0
1513884776.58 37793 22895 10593 23358 34912 40443 9 2060 2055 8, 0 1 0 0 0 0 0 0 0 0
1513884777.58 39807 25166 13482 24336 33855 39231 7 2520 2508 5, 0 1 0 0 0 0 0 0 0 0
1513884778.58 35100 25724 14547 22606 30776 35946 7 3329 3321 4, 0 1 0 0 0 0 0 0 0 0
1513884779.58 34032 26937 16036 21231 29478 35036 7 2924 2916 6, 0 1 0 0 0 0 0 0 0 0
1513884780.58 39659 25818 14879 20788 28768 36354 10 1788 1777 6, 0 1 0 0 0 0 0 0 0 0
1513884781.59 39895 26404 18334 23209 28193 38660 9 2727 2715 6, 0 1 0 0 0 0 0 0 0 0
1513884782.59 39895 26404 18334 23209 28193 38660 9 2727 2715 6, 0 1 0 0 0 0 0 0 0 0
1513884783.59 40704 27554 22260 20412 25711 37838 10 3056 3047 5, 0 1 0 0 0 0 0 0 0 0
1513884784.61 40704 27554 22260 20412 25711 37838 10 3056 3047 5, 0 1 0 0 0 0 0 0 0 0
1513884785.61 36986 25194 27071 22701 28719 36271 7 4793 4784 3, 0 1 0 0 0 0 0 0 0 0
1513884786.62 34418 25194 27070 20870 30517 37341 8 4859 4424 4, 0 1 0 0 0 0 0 0 0 0
1513884787.63 34427 23695 28104 21971 31215 37925 7 3191 3021 5, 0 1 0 0 0 0 0 0 0 0
1513884788.65 33122 22827 25857 21971 31215 37925 7 3027 3021 5, 0 1 0 0 0 0 0 0 0 0
1513884789.66 35019 20971 14652 10315 23737 40939 10 589 1530 12, 0 1 0 0 0 0 0 0 0 0
1513884790.67 38368 24185 9602 7274 21366 40507 9 1040 1029 12, 0 1 0 0 0 0 0 0 0 0
1513884791.67 44495 24733 9734 7624 24889 45851 9 704 697 12, 0 1 0 0 0 0 0 0 0 0
1513884792.68 42264 24660 8132 7539 27136 49108 10 1361 1349 16, 0 1 0 0 0 0 0 0 0 0
1513884793.68 39506 24660 8131 8516 29786 49150 10 963 1033 12, 0 1 0 0 0 0 0 0 0 0
1513884794.69 36375 21847 8595 10227 31184 46457 5 688 633 7, 0 1 0 0 0 0 0 0 0 0
1513884795.71 38935 20871 7729 11036 33608 49162 8 747 1015 9, 0 1 0 0 0 0 0 0 0 0
1513884796.71 33976 20109 8031 9085 29548 44429 9 1439 1430 10, 0 1 0 0 0 0 0 0 0 0
1513884797.72 35252 22191 9592 10742 33694 44478 1 1927 1922 2, 0 1 0 0 0 0 0 0 0 0
1513884798.75 35252 22191 9592 9524 33076 44478 2 1927 1922 2, 0 1 0 0 0 0 0 0 0 0
1513884799.76 29369 21026 15271 14930 28939 36125 5 3633 3626 6, 0 1 0 0 0 0 0 0 0 0
1513884800.76 29877 21888 18359 15845 26576 30463 7 4438 4431 4, 0 1 0 0 0 0 0 0 0 0
1513884801.76 35270 23431 19976 18948 27178 32435 3 4717 4711 4, 0 1 0 0 0 0 0 0 0 0
1513884802.79 35222 23431 19976 20692 25204 29466 3 5827 5599 4, 0 1 0 0 0 0 0 0 0 0
1513884803.79 34381 19258 21580 23334 28954 31267 4 6585 6186 7, 0 1 0 0 0 0 0 0 0 0
1513884804.81 34252 19536 22219 23337 28954 31267 4 6190 6186 7, 0 1 0 0 0 0 0 0 0 0
1513884805.83 34493 21165 24593 23082 28759 33541 4 6089 6982 6, 0 1 0 0 0 0 0 0 0 0
1513884806.84 35618 20547 21300 25551 32806 35795 9 7385 7973 9, 0 1 0 0 0 0 0 0 0 0
1513884807.86 35784 19842 20276 25554 32806 35795 9 7982 7973 9, 0 1 0 0 0 0 0 0 0 0
1513884808.86 37430 19431 16389 26135 34913 37018 5 7905 6679 5, 0 1 0 0 0 0 0 0 0 0
1513884809.87 39185 22604 14987 25920 35230 39453 2 6160 5650 2, 0 1 0 0 0 0 0 0 0 0
1513884810.87 40095 21765 16865 25430 31332 37192 4 6309 6306 6, 0 1 0 0 0 0 0 0 0 0
1513884811.88 40095 21765 16865 25430 31332 37192 4 6309 6306 6, 0 1 0 0 0 0 0 0 0 0
1513884812.9 41465 21153 13173 25043 31797 41710 5 3569 3562 6, 0 1 0 0 0 0 0 0 0 0
1513884813.9 38975 20089 13445 23196 28938 39203 1 1384 1382 4, 0 1 0 0 0 0 0 0 0 0
1513884814.91 31997 19935 12316 19346 23379 30989 2 1350 1348 2, 0 1 0 0 0 0 0 0 0 0
1513884815.91 41516 21765 9319 16518 27458 41152 7 1176 1171 7, 0 1 0 0 0 0 0 0 0 0
1513884816.92 40181 22362 10063 14875 27325 44139 11 1133 1123 8, 0 1 0 0 0 0 0 0 0 0
1513884817.93 37761 21320 9851 14044 27408 40356 9 3016 3004 6, 0 1 0 0 0 0 0 0 0 0
1513884818.93 36510 21283 11072 15037 29328 39578 9 2917 2908 4, 0 1 0 0 0 0 0 0 0 0
1513884819.95 32570 22001 16747 16304 28419 37292 10 4305 4295 5, 0 1 0 0 0 0 0 0 0 0
1513884820.96 29570 18740 16551 19954 32332 36908 15 4141 4127 7, 0 1 0 0 0 0 0 0 0 0
1513884821.97 28680 23694 21035 23587 35152 39907 9 3295 3286 7, 0 1 0 0 0 0 0 0 0 0
1513884822.97 30346 21593 13776 20104 36143 39202 10 2334 2325 6, 0 1 0 0 0 0 0 0 0 0
1513884823.98 32396 20048 8585 16335 31649 38276 12 1248 1239 16, 0 1 0 0 0 0 0 0 0 0
1513884824.98 39652 22689 12451 17247 29049 38588 11 4274 4261 13, 0 1 0 0 0 0 0 0 0 0
1513884825.99 35188 21659 10936 12897 21490 32049 9 4983 4974 13, 0 1 0 0 0 0 0 0 0 0
1513884826.99 39672 22676 10842 10826 27214 39306 10 5427 5417 14, 0 1 0 0 0 0 0 0 0 0
1513884828.0 38460 26035 9603 8751 26569 38980 7 3709 3700 9, 0 1 0 0 0 0 0 0 0 0
1513884829.01 40323 25685 10692 11368 24713 36871 10 3663 3649 10, 0 1 0 0 0 0 0 0 0 0
1513884830.03 38914 24744 10591 11272 26124 36582 11 4101 4090 6, 0 1 0 0 0 0 0 0 0 0
1513884831.04 39592 22959 9049 11793 30879 40232 10 3832 3820 13, 0 1 0 0 0 0 0 0 0 0
1513884832.05 41309 23040 10391 11402 30569 42251 6 3600 3592 8, 0 1 0 0 0 0 0 0 0 0
1513884833.05 36192 21524 15978 15962 22321 31790 5 3788 3782 9, 0 1 0 0 0 0 0 0 0 0
1513884834.05 38660 21179 16137 17609 24673 36249 5 2089 2084 2, 0 1 0 0 0 0 0 0 0 0
1513884835.06 36278 22361 13893 15615 24451 31198 7 1834 1825 3, 0 1 0 0 0 0 0 0 0 0
1513884836.07 32058 20306 14814 16625 22346 23254 12 1884 1869 11, 0 1 0 0 0 0 0 0 0 0
1513884837.07 27178 14856 10346 13426 21322 19982 8 1482 1472 11, 0 1 0 0 0 0 0 0 0 0
1513884838.08 30080 16907 14044 15038 26719 28414 8 2913 2902 9, 0 1 0 0 0 0 0 0 0 0
1513884839.08 28665 13976 17611 24804 36421 29826 10 2061 2051 15, 0 1 0 0 0 0 0 0 0 0
1513884840.09 32921 18659 20670 23103 37413 46788 9 2136 1746 11, 0 1 0 0 0 0 0 0 0 0
1513884841.09 30899 13145 14676 23775 34350 25764 3 1358 1473 6, 0 1 0 0 0 0 0 0 0 0
1513884842.1 30986 23055 28862 29046 28743 26893 5 4230 4478 2, 0 1 0 0 0 0 0 0 0 0
1513884843.1 30979 19157 24149 33055 40556 37646 10 771 761 10, 0 1 0 0 0 0 0 0 0 0
1513884844.11 25919 22428 28594 29870 26056 22471 7 2483 2474 9, 0 1 0 0 0 0 0 0 0 0
1513884845.11 24852 25038 32617 30484 23294 17688 3 3093 3089 4, 0 1 0 0 0 0 0 0 0 0
1513884846.12 23855 28188 30751 28794 23032 19402 2 2642 2640 2, 0 1 0 0 0 0 0 0 0 0
1513884847.13 26273 33473 33010 27808 21782 16594 4 2251 2247 5, 0 1 0 0 0 0 0 0 0 0
1513884848.14 26317 29602 30054 26802 22682 21870 2 2160 2158 4, 0 1 0 0 0 0 0 0 0 0
1513884849.15 23754 32071 35370 25230 16223 19036 3 2030 2061 4, 0 1 0 0 0 0 0 0 0 0
1513884850.15 25916 28313 23981 17657 17086 22690 12 1547 990 18, 0 1 0 0 0 0 0 0 0 0
1513884851.16 28315 22404 19939 17608 21228 29525 12 616 163 17, 0 1 0 0 0 0 0 0 0 0
1513884852.16 35795 24279 21983 15650 25546 42819 5 98 1 7, 0 1 0 0 0 0 0 0 0 0
1513884853.18 37171 20377 10854 11064 26944 45076 13 22 9 15, 0 1 0 0 0 0 0 0 0 0
1513884854.18 35943 20449 11124 15775 29392 43922 5 11 6 5, 0 1 0 0 0 0 0 0 0 0
1513884855.18 35330 20449 11127 14821 28867 43692 7 11 7 9, 0 1 0 0 0 0 0 0 0 0
1513884856.19 35366 22822 12012 16869 33230 40658 6 16 3 7, 0 1 0 0 0 0 0 0 0 0
1513884857.19 29784 21104 11727 16678 33540 37621 10 22 10 10, 0 1 0 0 0 0 0 0 0 0
1513884858.19 34856 22282 9286 13432 24827 36314 7 13 5 5, 0 1 0 0 0 0 0 0 0 0
1513884859.2 26516 17987 6163 8294 17203 28735 10 363 352 15, 0 1 0 0 0 0 0 0 0 0
1513884860.2 21912 16319 7214 8653 14469 25732 13 481 529 16, 0 1 0 0 0 0 0 0 0 0
1513884861.21 25700 21296 11836 6050 9068 19027 7 1363 1982 11, 0 1 0 0 0 0 0 0 0 0
1513884862.22 32930 30532 15976 6554 9552 19131 13 4128 4110 15, 0 1 0 0 0 0 0 0 0 0
1513884863.23 33446 33511 19100 9475 12453 19637 14 2274 2258 17, 0 1 0 0 0 0 0 0 0 0
1513884864.23 34276 34415 15559 13503 13308 20461 5 1238 1231 6, 0 1 0 0 0 0 0 0 0 0
1513884865.23 24685 26368 10823 10028 10159 13618 14 998 984 16, 0 1 0 0 0 0 0 0 0 0
1513884866.24 26242 26345 15404 10505 11922 16211 13 1550 1537 21, 0 1 0 0 0 0 0 0 0 0
1513884867.24 25782 23848 11038 10813 10400 15557 10 1534 947 13, 0 1 0 0 0 0 0 0 0 0
1513884868.25 27106 25766 8694 12045 10925 15069 8 1314 1306 8, 0 1 0 0 0 0 0 0 0 0
1513884869.25 28928 25370 8064 11270 13421 18042 8 1062 1055 10, 0 1 0 0 0 0 0 0 0 0
1513884870.26 24662 26611 10809 8939 9693 15295 8 1808 1801 8, 0 1 0 0 0 0 0 0 0 0
1513884871.26 19256 24526 10813 7480 8780 13711 5 1921 1617 9, 0 1 0 0 0 0 0 0 0 0
1513884872.27 14687 21019 10704 7931 10529 14470 1 1601 1598 3, 0 1 0 0 0 0 0 0 0 0
1513884873.28 16528 22582 12054 7625 11745 16956 9 2116 1598 7, 0 1 0 0 0 0 0 0 0 0
1513884874.28 16528 22582 15382 9365 11745 16956 10 1675 1669 10, 0 1 0 0 0 0 0 0 0 0
1513884875.29 16583 21071 14895 8606 12413 20248 10 1860 1849 14, 0 1 0 0 0 0 0 0 0 0
1513884876.29 19466 24097 14026 6792 12648 24118 8 57 49 12, 0 1 0 0 0 0 0 0 0 0
1513884877.3 22957 21238 9861 5476 13585 30173 3 7 2 7, 0 1 0 0 0 0 0 0 0 0
1513884878.31 27695 21229 7783 4128 11240 34262 8 22 12 11, 0 1 0 0 0 0 0 0 0 0
1513884879.33 28545 20487 7537 4557 10623 36646 6 13 5 9, 0 1 0 0 0 0 0 0 0 0
1513884880.34 27125 19507 14353 11181 18217 40424 3 690 1158 8, 0 1 0 0 0 0 0 0 0 0
1513884881.35 23774 17456 13689 10027 17361 38872 14 1497 1485 13, 0 1 0 0 0 0 0 0 0 0
1513884882.35 26500 18167 11828 8496 17608 34571 6 1640 1633 7, 0 1 0 0 0 0 0 0 0 0
1513884883.36 27282 23912 17185 11613 20032 34504 8 1483 1476 10, 0 1 0 0 0 0 0 0 0 0
1513884884.36 26036 27112 21422 14796 21180 29084 7 1331 1323 6, 0 1 0 0 0 0 0 0 0 0
1513884885.36 30507 30819 26208 15504 17278 28825 13 1945 1935 13, 0 1 0 0 0 0 0 0 0 0
1513884886.36 26787 30819 26208 17107 18509 23242 8 2239 3294 8, 0 1 0 0 0 0 0 0 0 0
1513884887.38 24738 28031 33582 20116 18509 23242 8 3598 3587 7, 0 1 0 0 0 0 0 0 0 0
1513884888.39 20433 26371 38825 27146 19396 18888 6 3959 4310 5, 0 1 0 0 0 0 0 0 0 0
1513884889.39 18804 26431 38515 26467 17438 19071 5 4325 4716 5, 0 1 0 0 0 0 0 0 0 0
1513884890.42 19386 22684 39808 24912 17438 19071 5 4729 4725 4, 0 1 0 0 0 0 0 0 0 0
1513884891.42 19237 16218 34787 23199 19799 21321 10 6492 6481 12, 0 1 0 0 0 0 0 0 0 0
1513884892.43 19826 16218 33105 22136 23447 25963 3 6348 6760 4, 0 1 0 0 0 0 0 0 0 0
1513884893.43 19750 15155 34126 21589 26451 31289 7 6848 6840 10, 0 1 0 0 0 0 0 0 0 0
1513884894.44 19141 15155 33200 19816 26780 35476 4 5275 4979 3, 0 1 0 0 0 0 0 0 0 0
1513884895.44 20273 15524 26848 16691 32134 40855 1 4363 4363 4, 0 1 0 0 0 0 0 0 0 0
1513884896.45 20454 11089 18137 15881 33344 40747 4 2527 2525 4, 0 1 0 0 0 0 0 0 0 0
1513884897.46 22920 11059 18138 18982 33017 38456 3 2058 3062 6, 0 1 0 0 0 0 0 0 0 0
1513884898.46 22372 14235 18214 23927 29482 32893 13 623 609 11, 0 1 0 0 0 0 0 0 0 0
1513884899.47 20617 15048 24433 32461 32332 32352 11 914 900 3, 0 1 0 0 0 0 0 0 0 0
1513884900.48 22867 15048 25133 32517 28490 32368 6 1677 2378 4, 0 1 0 0 0 0 0 0 0 0
1513884901.48 23360 13649 21918 26198 25116 28466 5 4277 4272 3, 0 1 0 0 0 0 0 0 0 0
1513884902.48 22902 14809 24594 25410 22953 24690 3 4855 4945 1, 0 1 0 0 0 0 0 0 0 0
1513884903.48 24228 14809 24593 25018 26915 26914 4 5168 5925 1, 0 1 0 0 0 0 0 0 0 0
1513884904.49 22487 16392 24271 24134 29114 27131 3 6630 6532 4, 0 1 0 0 0 0 0 0 0 0
1513884905.5 25512 17885 23873 28665 29268 28741 3 5014 3178 4, 0 1 0 0 0 0 0 0 0 0
1513884906.5 26371 17725 21143 25043 26944 27825 5 3275 3271 4, 0 1 0 0 0 0 0 0 0 0
1513884907.5 28061 17062 17300 20764 26647 30815 3 2957 2757 4, 0 1 0 0 0 0 0 0 0 0
1513884908.51 25084 17309 11789 7337 12086 19839 11 2834 2780 16, 0 1 0 0 0 0 0 0 0 0
1513884909.52 29313 21022 14223 12225 12983 21748 20 2646 2633 28, 0 1 0 0 0 0 0 0 0 0
1513884910.52 23792 23801 13843 8007 6440 14161 19 1813 1046 29, 0 1 0 0 0 0 0 0 0 0
1513884911.52 31579 28433 18581 10476 9802 18813 27 139 119 40, 0 1 0 0 0 0 0 0 0 0
1513884912.52 24081 27033 12193 4510 4847 12965 31 51 30 41, 0 1 0 0 0 0 0 0 0 0
1513884913.56 24081 27033 12193 4510 4847 12965 31 51 30 41, 0 1 0 0 0 0 0 0 0 0
1513884914.56 18798 17859 6223 1609 3162 9582 16 1088 1071 27, 0 1 0 0 0 0 0 0 0 0
1513884915.57 21066 21028 7995 1423 3792 12298 24 1370 1349 37, 0 1 0 0 0 0 0 0 0 0
1513884916.58 24532 21028 7995 1777 5217 16310 15 1756 1230 37, 0 1 0 0 0 0 0 0 0 0
1513884917.58 25098 16629 4829 1582 5217 16311 15 1633 1617 25, 0 1 0 0 0 0 0 0 0 0
1513884918.59 30233 14715 5133 763 5920 21157 12 3143 3130 12, 0 1 0 0 0 0 0 0 0 0
1513884919.6 31160 13767 3524 451 5315 19116 16 2614 2498 22, 0 1 0 0 0 0 0 0 0 0
1513884920.61 30631 11165 2754 460 5315 19116 16 2512 2498 22, 0 1 0 0 0 0 0 0 0 0
1513884921.62 31670 10265 2690 326 2809 16732 9 2596 2586 18, 0 1 0 0 0 0 0 0 0 0
1513884922.63 23983 7328 1990 109 2638 13551 10 4228 3869 7, 0 1 0 0 0 0 0 0 0 0
1513884923.64 22503 6903 2127 1630 5099 14898 15 2995 3416 14, 0 1 0 0 0 0 0 0 0 0
1513884924.65 22725 15032 16954 11819 9433 16876 19 2637 2622 21, 0 1 0 0 0 0 0 0 0 0
1513884925.66 21765 15032 16874 14445 12704 18823 21 1958 1844 21, 0 1 0 0 0 0 0 0 0 0
1513884926.67 18495 14940 24992 18027 13923 20897 20 1349 2294 22, 0 1 0 0 0 0 0 0 0 0
1513884927.67 14032 11485 34063 19060 14264 22929 21 2728 2709 20, 0 1 0 0 0 0 0 0 0 0
1513884928.68 13468 11608 27739 25392 19663 21503 12 2480 2468 14, 0 1 0 0 0 0 0 0 0 0
1513884929.69 15609 11608 28842 29799 26281 25077 7 3329 3811 6, 0 1 0 0 0 0 0 0 0 0
1513884930.7 18296 14582 27060 29829 25846 26886 6 4042 3851 3, 0 1 0 0 0 0 0 0 0 0
1513884931.71 16000 12102 26668 30365 21602 25463 7 2925 2151 3, 0 1 0 0 0 0 0 0 0 0
1513884932.71 17860 12788 26959 29388 27217 27779 6 2004 1999 4, 0 1 0 0 0 0 0 0 0 0
1513884933.72 21008 12788 26959 30363 30671 31705 5 2045 2392 4, 0 1 0 0 0 0 0 0 0 0
1513884934.73 31218 17213 28027 29713 45531 55513 8 2988 1587 3, 0 1 0 0 0 0 0 0 0 0
1513884935.74 19931 12442 14745 31226 30164 19890 5 1499 1491 1, 0 1 0 0 0 0 0 0 0 0
1513884936.76 19931 12442 14745 31226 30164 19890 5 1499 1491 1, 0 1 0 0 0 0 0 0 0 0
1513884937.77 19765 9662 10537 25653 34628 32667 9 1294 1114 10, 0 1 0 0 0 0 0 0 0 0
1513884938.77 14428 6875 14328 25675 35483 33158 15 494 486 17, 0 1 0 0 0 0 0 0 0 0
1513884939.78 25218 10617 16420 29037 37208 43188 14 337 230 21, 0 1 0 0 0 0 0 0 0 0
1513884940.78 24774 11665 18479 29230 39907 48788 13 153 102 21, 0 1 0 0 0 0 0 0 0 0
1513884941.79 25804 9756 14032 24665 39907 48787 13 23 11 16, 0 1 0 0 0 0 0 0 0 0
1513884942.8 15811 9048 11831 18518 22124 28974 13 51 23 9, 0 1 0 0 0 0 0 0 0 0
1513884943.82 18326 8111 8320 18798 33548 36531 18 29 15 18, 0 1 0 0 0 0 0 0 0 0
1513884944.82 17909 6698 9944 20599 33041 37862 14 23 9 14, 0 1 0 0 0 0 0 0 0 0
1513884945.83 17909 6698 9944 20599 33041 37862 14 23 9 14, 0 1 0 0 0 0 0 0 0 0
1513884946.85 15299 5861 9666 21258 34323 40313 6 9 4 10, 0 1 0 0 0 0 0 0 0 0
1513884947.87 12193 3579 7741 23713 33120 37162 7 16 8 3, 0 1 0 0 0 0 0 0 0 0
1513884948.88 15017 3077 5319 21680 32615 32477 3 6 1 3, 0 1 0 0 0 0 0 0 0 0
1513884949.9 13172 4197 4978 25011 32615 32477 3 3 1 3, 0 1 0 0 0 0 0 0 0 0
1513884950.9 11992 6140 8480 22321 22279 17319 8 61 52 5, 0 1 0 0 0 0 0 0 0 0
1513884951.92 11992 6140 8480 22321 22279 17319 8 61 52 5, 0 1 0 0 0 0 0 0 0 0
1513884952.93 23047 15588 7152 23889 29463 28625 11 25 15 17, 0 1 0 0 0 0 0 0 0 0
1513884953.93 20945 15283 6748 21957 27154 30392 14 21 11 18, 0 1 0 0 0 0 0 0 0 0
1513884954.95 20945 15283 6748 21957 27154 30392 14 21 11 18, 0 1 0 0 0 0 0 0 0 0
1513884955.96 21065 16381 12682 23395 29953 30265 6 16 8 5, 0 1 0 0 0 0 0 0 0 0
1513884956.98 21495 17356 13273 18058 26173 30021 9 11 7 10, 0 1 0 0 0 0 0 0 0 0
1513884957.99 21723 13797 11873 21153 32801 37836 7 12 5 5, 0 1 0 0 0 0 0 0 0 0
1513884959.01 23400 9282 9337 22430 34516 38384 2 12 9 5, 0 1 0 0 0 0 0 0 0 0
1513884960.01 23231 8574 9690 24086 34290 34862 5 3 2 7, 0 1 0 0 0 0 0 0 0 0
1513884961.02 18025 7488 7916 19504 29149 27239 7 8 1 3, 0 1 0 0 0 0 0 0 0 0
1513884962.02 16177 5253 5439 16413 27337 26437 2 2 2 4, 0 1 0 0 0 0 0 0 0 0
1513884963.02 11282 4286 4077 9654 17079 18115 3 12 8 4, 0 1 0 0 0 0 0 0 0 0
1513884964.03 12146 2980 2604 9499 20356 22216 6 10 6 8, 0 1 0 0 0 0 0 0 0 0
1513884965.03 8384 1465 4379 12234 16829 15715 6 32 26 10, 0 1 0 0 0 0 0 0 0 0
1513884966.03 8703 1882 3168 8844 11901 13227 11 27 14 18, 0 1 0 0 0 0 0 0 0 0
1513884967.03 10958 2361 3001 9880 21682 22797 10 18 11 17, 0 1 0 0 0 0 0 0 0 0
1513884968.04 10665 2688 2758 11518 27564 23045 13 21 16 25, 0 1 0 0 0 0 0 0 0 0
1513884969.05 7995 1977 2391 10791 27535 19370 14 69 55 21, 0 1 0 0 0 0 0 0 0 0
1513884970.06 7588 1782 1975 10872 30837 18638 9 33 26 15, 0 1 0 0 0 0 0 0 0 0
1513884971.06 7302 1782 1996 10366 28784 17279 10 33 26 16, 0 1 0 0 0 0 0 0 0 0
1513884972.07 4802 4513 8674 14403 29454 11850 17 191 177 20, 0 1 0 0 0 0 0 0 0 0
1513884973.07 7322 8207 17458 20884 27122 14083 14 325 438 16, 0 1 0 0 0 0 0 0 0 0
1513884974.08 7449 8207 17458 20884 27122 14082 19 459 438 15, 0 1 0 0 0 0 0 0 0 0
1513884975.08 6851 8794 21259 24217 24359 12059 25 910 884 23, 0 1 0 0 0 0 0 0 0 0
1513884976.09 6883 9243 26806 26794 20600 10454 11 1206 1196 13, 0 1 0 0 0 0 0 0 0 0
1513884977.09 7828 12740 30504 24414 16397 9305 27 2364 2340 22, 0 1 0 0 0 0 0 0 0 0
1513884978.1 15792 17037 26683 17492 11215 11268 7 2167 2157 9, 0 1 0 0 0 0 0 0 0 0
1513884979.1 23730 22028 28529 14646 11317 14244 6 3039 3031 2, 0 1 0 0 0 0 0 0 0 0
1513884980.11 23810 20541 29706 18281 11865 14512 8 2717 2710 6, 0 1 0 0 0 0 0 0 0 0
1513884981.12 26097 18527 26395 17388 11748 15859 7 3592 3582 5, 0 1 0 0 0 0 0 0 0 0
1513884982.13 22813 12314 19810 15431 16486 19080 14 3124 3109 15, 0 1 0 0 0 0 0 0 0 0
1513884983.13 22863 12317 15281 15171 21363 20019 16 2497 2481 15, 0 1 0 0 0 0 0 0 0 0
1513884984.15 23240 11351 12545 19845 28097 25553 18 1572 1554 16, 0 1 0 0 0 0 0 0 0 0
1513884985.15 23825 14786 19627 22325 30327 24165 14 3990 3975 19, 0 1 0 0 0 0 0 0 0 0
1513884986.16 18752 11917 20753 25761 31338 19615 14 2983 2970 12, 0 1 0 0 0 0 0 0 0 0
1513884987.16 15095 10416 18997 21641 31767 20112 9 3804 3794 9, 0 1 0 0 0 0 0 0 0 0
1513884988.17 15656 14841 24753 22412 28651 18958 11 4630 4619 7, 0 1 0 0 0 0 0 0 0 0
1513884989.17 19483 17465 27161 25340 25930 21678 10 4379 4367 9, 0 1 0 0 0 0 0 0 0 0
1513884990.18 14006 11726 23857 25156 17073 13024 4 4145 4138 3, 0 1 0 0 0 0 0 0 0 0
1513884991.18 18988 14432 21365 21669 15917 15450 8 3933 3926 8, 0 1 0 0 0 0 0 0 0 0
1513884992.19 18609 14144 16999 18997 15879 18392 4 2080 2075 4, 0 1 0 0 0 0 0 0 0 0
1513884993.2 17017 13332 17781 21829 22655 23142 10 2895 2883 6, 0 1 0 0 0 0 0 0 0 0
1513884994.2 15602 15069 25250 29682 27810 26895 4 3035 3031 5, 0 1 0 0 0 0 0 0 0 0
1513884995.2 18820 13378 20457 27050 26441 26882 5 3443 3438 5, 0 1 0 0 0 0 0 0 0 0
1513884996.21 18606 14033 19905 26753 25838 26225 7 2232 2228 6, 0 1 0 0 0 0 0 0 0 0
1513884997.21 18659 16153 21527 26612 23098 23626 12 2125 2114 9, 0 1 0 0 0 0 0 0 0 0
1513884998.22 20519 17799 20456 22517 23854 26487 10 884 870 8, 0 1 0 0 0 0 0 0 0 0
1513884999.22 15501 13949 17814 19484 16829 18772 13 26 13 11, 0 1 0 0 0 0 0 0 0 0
1513885000.23 11578 9706 12758 18148 15445 17150 19 33 14 25, 0 1 0 0 0 0 0 0 0 0
1513885001.23 12212 9113 11995 16797 13715 19720 24 42 16 32, 0 1 0 0 0 0 0 0 0 0
1513885002.24 11559 7808 8113 12226 10818 13309 24 58 36 31, 0 1 0 0 0 0 0 0 0 0
1513885003.24 9489 5932 4829 10749 9191 10076 19 29 13 24, 0 1 0 0 0 0 0 0 0 0
1513885004.24 6690 2528 2291 5322 5543 6510 20 35 16 24, 0 1 0 0 0 0 0 0 0 0
1513885005.25 1419 657 1396 1734 1036 1455 14 24 6 9, 0 1 0 0 0 0 0 0 0 0
1513885006.25 11593 3259 185 2539 8226 16159 13 22 8 7, 0 1 0 0 0 0 0 0 0 0
1513885007.26 18133 5215 196 3769 13320 29557 13 36 22 19, 0 1 0 0 0 0 0 0 0 0
1513885008.27 22875 5815 168 3751 15401 38848 20 29 10 23, 0 1 0 0 0 0 0 0 0 0
1513885009.28 24750 6273 304 3552 16880 43943 10 112 103 7, 0 1 0 0 0 0 0 0 0 0
1513885010.29 28820 6877 429 3736 17931 44904 9 295 287 7, 0 1 0 0 0 0 0 0 0 0
1513885011.29 30056 6931 2089 5359 18318 43763 6 704 698 6, 0 1 0 0 0 0 0 0 0 0
1513885012.3 29266 9519 4396 6842 16863 38200 5 1474 1467 2, 0 1 0 0 0 0 0 0 0 0
1513885013.3 25255 7440 6550 9207 15038 32472 11 1140 1130 9, 0 1 0 0 0 0 0 0 0 0
1513885014.31 21384 7487 6426 10974 14409 25600 9 1179 1168 5, 0 1 0 0 0 0 0 0 0 0
1513885015.32 16710 8703 5436 10062 12371 17722 21 43 22 21, 0 1 0 0 0 0 0 0 0 0
1513885016.32 9822 5844 5514 10769 12799 11840 19 41 21 27, 0 1 0 0 0 0 0 0 0 0
1513885017.32 6370 4573 4930 8645 9497 7499 10 22 10 13, 0 1 0 0 0 0 0 0 0 0
1513885018.33 14148 8256 7124 7853 8947 11762 9 1623 1611 12, 0 1 0 0 0 0 0 0 0 0
1513885019.34 27456 26000 29175 16868 11149 13524 18 6914 6897 16, 0 1 0 0 0 0 0 0 0 0
1513885020.34 31318 19908 34781 16643 6445 12106 11 5565 5547 15, 0 1 0 0 0 0 0 0 0 0
1513885021.36 15393 14215 29818 13588 4288 5183 8 5033 5028 9, 0 1 0 0 0 0 0 0 0 0
1513885022.36 10636 10217 25175 8166 1639 3176 8 3765 3752 7, 0 1 0 0 0 0 0 0 0 0
1513885023.37 23463 18538 31973 9728 4412 8758 12 9383 9369 14, 0 1 0 0 0 0 0 0 0 0
1513885024.37 24712 16463 27409 6507 4061 11597 9 7591 7583 7, 0 1 0 0 0 0 0 0 0 0
1513885025.39 25010 20829 25705 6771 6279 14794 6 5327 5321 9, 0 1 0 0 0 0 0 0 0 0
1513885026.4 26207 18507 20785 8276 9096 20940 5 3457 3451 5, 0 1 0 0 0 0 0 0 0 0
1513885027.41 25151 18184 17919 6959 8445 21965 11 2189 2182 16, 0 1 0 0 0 0 0 0 0 0
1513885028.41 26410 19745 22872 9347 8973 23303 3 2003 2000 4, 0 1 0 0 0 0 0 0 0 0
1513885029.43 29612 18746 27097 9837 11302 29076 7 5545 5538 10, 0 1 0 0 0 0 0 0 0 0
1513885030.44 30180 15726 18994 6216 7145 22309 11 4665 4652 14, 0 1 0 0 0 0 0 0 0 0
1513885031.44 19171 8804 9989 1458 1973 11552 14 2790 2771 19, 0 1 0 0 0 0 0 0 0 0
1513885032.45 16812 5759 8092 682 1129 11319 15 3758 3741 17, 0 1 0 0 0 0 0 0 0 0
1513885033.46 15516 3559 6619 657 2184 10215 9 3459 3449 11, 0 1 0 0 0 0 0 0 0 0
1513885034.46 14447 5319 5519 675 3853 12880 7 2619 2611 7, 0 1 0 0 0 0 0 0 0 0
1513885035.46 10357 5440 4128 923 4450 11028 8 1373 1365 11, 0 1 0 0 0 0 0 0 0 0
1513885036.47 12662 8771 10744 6145 6819 11852 4 1676 1671 7, 0 1 0 0 0 0 0 0 0 0
1513885037.47 21388 11494 9508 5256 11238 23263 7 909 897 5, 0 1 0 0 0 0 0 0 0 0
1513885038.48 25265 10943 9441 5369 12755 28107 9 1321 1311 6, 0 1 0 0 0 0 0 0 0 0
1513885039.49 30198 15890 9657 6446 13845 32655 4 197 192 2, 0 1 0 0 0 0 0 0 0 0
1513885040.5 31125 15500 10377 4817 12960 32294 4 2217 2215 5, 0 1 0 0 0 0 0 0 0 0
1513885041.5 36648 16542 11571 3138 12859 38004 4 2592 2588 6, 0 1 0 0 0 0 0 0 0 0
1513885042.52 31416 15173 8809 3470 7756 31549 3 2088 2085 6, 0 1 0 0 0 0 0 0 0 0
1513885043.53 35199 16830 13534 2494 7674 31596 3 6355 6352 5, 0 1 0 0 0 0 0 0 0 0
1513885044.53 28807 15461 13627 2318 5708 19823 5 6564 6555 7, 0 1 0 0 0 0 0 0 0 0
1513885045.54 21366 14730 12623 2257 4191 15710 7 4082 4073 8, 0 1 0 0 0 0 0 0 0 0
1513885046.56 14178 8718 14653 9028 4045 9250 9 4978 4969 11, 0 1 0 0 0 0 0 0 0 0
1513885047.57 9777 8240 26422 22892 7294 5995 10 3979 3966 16, 0 1 0 0 0 0 0 0 0 0
1513885048.57 10753 6472 25208 23028 12009 9160 8 3354 3345 11, 0 1 0 0 0 0 0 0 0 0
1513885049.58 12050 4450 25869 30637 20470 12505 8 2781 2774 9, 0 1 0 0 0 0 0 0 0 0
1513885050.59 12000 4524 23369 26483 25581 15851 11 2830 2818 11, 0 1 0 0 0 0 0 0 0 0
1513885051.6 10512 3041 23270 29308 28420 14820 10 2978 2970 13, 0 1 0 0 0 0 0 0 0 0
1513885052.61 9195 2936 20476 25203 27042 14855 4 2150 2146 7, 0 1 0 0 0 0 0 0 0 0
1513885053.61 10275 3478 19850 23591 24994 16330 7 1818 1810 8, 0 1 0 0 0 0 0 0 0 0
1513885054.62 22048 6643 16562 20196 24956 22163 8 1536 1528 9, 0 1 0 0 0 0 0 0 0 0
1513885055.62 27624 17090 16880 17456 24006 24372 7 1267 1259 9, 0 1 0 0 0 0 0 0 0 0
1513885056.62 27766 20553 15462 14865 17888 21339 3 1415 1411 5, 0 1 0 0 0 0 0 0 0 0
1513885057.62 28190 22252 15098 13157 15153 17631 5 117 111 7, 0 1 0 0 0 0 0 0 0 0
1513885058.63 30553 25000 20117 17985 16475 18374 3 1577 1575 4, 0 1 0 0 0 0 0 0 0 0
1513885059.64 29994 30024 33218 26608 18214 20089 5 2307 2297 8, 0 1 0 0 0 0 0 0 0 0
1513885060.65 29688 22318 26641 28028 19800 22215 3 2419 2416 3, 0 1 0 0 0 0 0 0 0 0
1513885061.66 27430 21234 27654 28652 20823 22787 10 3216 3202 7, 0 1 0 0 0 0 0 0 0 0
1513885062.67 26796 20027 26976 27540 20869 20686 15 4244 4231 12, 0 1 0 0 0 0 0 0 0 0
1513885063.68 26639 19780 29978 29423 21025 19932 18 6835 6817 13, 0 1 0 0 0 0 0 0 0 0
1513885064.68 21075 15837 31206 27419 17970 18561 14 6586 6574 13, 0 1 0 0 0 0 0 0 0 0
1513885065.69 23535 16826 27087 21300 21115 24686 7 7677 7669 7, 0 1 0 0 0 0 0 0 0 0
1513885066.69 23322 14281 22597 19865 20490 23614 7 8464 8457 7, 0 1 0 0 0 0 0 0 0 0
1513885067.69 21302 11070 16013 14417 13236 17155 10 6259 6244 13, 0 1 0 0 0 0 0 0 0 0
1513885068.7 18766 11314 15124 13827 11701 13471 12 4170 4156 14, 0 1 0 0 0 0 0 0 0 0
1513885069.7 16757 5351 14776 18113 14732 16423 11 3621 3606 16, 0 1 0 0 0 0 0 0 0 0
1513885070.71 16978 7619 13955 22013 17139 14781 15 3030 3011 13, 0 1 0 0 0 0 0 0 0 0
1513885071.71 18468 8099 12334 21638 16704 15088 10 2841 2828 8, 0 1 0 0 0 0 0 0 0 0
1513885072.72 21345 8953 8745 21244 14556 16565 7 3625 3618 7, 0 1 0 0 0 0 0 0 0 0
1513885073.72 22044 10752 8905 21548 19001 19796 4 1005 999 3, 0 1 0 0 0 0 0 0 0 0
1513885074.73 24765 10387 9042 22463 17205 20075 7 672 663 7, 0 1 0 0 0 0 0 0 0 0
1513885075.73 25216 7948 4837 20694 16697 20141 8 569 558 11, 0 1 0 0 0 0 0 0 0 0
1513885076.73 22154 5310 2884 19916 14311 21306 7 597 587 13, 0 1 0 0 0 0 0 0 0 0
1513885077.74 27717 7298 3112 10916 13407 25816 3 1076 1073 6, 0 1 0 0 0 0 0 0 0 0
1513885078.75 27719 8774 3254 13043 18826 29508 5 632 626 6, 0 1 0 0 0 0 0 0 0 0
1513885079.75 26837 9860 2534 12527 20424 32027 2 1388 1385 2, 0 1 0 0 0 0 0 0 0 0
1513885080.75 23975 11188 3630 17362 27654 30932 3 25 21 5, 0 1 0 0 0 0 0 0 0 0
1513885081.76 19378 7696 6378 19354 24078 31612 9 174 161 15, 0 1 0 0 0 0 0 0 0 0
1513885082.77 25285 9147 13587 27324 29111 35693 15 792 772 18, 0 1 0 0 0 0 0 0 0 0
1513885083.77 30894 10932 18438 28770 29634 33490 11 5959 5950 13, 0 1 0 0 0 0 0 0 0 0
1513885084.78 26573 8629 16040 26161 28373 30531 12 6123 6107 14, 0 1 0 0 0 0 0 0 0 0
1513885085.78 27081 8543 14097 23093 24719 32342 4 3060 3053 4, 0 1 0 0 0 0 0 0 0 0
1513885086.79 25913 6129 7283 22594 24867 32677 6 1131 1128 4, 0 1 0 0 0 0 0 0 0 0
1513885087.79 25215 6787 7169 22487 22864 32518 9 1560 1550 5, 0 1 0 0 0 0 0 0 0 0
1513885088.79 24632 7459 8520 20490 23278 30022 10 4087 4076 8, 0 1 0 0 0 0 0 0 0 0
1513885089.8 27829 9938 8974 17407 23624 30947 9 3818 3809 7, 0 1 0 0 0 0 0 0 0 0
1513885090.8 24877 11547 9335 14794 22635 27650 5 4111 4106 5, 0 1 0 0 0 0 0 0 0 0
1513885091.81 19652 11173 8277 12340 18556 20545 6 3010 3004 9, 0 1 0 0 0 0 0 0 0 0
1513885092.81 21122 8580 9171 15027 23123 25642 10 3375 3367 10, 0 1 0 0 0 0 0 0 0 0
1513885093.82 13349 5826 6006 13012 17851 17669 6 826 819 10, 0 1 0 0 0 0 0 0 0 0
1513885094.82 12209 7061 12451 16352 13045 12610 7 13 4 6, 0 1 0 0 0 0 0 0 0 0
1513885095.82 11173 5137 10743 16701 15334 14137 7 24 15 8, 0 1 0 0 0 0 0 0 0 0
1513885096.83 8715 6506 11084 16672 13868 10080 10 21 6 10, 0 1 0 0 0 0 0 0 0 0
1513885097.84 3194 7026 11146 13144 8475 2605 14 28 15 13, 0 1 0 0 0 0 0 0 0 0
1513885098.84 2835 4788 7732 9708 6830 2637 17 234 218 17, 0 1 0 0 0 0 0 0 0 0
1513885099.84 11082 3570 6788 18485 25488 24118 10 20 10 12, 0 1 0 0 0 0 0 0 0 0
1513885100.85 14646 4192 3054 20211 33364 33051 10 21 11 15, 0 1 0 0 0 0 0 0 0 0
1513885101.85 14673 4048 3286 19026 33402 39428 7 25 17 7, 0 1 0 0 0 0 0 0 0 0
1513885102.86 13214 3045 3042 15789 29497 34611 3 8 4 2, 0 1 0 0 0 0 0 0 0 0
1513885103.86 16805 6119 3078 16208 29592 36662 3 18 15 4, 0 1 0 0 0 0 0 0 0 0
1513885104.88 17122 7233 3735 13717 24344 37723 4 10 8 5, 0 1 0 0 0 0 0 0 0 0
1513885105.88 17370 11500 5089 12410 23964 35482 4 17 13 4, 0 1 0 0 0 0 0 0 0 0
1513885106.89 16198 11385 7663 14832 22420 32973 12 284 271 4, 0 1 0 0 0 0 0 0 0 0
1513885107.89 15310 11293 4787 10750 19021 24885 12 32 19 10, 0 1 0 0 0 0 0 0 0 0
1513885108.89 19054 12637 5543 9970 18057 22869 6 12 5 8, 0 1 0 0 0 0 0 0 0 0
1513885109.9 21102 14772 5883 6766 12256 18811 6 17 10 3, 0 1 0 0 0 0 0 0 0 0
1513885110.9 16604 13221 6111 5773 12251 15482 6 612 603 6, 0 1 0 0 0 0 0 0 0 0
1513885111.91 18132 10332 6267 5696 12687 20747 6 1942 1935 4, 0 1 0 0 0 0 0 0 0 0
1513885112.91 17599 10313 6534 5454 12062 19703 7 1874 1866 12, 0 1 0 0 0 0 0 0 0 0
1513885113.92 12817 8107 4618 4047 8159 12122 12 1677 1659 12, 0 1 0 0 0 0 0 0 0 0
1513885114.92 8520 4694 4139 2549 4928 7146 11 2626 2618 10, 0 1 0 0 0 0 0 0 0 0
1513885115.93 3275 1650 2229 1629 3924 4264 10 939 928 9, 0 1 0 0 0 0 0 0 0 0
1513885116.93 1564 449 467 1364 3597 3602 9 26 14 8, 0 1 0 0 0 0 0 0 0 0
1513885117.93 2029 246 1101 4271 5414 4298 12 25 10 13, 0 1 0 0 0 0 0 0 0 0
1513885118.94 3453 899 3713 9019 9423 7175 7 34 25 10, 0 1 0 0 0 0 0 0 0 0
1513885119.95 4967 2288 7072 13374 12455 9305 8 24 12 8, 0 1 0 0 0 0 0 0 0 0
1513885120.95 6799 6129 10588 14996 12816 9770 7 153 144 10, 0 1 0 0 0 0 0 0 0 0
1513885121.97 14317 8655 17544 18128 13932 14900 7 650 644 7, 0 1 0 0 0 0 0 0 0 0
1513885122.97 31288 16954 28165 26521 21971 27744 10 714 706 17, 0 1 0 0 0 0 0 0 0 0
1513885123.98 26564 12524 20070 16438 16578 23912 7 924 911 9, 0 1 0 0 0 0 0 0 0 0
1513885124.99 29429 15230 18897 15684 17754 25390 5 1015 1009 7, 0 1 0 0 0 0 0 0 0 0
1513885125.99 28035 16041 19818 14777 18630 29392 11 2426 2415 10, 0 1 0 0 0 0 0 0 0 0
1513885127.0 22698 20018 25335 12375 12634 23424 8 1789 1781 5, 0 1 0 0 0 0 0 0 0 0
1513885128.0 22288 17846 24307 10587 13783 24998 8 1832 1822 3, 0 1 0 0 0 0 0 0 0 0
1513885129.02 18701 16692 26105 17599 19454 23377 8 4054 4046 9, 0 1 0 0 0 0 0 0 0 0
1513885130.02 18686 15001 25763 20736 22688 24553 9 4133 4122 13, 0 1 0 0 0 0 0 0 0 0
1513885131.02 18874 17930 24308 20373 19851 18814 10 5394 5382 10, 0 1 0 0 0 0 0 0 0 0
1513885132.03 19331 18288 30376 24114 17472 17618 9 6025 6015 12, 0 1 0 0 0 0 0 0 0 0
1513885133.03 19464 15017 30584 25373 18885 22338 5 6980 6970 8, 0 1 0 0 0 0 0 0 0 0
1513885134.04 21128 16870 26990 23670 19969 25985 2 3582 3580 2, 0 1 0 0 0 0 0 0 0 0
1513885135.04 25312 16854 23656 20587 22282 30781 2 3143 3141 0, 0 1 0 0 0 0 0 0 0 0
1513885136.05 23297 14782 26446 23145 22821 32315 5 2869 2863 1, 0 1 0 0 0 0 0 0 0 0
1513885137.06 28612 14587 24186 22365 23236 35196 8 3732 3715 3, 0 1 0 0 0 0 0 0 0 0
1513885138.06 28690 16542 19594 16696 21415 35677 8 2736 2734 1, 0 1 0 0 0 0 0 0 0 0
1513885139.06 27889 14913 14915 16449 22976 32273 8 2903 2897 5, 0 1 0 0 0 0 0 0 0 0
1513885140.07 23445 15103 11964 14109 22226 25976 6 2599 2594 2, 0 1 0 0 0 0 0 0 0 0
1513885141.07 17632 10256 8486 11135 19274 23941 9 1444 1433 5, 0 1 0 0 0 0 0 0 0 0
1513885142.08 7853 4742 3258 6294 12616 13430 15 33 17 18, 0 1 0 0 0 0 0 0 0 0
1513885143.08 5074 4989 2459 2853 6351 6285 16 38 19 25, 0 1 0 0 0 0 0 0 0 0
1513885144.09 3013 3776 2065 1206 3325 3605 16 40 21 27, 0 1 0 0 0 0 0 0 0 0
1513885145.09 3291 2565 869 967 1714 2282 22 49 22 33, 0 1 0 0 0 0 0 0 0 0
1513885146.1 10472 6984 4277 3041 4077 6384 18 2094 2074 27, 0 1 0 0 0 0 0 0 0 0
1513885147.1 23284 23162 13957 13298 10737 10633 7 1408 1404 12, 0 1 0 0 0 0 0 0 0 0
1513885148.11 24314 21001 24924 24517 12936 11051 12 3512 3496 10, 0 1 0 0 0 0 0 0 0 0
1513885149.11 17109 21516 35231 31959 14345 9757 14 1916 1901 20, 0 1 0 0 0 0 0 0 0 0
1513885150.12 15814 21215 34749 33484 17031 12809 10 2393 2384 15, 0 1 0 0 0 0 0 0 0 0
1513885151.13 18535 23187 35180 35720 21041 15165 7 2548 2541 7, 0 1 0 0 0 0 0 0 0 0
1513885152.13 13507 17989 31572 33131 17281 12081 4 2011 2004 5, 0 1 0 0 0 0 0 0 0 0
1513885153.14 12112 13292 29230 30318 15791 12124 4 2953 2950 7, 0 1 0 0 0 0 0 0 0 0
1513885154.14 14383 13600 35579 34543 17478 12082 3 4265 4264 3, 0 1 0 0 0 0 0 0 0 0
1513885155.15 12790 12982 33967 31094 16987 13275 4 2841 2838 6, 0 1 0 0 0 0 0 0 0 0
1513885156.15 13606 14782 33433 28273 18322 14955 5 3133 3124 6, 0 1 0 0 0 0 0 0 0 0
1513885157.16 9150 13255 35900 28080 16718 12153 13 3597 3580 12, 0 1 0 0 0 0 0 0 0 0
1513885158.17 10663 11276 35138 28846 17036 14728 13 4632 4621 8, 0 1 0 0 0 0 0 0 0 0
1513885159.17 17753 14578 26504 24356 17056 20873 12 2330 2318 5, 0 1 0 0 0 0 0 0 0 0
1513885160.18 20249 17363 23921 22179 17971 20071 9 2350 2340 10, 0 1 0 0 0 0 0 0 0 0
1513885161.18 18403 15913 18250 12058 11282 19113 11 1783 1775 8, 0 1 0 0 0 0 0 0 0 0
1513885162.19 16705 13135 11869 6809 8955 16789 9 1003 993 6, 0 1 0 0 0 0 0 0 0 0
1513885163.19 27122 18821 9254 6635 12677 21010 14 959 949 12, 0 1 0 0 0 0 0 0 0 0
1513885164.2 30187 23760 8165 5236 12104 19922 12 837 826 11, 0 1 0 0 0 0 0 0 0 0
1513885165.2 31292 23418 6866 5042 13640 23130 12 385 373 12, 0 1 0 0 0 0 0 0 0 0
1513885166.21 32773 27384 13235 12629 18228 23429 11 1671 1658 9, 0 1 0 0 0 0 0 0 0 0
1513885167.21 28612 26781 15183 16981 20933 23272 6 279 273 8, 0 1 0 0 0 0 0 0 0 0
1513885168.22 29462 24112 13831 21070 28095 26302 3 1203 1198 4, 0 1 0 0 0 0 0 0 0 0
1513885169.23 31682 23545 14208 22826 32643 30791 7 2259 2253 4, 0 1 0 0 0 0 0 0 0 0
1513885170.24 29000 19974 13917 24560 33288 32436 9 1682 1673 5, 0 1 0 0 0 0 0 0 0 0
1513885171.25 22569 16244 16983 25038 29013 26997 9 1129 1122 8, 0 1 0 0 0 0 0 0 0 0
1513885172.26 19946 15350 19696 27091 34028 27912 9 1875 1864 7, 0 1 0 0 0 0 0 0 0 0
1513885173.27 21669 17868 26865 30508 30844 27015 14 3967 3951 11, 0 1 0 0 0 0 0 0 0 0
1513885174.29 19309 19156 32056 33297 32226 25594 9 5290 5278 10, 0 1 0 0 0 0 0 0 0 0
1513885175.29 18676 16070 27222 26609 26831 24574 8 4770 4763 5, 0 1 0 0 0 0 0 0 0 0
1513885176.3 15769 13208 19561 15840 19834 20726 6 3993 3983 7, 0 1 0 0 0 0 0 0 0 0
1513885177.3 13738 14069 21209 11761 11343 16309 23 1943 1923 23, 0 1 0 0 0 0 0 0 0 0
1513885178.31 10307 14787 26735 14999 8698 11295 19 2161 2143 20, 0 1 0 0 0 0 0 0 0 0
1513885179.31 11361 14972 22424 12241 8765 12722 11 2150 2141 14, 0 1 0 0 0 0 0 0 0 0
1513885180.31 4864 11166 20178 10923 8791 8030 20 2062 2042 22, 0 1 0 0 0 0 0 0 0 0
1513885181.32 4678 10394 23595 17333 15977 9032 10 2059 2047 3, 0 1 0 0 0 0 0 0 0 0
1513885182.32 5223 7021 22483 16200 14080 8330 8 2085 2079 9, 0 1 0 0 0 0 0 0 0 0
1513885183.33 8822 15127 27292 18903 14565 9810 5 2018 2013 3, 0 1 0 0 0 0 0 0 0 0
1513885184.33 13955 14301 14225 15975 15854 13340 9 1697 1688 13, 0 1 0 0 0 0 0 0 0 0
1513885185.34 11096 12072 11139 14321 16013 14755 6 163 158 3, 0 1 0 0 0 0 0 0 0 0
1513885186.34 7831 9580 11014 13323 13652 14068 9 9 3 8, 0 1 0 0 0 0 0 0 0 0
1513885187.36 8198 10956 17674 17886 13204 14093 6 15 8 2, 0 1 0 0 0 0 0 0 0 0
1513885188.37 9761 13839 26529 25262 17346 17057 3 332 328 1, 0 1 0 0 0 0 0 0 0 0
1513885189.38 8834 13279 26382 27014 16279 12239 3 768 767 7, 0 1 0 0 0 0 0 0 0 0
1513885190.38 8356 10775 21264 23796 13917 9365 4 1453 1448 3, 0 1 0 0 0 0 0 0 0 0
1513885191.39 6242 9210 19494 21524 11945 6617 3 1485 1482 2, 0 1 0 0 0 0 0 0 0 0
1513885192.39 4480 5914 14626 15784 9090 5408 12 2258 2247 16, 0 1 0 0 0 0 0 0 0 0
1513885193.4 3792 7890 14730 11631 4502 1370 9 2014 2003 11, 0 1 0 0 0 0 0 0 0 0
1513885194.4 4264 14369 22811 14634 4792 1142 12 1363 1353 15, 0 1 0 0 0 0 0 0 0 0
1513885195.4 4292 11961 21926 19069 7715 1720 6 1184 1178 9, 0 1 0 0 0 0 0 0 0 0
1513885196.41 12420 12904 19475 16086 11503 12790 10 1510 1498 10, 0 1 0 0 0 0 0 0 0 0
1513885197.41 17903 11604 14972 12340 10903 18906 10 20 9 5, 0 1 0 0 0 0 0 0 0 0
1513885198.42 16688 11054 13316 10591 12995 20435 7 16 7 3, 0 1 0 0 0 0 0 0 0 0
1513885199.42 10100 9220 9579 8983 10037 11481 10 15 7 11, 0 1 0 0 0 0 0 0 0 0
1513885200.43 13208 7616 7895 9357 13598 18003 11 25 13 8, 0 1 0 0 0 0 0 0 0 0
1513885201.43 13366 6756 6679 10341 16186 18451 10 24 16 6, 0 1 0 0 0 0 0 0 0 0
1513885202.44 16774 7010 3692 5682 14147 21425 5 22 14 4, 0 1 0 0 0 0 0 0 0 0
1513885203.44 20096 7023 2346 5110 16870 28325 6 16 10 4, 0 1 0 0 0 0 0 0 0 0
1513885204.45 20835 7166 417 3766 14587 29464 11 21 8 8, 0 1 0 0 0 0 0 0 0 0
1513885205.45 20029 6838 171 2956 13220 29976 22 37 14 18, 0 1 0 0 0 0 0 0 0 0
1513885206.45 19123 8680 1676 3810 15050 30694 17 27 11 15, 0 1 0 0 0 0 0 0 0 0
1513885207.46 16232 8952 2219 3377 12154 26905 17 31 15 15, 0 1 0 0 0 0 0 0 0 0
1513885208.46 18821 11134 2301 2962 11174 24130 21 33 12 26, 0 1 0 0 0 0 0 0 0 0
1513885209.47 15073 9278 1793 2205 7506 15736 12 14 2 8, 0 1 0 0 0 0 0 0 0 0
1513885210.47 17648 8592 1225 2559 8788 18422 9 16 5 5, 0 1 0 0 0 0 0 0 0 0
1513885211.48 14499 10357 7410 5749 7036 13550 11 185 176 8, 0 1 0 0 0 0 0 0 0 0
1513885212.49 10403 12476 19901 9863 4223 8573 8 95 87 8, 0 1 0 0 0 0 0 0 0 0
1513885213.49 10801 14188 22312 15004 5512 8278 8 1692 1685 6, 0 1 0 0 0 0 0 0 0 0
1513885214.5 6042 9267 13459 12692 5793 3592 9 380 18 8, 0 1 0 0 0 0 0 0 0 0
1513885215.5 4521 6761 10092 9797 4323 2685 9 27 18 7, 0 1 0 0 0 0 0 0 0 0
1513885216.5 2797 5410 11355 10359 4221 1905 6 627 623 4, 0 1 0 0 0 0 0 0 0 0
1513885217.51 4373 11577 24126 15186 4749 742 9 4997 4987 5, 0 1 0 0 0 0 0 0 0 0
1513885218.52 4974 15887 35180 19850 5880 1526 10 5589 5578 5, 0 1 0 0 0 0 0 0 0 0
1513885219.53 7737 16179 39831 22550 8153 3833 7 5028 5023 5, 0 1 0 0 0 0 0 0 0 0
1513885220.54 7558 14977 42871 24124 9569 5201 15 6384 6372 9, 0 1 0 0 0 0 0 0 0 0
1513885221.55 11154 14260 44345 23041 10727 8474 12 8234 8221 3, 0 1 0 0 0 0 0 0 0 0
1513885222.55 14144 12865 35297 23983 10577 9515 7 8923 8916 5, 0 1 0 0 0 0 0 0 0 0
1513885223.58 15682 15052 32650 24045 11815 12698 11 6277 6266 7, 0 1 0 0 0 0 0 0 0 0
1513885224.58 25044 16906 33372 22951 14513 19104 6 7048 7042 6, 0 1 0 0 0 0 0 0 0 0
1513885225.58 26804 16604 30584 22192 17367 22117 8 9057 9050 6, 0 1 0 0 0 0 0 0 0 0
1513885226.58 27320 16582 27304 23375 24696 26481 7 9756 9750 7, 0 1 0 0 0 0 0 0 0 0
1513885227.58 25697 13991 21780 19580 26001 26189 10 9452 9440 6, 0 1 0 0 0 0 0 0 0 0
1513885228.59 19470 13866 22651 19973 20792 19412 12 5922 5909 7, 0 1 0 0 0 0 0 0 0 0
1513885229.59 13718 13257 20461 17882 17812 14172 5 5114 5108 6, 0 1 0 0 0 0 0 0 0 0
1513885230.6 8345 10634 22335 15277 14896 7635 5 4289 4285 8, 0 1 0 0 0 0 0 0 0 0
1513885231.61 6897 13597 30403 19836 15394 6925 12 4200 4184 14, 0 1 0 0 0 0 0 0 0 0
1513885232.61 6457 17384 37513 23436 12770 5475 7 6718 6712 11, 0 1 0 0 0 0 0 0 0 0
1513885233.61 7127 24914 46417 26232 21053 7482 9 8777 8035 6, 0 1 0 0 0 0 0 0 0 0
1513885234.62 5038 17061 55246 37823 13907 7462 6 5610 6335 14, 0 1 0 0 0 0 0 0 0 0
1513885235.62 5038 17061 55246 37823 13907 7462 6 5610 6335 14, 0 1 0 0 0 0 0 0 0 0
1513885236.62 8602 21622 41401 28504 14383 7161 5 6193 6189 4, 0 1 0 0 0 0 0 0 0 0
1513885237.62 6422 14963 36118 27483 12885 4698 3 6297 6294 5, 0 1 0 0 0 0 0 0 0 0
1513885238.63 8548 13084 29411 26800 12347 6493 9 4146 4138 13, 0 1 0 0 0 0 0 0 0 0
1513885239.63 5707 8445 27777 27284 11427 4528 9 4432 4425 11, 0 1 0 0 0 0 0 0 0 0
1513885240.64 4212 6823 29684 25692 9815 3649 6 2042 2035 8, 0 1 0 0 0 0 0 0 0 0
1513885241.64 10525 10531 27881 26098 10904 8167 7 1411 1407 8, 0 1 0 0 0 0 0 0 0 0
1513885242.64 15059 9994 23655 21869 10584 14355 2 1163 1162 2, 0 1 0 0 0 0 0 0 0 0
1513885243.64 18570 13826 22123 20236 10840 17071 4 1067 1063 2, 0 1 0 0 0 0 0 0 0 0
1513885244.65 16859 13477 17171 16562 9821 17660 5 8 4 3, 0 1 0 0 0 0 0 0 0 0
1513885245.65 14697 10679 12632 15010 10827 15075 11 12 3 13, 0 1 0 0 0 0 0 0 0 0
1513885246.66 11897 8092 11145 17279 12715 12072 12 19 8 15, 0 1 0 0 0 0 0 0 0 0
1513885247.66 13905 7374 14381 23641 22114 20594 5 5 1 7, 0 1 0 0 0 0 0 0 0 0
1513885248.67 13986 7854 12367 23455 24214 20881 8 11 6 9, 0 1 0 0 0 0 0 0 0 0
1513885249.67 17838 10133 11153 17882 24512 23656 8 2153 2146 8, 0 1 0 0 0 0 0 0 0 0
1513885250.67 13787 8962 6508 12757 20759 18951 9 266 257 9, 0 1 0 0 0 0 0 0 0 0
1513885251.69 10807 10639 10056 13180 15194 12220 18 119 104 21, 0 1 0 0 0 0 0 0 0 0
1513885252.69 14154 10921 15359 17488 14423 12572 17 423 408 24, 0 1 0 0 0 0 0 0 0 0
1513885253.7 8473 14458 27559 21155 11155 5177 12 1265 1256 11, 0 1 0 0 0 0 0 0 0 0
1513885254.7 11020 15506 27523 19043 10659 6528 12 1335 1323 13, 0 1 0 0 0 0 0 0 0 0
1513885255.7 15474 18098 25046 14086 7157 6999 10 1642 1631 8, 0 1 0 0 0 0 0 0 0 0
1513885256.71 16630 17716 22433 11849 6013 8352 9 1987 1976 7, 0 1 0 0 0 0 0 0 0 0
1513885257.71 14683 14655 23947 14160 6286 8194 10 2574 2565 6, 0 1 0 0 0 0 0 0 0 0
1513885258.72 13960 14785 25412 13812 7258 10617 12 2191 2182 13, 0 1 0 0 0 0 0 0 0 0
1513885259.72 17499 20371 25957 13293 8337 15235 7 1262 1256 7, 0 1 0 0 0 0 0 0 0 0
1513885260.73 21662 23634 22183 10148 9433 19740 7 981 975 8, 0 1 0 0 0 0 0 0 0 0
1513885261.74 20374 20745 12294 5192 9302 21760 5 6 2 7, 0 1 0 0 0 0 0 0 0 0
1513885262.74 21534 17808 7730 4612 13198 27157 10 100 89 13, 0 1 0 0 0 0 0 0 0 0
1513885263.75 25803 22559 12874 9106 15098 26051 9 272 265 6, 0 1 0 0 0 0 0 0 0 0
1513885264.75 19862 17187 10351 6456 10374 19630 7 18 11 5, 0 1 0 0 0 0 0 0 0 0
1513885265.76 16814 12640 6527 5559 8969 14536 10 19 11 9, 0 1 0 0 0 0 0 0 0 0
1513885266.76 14922 11234 6952 5224 7110 12111 13 442 429 17, 0 1 0 0 0 0 0 0 0 0
1513885267.76 17196 13868 11415 6597 10029 18396 4 1908 1902 8, 0 1 0 0 0 0 0 0 0 0
1513885268.77 24711 15569 8535 5884 14562 32427 4 1183 1179 6, 0 1 0 0 0 0 0 0 0 0
1513885269.77 22809 11721 7508 3510 9831 31787 6 389 384 7, 0 1 0 0 0 0 0 0 0 0
1513885270.78 17300 7839 7788 3744 12509 32477 6 10 4 3, 0 1 0 0 0 0 0 0 0 0
1513885271.78 16344 7242 3982 2944 11431 30653 4 4 2 4, 0 1 0 0 0 0 0 0 0 0
1513885272.78 17313 8055 3183 4334 14182 22745 4 8 2 3, 0 1 0 0 0 0 0 0 0 0
1513885273.79 7367 3533 1127 3822 9731 10621 5 17 11 8, 0 1 0 0 0 0 0 0 0 0
1513885274.79 11594 4655 1024 4691 14769 17573 5 18 14 9, 0 1 0 0 0 0 0 0 0 0
1513885275.8 18839 5917 63 6473 22728 29595 7 15 10 11, 0 1 0 0 0 0 0 0 0 0
1513885276.81 21752 6606 79 7179 23209 31610 10 13 8 13, 0 1 0 0 0 0 0 0 0 0
1513885277.82 23644 6737 54 7916 22045 31922 6 13 7 11, 0 1 0 0 0 0 0 0 0 0
1513885278.83 23479 7505 559 7779 20327 29441 7 9 3 7, 0 1 0 0 0 0 0 0 0 0
1513885279.83 22032 6073 73 7560 22272 31248 3 6 4 7, 0 1 0 0 0 0 0 0 0 0
1513885280.84 18304 4536 77 6644 20859 28114 7 20 13 9, 0 1 0 0 0 0 0 0 0 0
1513885281.84 15576 4600 102 6610 19198 23805 5 17 8 11, 0 1 0 0 0 0 0 0 0 0
1513885282.85 16295 5367 3636 6161 15406 23180 14 315 304 18, 0 1 0 0 0 0 0 0 0 0
1513885283.85 18591 4476 2870 11019 22429 28574 4 17 11 7, 0 1 0 0 0 0 0 0 0 0
1513885284.86 19304 5999 6374 14235 25081 33600 3 1028 1021 5, 0 1 0 0 0 0 0 0 0 0
1513885285.86 18622 8576 9905 15612 21572 33051 5 2397 2393 7, 0 1 0 0 0 0 0 0 0 0
1513885286.86 21874 10503 9568 12490 16935 29438 2 2110 2110 3, 0 1 0 0 0 0 0 0 0 0
1513885287.87 19121 9890 9089 10844 18037 29110 3 2248 2244 3, 0 1 0 0 0 0 0 0 0 0
1513885288.87 26031 15198 9714 11593 17692 27653 4 2313 2310 7, 0 1 0 0 0 0 0 0 0 0
1513885289.88 28366 14329 8609 13028 20261 30537 4 2819 2815 7, 0 1 0 0 0 0 0 0 0 0
1513885290.88 34841 16510 6242 11237 18493 30432 3 2249 2247 4, 0 1 0 0 0 0 0 0 0 0
1513885291.89 27969 14872 6686 8859 13323 26146 3 1238 1235 5, 0 1 0 0 0 0 0 0 0 0
1513885292.9 31575 13358 7125 11515 20078 32129 7 178 171 10, 0 1 0 0 0 0 0 0 0 0
1513885293.9 28710 13394 6139 13233 24967 35086 5 254 250 9, 0 1 0 0 0 0 0 0 0 0
1513885294.91 31380 17267 8375 10838 27242 40044 8 1241 1231 11, 0 1 0 0 0 0 0 0 0 0
1513885295.92 34971 19982 8949 8251 24280 42149 3 4273 4268 4, 0 1 0 0 0 0 0 0 0 0
1513885296.92 32904 16997 10163 14152 28374 40951 3 4497 4493 4, 0 1 0 0 0 0 0 0 0 0
1513885297.93 35070 20140 12910 9632 26391 41640 4 6254 6249 6, 0 1 0 0 0 0 0 0 0 0
1513885298.94 34476 16864 10711 9868 27844 42704 1 5194 5191 4, 0 1 0 0 0 0 0 0 0 0
1513885299.94 39610 19070 10308 13188 28693 46718 6 2685 2680 6, 0 1 0 0 0 0 0 0 0 0
1513885300.95 36778 22796 10241 12122 27494 39908 7 1264 1257 2, 0 1 0 0 0 0 0 0 0 0
1513885301.96 28769 17574 9685 11991 20703 32069 6 1003 999 5, 0 1 0 0 0 0 0 0 0 0
1513885302.96 29297 18374 12806 9653 17103 29949 9 2084 2076 10, 0 1 0 0 0 0 0 0 0 0
1513885303.96 32227 16816 14103 7406 21695 39068 11 2082 2073 14, 0 1 0 0 0 0 0 0 0 0
1513885304.97 35900 17101 10136 7303 24665 44975 10 2438 2429 9, 0 1 0 0 0 0 0 0 0 0
1513885305.97 34768 15814 10418 5886 14691 38069 9 3555 3547 15, 0 1 0 0 0 0 0 0 0 0
1513885306.98 39699 18642 9946 5253 14663 39297 10 4876 4865 13, 0 1 0 0 0 0 0 0 0 0
1513885307.98 37758 19135 8291 4240 11646 32275 6 5769 5759 7, 0 1 0 0 0 0 0 0 0 0
1513885308.99 38006 21501 6865 3345 11784 30692 10 4833 4824 15, 0 1 0 0 0 0 0 0 0 0
1513885309.99 32988 18204 6034 2735 10963 27715 10 2795 2786 13, 0 1 0 0 0 0 0 0 0 0
1513885311.0 31259 14529 3985 2688 11156 28201 9 2446 2433 7, 0 1 0 0 0 0 0 0 0 0
1513885312.0 32833 13033 5311 2357 11835 28525 6 4324 4320 5, 0 1 0 0 0 0 0 0 0 0
1513885313.0 34942 11628 4543 2294 9770 31098 5 3742 3735 6, 0 1 0 0 0 0 0 0 0 0
1513885314.01 36212 13215 4664 1962 9942 31997 8 4108 4100 9, 0 1 0 0 0 0 0 0 0 0
1513885315.01 35585 14135 7402 1171 8005 33231 11 7841 7828 14, 0 1 0 0 0 0 0 0 0 0
1513885316.02 35248 14484 5495 1587 10255 32780 3 4889 4890 6, 0 1 0 0 0 0 0 0 0 0
1513885317.02 35309 11712 4645 3814 9726 28263 8 4435 4428 8, 0 1 0 0 0 0 0 0 0 0
1513885318.02 31990 10203 3555 4876 11441 30097 13 3714 3704 10, 0 1 0 0 0 0 0 0 0 0
1513885319.03 30706 13551 6510 6446 11550 29401 8 3992 3983 5, 0 1 0 0 0 0 0 0 0 0
1513885320.03 32903 12442 6201 7031 15672 31595 10 5625 5612 3, 0 1 0 0 0 0 0 0 0 0
1513885321.03 30951 11715 4986 7352 18466 31229 11 4492 4481 5, 0 1 0 0 0 0 0 0 0 0
1513885322.04 32742 13888 8484 6970 17844 30959 9 7625 7617 3, 0 1 0 0 0 0 0 0 0 0
1513885323.04 28122 12237 13053 9383 14905 26845 8 7150 7139 9, 0 1 0 0 0 0 0 0 0 0
1513885324.59 28385 16946 28590 16415 18810 25311 10 12154 12147 9, 0 1 0 0 0 0 0 0 0 0
1513885325.6 17411 11162 22697 12659 14241 16161 9 7948 7948 4, 0 1 0 0 0 0 0 0 0 0
1513885326.6 18040 14008 23678 13315 15894 15912 10 7095 7078 4, 0 1 0 0 0 0 0 0 0 0
1513885327.6 20299 14167 27422 15713 14929 15676 2 8157 8153 2, 0 1 0 0 0 0 0 0 0 0
1513885328.61 16799 13103 28483 14602 16890 16055 6 6735 6729 1, 0 1 0 0 0 0 0 0 0 0
1513885329.61 14889 9951 22958 14408 15850 13597 4 6749 6746 5, 0 1 0 0 0 0 0 0 0 0
1513885330.62 13642 7463 15104 13163 14211 14395 4 5239 5236 4, 0 1 0 0 0 0 0 0 0 0
1513885331.62 11430 5190 6056 9061 11132 14279 10 17 6 15, 0 1 0 0 0 0 0 0 0 0
1513885332.63 24171 18737 11236 4487 11283 21413 15 2287 2271 22, 0 1 0 0 0 0 0 0 0 0
1513885333.63 32757 24389 13301 3080 14550 29641 8 3031 3020 9, 0 1 0 0 0 0 0 0 0 0
1513885334.64 29342 20803 7687 1477 5934 16526 14 2958 2942 22, 0 1 0 0 0 0 0 0 0 0
1513885335.64 29752 22533 11996 3987 5232 15708 10 3995 3985 13, 0 1 0 0 0 0 0 0 0 0
1513885336.65 30558 19359 13044 4301 5073 17983 10 3365 3352 12, 0 1 0 0 0 0 0 0 0 0
1513885337.65 25624 17037 15405 10488 8814 17042 5 1671 1662 9, 0 1 0 0 0 0 0 0 0 0
1513885338.66 27615 15844 18099 10726 8156 16520 19 5016 5002 28, 0 1 0 0 0 0 0 0 0 0
1513885339.66 29858 14320 16049 9880 8091 20156 8 4513 4507 10, 0 1 0 0 0 0 0 0 0 0
1513885340.67 30721 13113 15001 15440 12990 21509 6 5818 5808 5, 0 1 0 0 0 0 0 0 0 0
1513885341.68 27725 12468 11812 15899 14520 20663 7 3513 3505 6, 0 1 0 0 0 0 0 0 0 0
1513885342.69 30293 14202 9264 12574 16052 21475 5 4025 4023 8, 0 1 0 0 0 0 0 0 0 0
1513885343.7 29888 15920 10220 13028 20454 26516 4 4016 4011 0, 0 1 0 0 0 0 0 0 0 0
1513885344.7 26514 18161 10796 12911 21603 24941 3 3907 3904 2, 0 1 0 0 0 0 0 0 0 0
1513885345.71 25304 16139 7310 10065 19679 22934 4 4237 4232 3, 0 1 0 0 0 0 0 0 0 0
1513885346.71 22431 13812 5004 6749 13284 16123 21 3184 3164 15, 0 1 0 0 0 0 0 0 0 0
1513885347.72 17944 12704 3155 4357 9457 13505 7 279 271 5, 0 1 0 0 0 0 0 0 0 0
1513885348.72 11644 6912 2067 3563 7012 10734 7 23 14 11, 0 1 0 0 0 0 0 0 0 0
1513885349.73 6766 4259 2311 2745 4399 6509 12 25 12 11, 0 1 0 0 0 0 0 0 0 0
1513885350.73 5924 2636 243 1537 3929 5925 16 25 13 24, 0 1 0 0 0 0 0 0 0 0
1513885351.73 4741 1769 148 1419 3604 5358 13 27 11 14, 0 1 0 0 0 0 0 0 0 0
1513885352.74 3278 908 179 932 1893 3876 13 23 10 11, 0 1 0 0 0 0 0 0 0 0
1513885353.74 15388 6721 2054 1223 4459 12458 12 1537 1521 17, 0 1 0 0 0 0 0 0 0 0
1513885354.75 24466 12255 3120 1424 8670 21937 10 2252 2240 9, 0 1 0 0 0 0 0 0 0 0
1513885355.75 26344 12969 3369 790 10691 27373 8 1615 1604 12, 0 1 0 0 0 0 0 0 0 0
1513885356.76 24408 12807 3255 436 7316 22078 10 1128 1119 13, 0 1 0 0 0 0 0 0 0 0
1513885357.76 24322 14479 6502 3124 5825 17727 13 2269 2258 14, 0 1 0 0 0 0 0 0 0 0
1513885358.77 25321 12989 9755 5693 4203 16360 4 901 895 4, 0 1 0 0 0 0 0 0 0 0
1513885359.77 30767 14057 15630 8359 4724 17403 4 2991 2987 7, 0 1 0 0 0 0 0 0 0 0
1513885360.78 33771 13292 17588 9622 3611 22800 2 4026 4024 4, 0 1 0 0 0 0 0 0 0 0
1513885361.78 27724 11053 14969 8514 3378 17285 5 3506 3501 3, 0 1 0 0 0 0 0 0 0 0
1513885362.79 23700 9858 12958 8397 6446 17068 10 4643 4633 12, 0 1 0 0 0 0 0 0 0 0
1513885363.79 23078 16395 20348 13185 10038 19386 10 2403 2393 9, 0 1 0 0 0 0 0 0 0 0
1513885364.8 24209 11941 15803 11277 12459 24021 8 54 45 12, 0 1 0 0 0 0 0 0 0 0
1513885365.8 21282 13521 13588 10581 14227 23601 13 27 13 16, 0 1 0 0 0 0 0 0 0 0
1513885366.81 15174 12537 8683 4706 7112 13809 15 23 10 16, 0 1 0 0 0 0 0 0 0 0
1513885367.81 11087 9091 4966 3233 4208 7845 7 22 12 11, 0 1 0 0 0 0 0 0 0 0
1513885368.82 13338 11383 11712 9277 6122 8738 18 1312 1291 12, 0 1 0 0 0 0 0 0 0 0
1513885369.82 7800 10552 22561 17791 7441 6006 5 1903 1895 5, 0 1 0 0 0 0 0 0 0 0
1513885370.83 15386 12132 27586 26014 16376 17675 10 2212 2203 8, 0 1 0 0 0 0 0 0 0 0
1513885371.83 18633 14054 26041 23793 14942 19902 8 3763 3757 3, 0 1 0 0 0 0 0 0 0 0
1513885372.84 19441 12848 29873 22706 12442 18699 1 3281 3278 2, 0 1 0 0 0 0 0 0 0 0
1513885373.85 21000 13530 27578 23742 15094 21790 8 3858 3851 6, 0 1 0 0 0 0 0 0 0 0
1513885374.85 22331 14704 23340 24271 20224 24842 3 3290 3287 3, 0 1 0 0 0 0 0 0 0 0
1513885375.86 23032 13390 21718 20784 19174 25357 3 4504 4503 3, 0 1 0 0 0 0 0 0 0 0
1513885376.86 18907 14040 18073 19643 21662 23419 2 3866 3431 1, 0 1 0 0 0 0 0 0 0 0
1513885377.87 21084 12625 14333 12406 18574 21750 7 2962 3737 9, 0 1 0 0 0 0 0 0 0 0
1513885378.87 13051 7686 9866 11605 14872 17351 8 3745 3737 16, 0 1 0 0 0 0 0 0 0 0
1513885379.88 12980 10025 10582 13100 19993 18670 13 1811 1799 19, 0 1 0 0 0 0 0 0 0 0
1513885380.89 20244 11578 19062 17071 20492 25183 14 5817 5801 18, 0 1 0 0 0 0 0 0 0 0
1513885381.89 22582 10472 17041 13307 14251 21635 16 7354 7341 24, 0 1 0 0 0 0 0 0 0 0
1513885382.91 23962 10528 14953 10254 13212 21651 9 7354 7344 10, 0 1 0 0 0 0 0 0 0 0
1513885383.93 22241 8859 14159 8315 11213 19009 2 5822 5818 3, 0 1 0 0 0 0 0 0 0 0
1513885384.94 23131 9592 15167 8121 6653 14215 6 4221 4214 4, 0 1 0 0 0 0 0 0 0 0
1513885385.95 22967 9649 13847 6610 5756 13944 16 3595 3578 8, 0 1 0 0 0 0 0 0 0 0
1513885386.97 18542 8124 7529 3680 7882 14901 13 2149 2138 9, 0 1 0 0 0 0 0 0 0 0
1513885387.99 23087 13262 10488 4193 8323 22930 7 1433 1423 4, 0 1 0 0 0 0 0 0 0 0
1513885389.01 24980 10725 11832 9306 15171 32882 4 248 390 4, 0 1 0 0 0 0 0 0 0 0
1513885390.01 15948 8966 14074 9696 15891 28240 9 1957 1947 4, 0 1 0 0 0 0 0 0 0 0
1513885391.01 12795 6473 18555 19091 22736 27391 8 1936 1925 3, 0 1 0 0 0 0 0 0 0 0
1513885392.02 11367 6473 19184 19190 20156 21820 5 2060 2742 2, 0 1 0 0 0 0 0 0 0 0
1513885393.03 9443 4329 16543 20152 20156 21820 5 2747 2742 2, 0 1 0 0 0 0 0 0 0 0
1513885394.05 13235 3594 14051 20258 23261 25273 12 2038 2025 16, 0 1 0 0 0 0 0 0 0 0
1513885395.06 12112 3090 15469 25841 26414 29442 16 1750 1727 14, 0 1 0 0 0 0 0 0 0 0
1513885396.08 9252 2763 11913 28329 26182 23321 11 47 29 7, 0 1 0 0 0 0 0 0 0 0
1513885397.1 10478 2680 10253 26891 25789 24757 11 494 482 14, 0 1 0 0 0 0 0 0 0 0
1513885398.1 12518 6299 9982 25789 24657 20582 8 1929 1202 8, 0 1 0 0 0 0 0 0 0 0
1513885399.12 11845 4759 10207 25513 26008 20620 8 2752 2443 10, 0 1 0 0 0 0 0 0 0 0
1513885400.12 13655 6961 15009 14424 15799 17412 6 4926 4920 4, 0 1 0 0 0 0 0 0 0 0
1513885401.13 16640 9908 15351 14242 16423 18099 6 4650 4824 7, 0 1 0 0 0 0 0 0 0 0
1513885402.13 14801 10225 14206 14168 18966 16979 6 3930 3556 9, 0 1 0 0 0 0 0 0 0 0
1513885403.15 12505 5769 10948 17071 27023 21143 4 4297 4517 7, 0 1 0 0 0 0 0 0 0 0
1513885404.16 7443 1502 8030 16643 25648 15660 6 2269 2265 9, 0 1 0 0 0 0 0 0 0 0
1513885405.16 6983 1502 8767 16567 24978 15474 6 2288 3038 10, 0 1 0 0 0 0 0 0 0 0
1513885406.16 6839 1174 6029 13228 20343 15692 3 259 257 5, 0 1 0 0 0 0 0 0 0 0
1513885407.17 8361 3126 4519 10949 16394 13726 5 247 5 10, 0 1 0 0 0 0 0 0 0 0
1513885408.17 6992 4481 4279 6212 11998 10938 4 13 4 5, 0 1 0 0 0 0 0 0 0 0
1513885409.18 5380 4441 7141 8457 11683 8450 13 460 444 11, 0 1 0 0 0 0 0 0 0 0
1513885410.19 6860 4441 7965 9012 10518 6746 11 1278 2088 11, 0 1 0 0 0 0 0 0 0 0
1513885411.2 12307 14353 25709 14620 9837 5533 14 2287 2486 13, 0 1 0 0 0 0 0 0 0 0
1513885412.21 14645 14353 26291 14360 7492 6926 10 3304 3818 14, 0 1 0 0 0 0 0 0 0 0
1513885413.23 19956 14777 30267 14978 6242 9171 12 4890 4062 13, 0 1 0 0 0 0 0 0 0 0
1513885414.23 24005 20824 36623 14343 5623 11465 9 6733 6724 6, 0 1 0 0 0 0 0 0 0 0
1513885415.24 27406 20543 34946 12550 6986 14216 8 4984 4975 4, 0 1 0 0 0 0 0 0 0 0
1513885416.24 27831 20543 32843 14188 7727 14476 5 5237 5250 3, 0 1 0 0 0 0 0 0 0 0
1513885417.26 30055 19031 31169 13927 6741 15032 3 4638 4460 3, 0 1 0 0 0 0 0 0 0 0
1513885418.26 25997 16727 19537 12775 9207 18771 7 2719 2712 5, 0 1 0 0 0 0 0 0 0 0
1513885419.27 16523 10420 8815 7903 10971 17759 9 763 755 6, 0 1 0 0 0 0 0 0 0 0
1513885420.27 12426 9245 7071 4683 9968 14743 4 662 657 5, 0 1 0 0 0 0 0 0 0 0
1513885421.27 10175 9343 6366 3781 5615 8743 10 30 24 15, 0 1 0 0 0 0 0 0 0 0
1513885422.27 4000 5768 4551 1070 2363 4140 13 64 50 13, 0 1 0 0 0 0 0 0 0 0
1513885423.27 3349 4652 4208 2380 5838 6271 10 105 162 12, 0 1 0 0 0 0 0 0 0 0
1513885424.27 11316 4561 4588 13232 26653 27338 9 568 1015 10, 0 1 0 0 0 0 0 0 0 0
1513885425.28 17524 7233 11751 23191 29495 31522 7 1517 2299 12, 0 1 0 0 0 0 0 0 0 0
1513885426.29 18019 8823 15566 23192 29495 31522 7 2306 2299 12, 0 1 0 0 0 0 0 0 0 0
1513885427.3 17309 7553 16260 22439 27169 33985 9 3098 3091 12, 0 1 0 0 0 0 0 0 0 0
1513885428.33 15732 7774 17745 24861 29774 33710 6 2848 2846 10, 0 1 0 0 0 0 0 0 0 0
1513885429.33 24032 14301 17158 23834 26752 34778 10 1078 797 11, 0 1 0 0 0 0 0 0 0 0
1513885430.34 26489 17994 15762 26567 29226 36613 5 1046 1042 5, 0 1 0 0 0 0 0 0 0 0
1513885431.35 22970 15365 12471 24358 28372 33817 1 1727 1726 3, 0 1 0 0 0 0 0 0 0 0
1513885432.35 23296 15903 9995 23097 30753 34242 2 585 581 5, 0 1 0 0 0 0 0 0 0 0
1513885433.36 22545 17690 12936 20962 29827 34826 5 359 353 4, 0 1 0 0 0 0 0 0 0 0
1513885434.37 15633 12610 8556 14542 24529 30236 5 7 3 3, 0 1 0 0 0 0 0 0 0 0
1513885435.37 15877 11808 3795 13175 24231 25929 3 5 4 5, 0 1 0 0 0 0 0 0 0 0
1513885436.37 13615 8314 3217 18212 30205 24094 8 15 10 8, 0 1 0 0 0 0 0 0 0 0
1513885437.38 14095 8314 3221 16983 27393 22123 7 19 20 12, 0 1 0 0 0 0 0 0 0 0
1513885438.39 12139 5105 2554 15365 27393 22123 7 24 20 12, 0 1 0 0 0 0 0 0 0 0
1513885439.4 13415 3963 2475 9111 17879 20657 4 43 56 5, 0 1 0 0 0 0 0 0 0 0
1513885440.41 11429 4755 2360 6057 13501 16601 6 24 20 9, 0 1 0 0 0 0 0 0 0 0
1513885441.41 7783 3009 2067 5912 12613 13543 10 32 21 19, 0 1 0 0 0 0 0 0 0 0
1513885442.41 6361 2691 2134 5610 10829 11318 5 9 4 8, 0 1 0 0 0 0 0 0 0 0
1513885443.41 5592 2533 1639 4596 7973 7964 4 22 15 10, 0 1 0 0 0 0 0 0 0 0
1513885444.43 5592 2533 1639 4596 7973 7964 4 22 15 10, 0 1 0 0 0 0 0 0 0 0
1513885445.43 14737 8588 3847 1954 4190 11315 7 18 6 10, 0 1 0 0 0 0 0 0 0 0
1513885446.44 26177 27392 18298 7344 4145 11234 7 231 223 9, 0 1 0 0 0 0 0 0 0 0
1513885447.44 18397 20579 21139 15503 10456 13632 6 18 9 7, 0 1 0 0 0 0 0 0 0 0
1513885448.45 9845 14292 19046 13978 8537 7040 7 13 4 5, 0 1 0 0 0 0 0 0 0 0
1513885449.45 13668 14292 19046 18661 17250 15827 5 13 4 5, 0 1 0 0 0 0 0 0 0 0
1513885450.46 13889 17488 24114 20804 17250 15827 5 77 70 6, 0 1 0 0 0 0 0 0 0 0
1513885451.47 11010 18388 27568 23852 19661 19516 4 92 8 5, 0 1 0 0 0 0 0 0 0 0
1513885452.48 13651 11931 18692 25476 26818 23090 4 10 9 6, 0 1 0 0 0 0 0 0 0 0
1513885453.48 13403 10040 13793 23120 24737 23382 9 231 221 8, 0 1 0 0 0 0 0 0 0 0
1513885454.49 23135 14274 10735 18612 25793 28763 7 63 57 11, 0 1 0 0 0 0 0 0 0 0
1513885455.49 19257 10850 7320 13990 22491 24547 3 35 10 5, 0 1 0 0 0 0 0 0 0 0
1513885456.49 19454 11381 5261 14903 27442 28627 5 23 15 7, 0 1 0 0 0 0 0 0 0 0
1513885457.49 22952 11148 2895 15993 32477 36019 5 17 12 7, 0 1 0 0 0 0 0 0 0 0
1513885458.52 22952 11148 2895 15993 32477 36019 5 17 12 7, 0 1 0 0 0 0 0 0 0 0
1513885459.53 26615 10147 1366 12435 28661 37884 4 863 861 8, 0 1 0 0 0 0 0 0 0 0
1513885460.53 26305 11512 3467 12260 26950 33137 5 1497 1493 5, 0 1 0 0 0 0 0 0 0 0
1513885461.53 22681 9603 2707 8270 21052 28318 7 1429 1422 7, 0 1 0 0 0 0 0 0 0 0
1513885462.53 26810 9603 4791 16931 30240 35866 3 2365 2931 5, 0 1 0 0 0 0 0 0 0 0
1513885463.54 28588 12629 9280 17428 26453 32102 3 4520 4515 2, 0 1 0 0 0 0 0 0 0 0
1513885464.54 22060 12629 8731 12397 18610 20855 2 4497 4381 3, 0 1 0 0 0 0 0 0 0 0
1513885465.55 14401 9836 6814 6000 9951 12889 3 3075 3071 4, 0 1 0 0 0 0 0 0 0 0
1513885466.55 10755 7628 4535 4110 6007 8451 6 1590 1583 8, 0 1 0 0 0 0 0 0 0 0
1513885467.56 15419 8301 4361 2482 5653 13136 5 1597 1601 8, 0 1 0 0 0 0 0 0 0 0
1513885468.57 12884 8301 4357 1131 3484 9745 8 1611 1597 11, 0 1 0 0 0 0 0 0 0 0
1513885469.57 16222 9207 3411 137 2119 10466 8 1596 1585 17, 0 1 0 0 0 0 0 0 0 0
1513885470.58 18488 9018 2773 120 3222 13313 10 1728 1719 13, 0 1 0 0 0 0 0 0 0 0
1513885471.58 22950 8225 4534 7319 10638 17233 4 3838 3833 8, 0 1 0 0 0 0 0 0 0 0
1513885472.59 25770 8462 11255 17546 13176 19401 6 3515 3509 8, 0 1 0 0 0 0 0 0 0 0
1513885473.59 24744 8462 11255 19875 17449 21010 5 3913 4211 6, 0 1 0 0 0 0 0 0 0 0
1513885474.6 23997 9348 18579 25620 17181 20486 5 5006 5413 9, 0 1 0 0 0 0 0 0 0 0
1513885475.61 24416 8431 16554 27139 22709 24521 3 5480 4905 5, 0 1 0 0 0 0 0 0 0 0
1513885476.62 23227 7200 16603 25470 20922 23355 2 4281 3870 4, 0 1 0 0 0 0 0 0 0 0
1513885477.63 24265 7338 14889 22095 21370 28249 3 4229 5016 3, 0 1 0 0 0 0 0 0 0 0
1513885478.63 23567 7595 21172 27358 22527 27496 3 3917 3217 5, 0 1 0 0 0 0 0 0 0 0
1513885479.65 21378 7774 21842 27360 22527 27496 3 3222 3217 5, 0 1 0 0 0 0 0 0 0 0
1513885480.66 15647 9410 29315 30782 19420 20427 2 5646 5644 4, 0 1 0 0 0 0 0 0 0 0
1513885481.66 7918 9126 30132 28148 11152 8839 3 4502 3634 6, 0 1 0 0 0 0 0 0 0 0
1513885482.66 6521 7743 26186 23051 8706 8764 8 3466 3188 11, 0 1 0 0 0 0 0 0 0 0
1513885483.68 7033 8314 15707 12587 8033 7180 6 2534 2389 11, 0 1 0 0 0 0 0 0 0 0
1513885484.68 7072 10058 14365 9924 4998 3430 8 3133 3129 13, 0 1 0 0 0 0 0 0 0 0
1513885485.68 9887 10058 13966 8123 3017 5978 11 2908 2169 16, 0 1 0 0 0 0 0 0 0 0
1513885486.69 20740 8693 11674 6090 4700 17651 5 2013 2094 7, 0 1 0 0 0 0 0 0 0 0
1513885487.69 25570 10679 8078 2777 5911 22924 6 1198 1192 9, 0 1 0 0 0 0 0 0 0 0
1513885488.7 28862 10679 6214 3395 18300 38168 6 1263 1189 9, 0 1 0 0 0 0 0 0 0 0
1513885489.7 34745 9393 5730 3618 22154 48296 9 1852 2069 11, 0 1 0 0 0 0 0 0 0 0
1513885490.7 35188 9913 3505 3882 23947 47283 4 1233 1005 8, 0 1 0 0 0 0 0 0 0 0
1513885491.71 30384 10643 3061 2546 15570 38728 2 1359 1793 5, 0 1 0 0 0 0 0 0 0 0
1513885492.73 31978 10990 2876 2552 15570 38728 2 1793 1793 5, 0 1 0 0 0 0 0 0 0 0
1513885493.74 33426 9418 2807 8153 24105 41985 4 1452 1445 4, 0 1 0 0 0 0 0 0 0 0
1513885494.74 29901 11027 4961 10045 24864 41129 3 1232 1105 7, 0 1 0 0 0 0 0 0 0 0
1513885495.75 30677 11436 7580 13086 24864 41129 3 1107 1105 8, 0 1 0 0 0 0 0 0 0 0
1513885496.75 22589 11778 14470 20999 19390 26421 7 441 434 4, 0 1 0 0 0 0 0 0 0 0
1513885497.77 22589 11778 14470 20999 19390 26421 7 441 434 4, 0 1 0 0 0 0 0 0 0 0
1513885498.78 20012 15012 20796 23159 26331 26847 7 2316 2311 5, 0 1 0 0 0 0 0 0 0 0
1513885499.78 22999 13257 18940 23397 29489 32459 5 3262 3259 6, 0 1 0 0 0 0 0 0 0 0
1513885500.78 26151 13257 18788 23279 32285 37099 7 3931 3785 6, 0 1 0 0 0 0 0 0 0 0
1513885501.78 22924 12472 10768 19381 28598 31277 6 1549 1542 4, 0 1 0 0 0 0 0 0 0 0
1513885502.78 27571 20982 17773 18725 22690 25559 5 2471 1587 7, 0 1 0 0 0 0 0 0 0 0
1513885503.79 27571 20982 17773 18725 22690 25559 5 2471 1587 7, 0 1 0 0 0 0 0 0 0 0
1513885504.8 25518 13205 7554 11405 22260 31389 4 3884 3615 4, 0 1 0 0 0 0 0 0 0 0
1513885505.8 27333 14606 6212 10871 21096 30901 1 5415 4882 2, 0 1 0 0 0 0 0 0 0 0
1513885506.82 29987 13141 6860 8846 21096 30900 1 6679 6679 2, 0 1 0 0 0 0 0 0 0 0
1513885507.82 35250 15143 4867 6162 19715 36375 3 6110 5392 4, 0 1 0 0 0 0 0 0 0 0
1513885508.82 32595 12092 3741 5958 18774 34174 2 5903 6532 4, 0 1 0 0 0 0 0 0 0 0
1513885509.83 30526 11557 5732 8041 20577 31734 3 6438 6611 4, 0 1 0 0 0 0 0 0 0 0
1513885510.83 23671 12711 6344 9073 22602 27496 2 3276 3273 5, 0 1 0 0 0 0 0 0 0 0
1513885511.84 23671 12711 6344 9073 22602 27496 2 3276 3273 5, 0 1 0 0 0 0 0 0 0 0
1513885512.85 27707 8722 3837 6530 23615 30630 7 1170 1873 7, 0 1 0 0 0 0 0 0 0 0
1513885513.86 28309 9212 4880 6855 23615 30630 7 1451 1446 10, 0 1 0 0 0 0 0 0 0 0
1513885514.87 31174 12277 7732 10048 28250 36907 11 629 619 14, 0 1 0 0 0 0 0 0 0 0
1513885515.87 20989 11060 6162 7654 16773 21784 19 125 112 21, 0 1 0 0 0 0 0 0 0 0
1513885516.88 15611 11060 6166 11737 13836 10147 11 2101 2657 12, 0 1 0 0 0 0 0 0 0 0
1513885517.89 16765 19197 35440 27192 15809 8331 20 4536 5213 21, 0 1 0 0 0 0 0 0 0 0
1513885518.91 16828 16719 43617 31196 15809 8331 20 5227 5213 21, 0 1 0 0 0 0 0 0 0 0
1513885519.94 14613 17376 47387 29793 12132 6362 4 6450 6423 4, 0 1 0 0 0 0 0 0 0 0
1513885520.94 10254 12328 35303 24780 9155 4135 10 5723 5750 8, 0 1 0 0 0 0 0 0 0 0
1513885521.94 8911 9488 33582 19351 6867 1863 13 7467 7457 19, 0 1 0 0 0 0 0 0 0 0
1513885522.94 5267 9156 25307 18973 5496 533 6 6368 6364 7, 0 1 0 0 0 0 0 0 0 0
1513885523.94 3347 5000 16999 15763 4783 93 2 4321 4319 3, 0 1 0 0 0 0 0 0 0 0
1513885524.94 1952 3849 13070 10778 3350 235 4 3339 3336 2, 0 1 0 0 0 0 0 0 0 0
1513885525.94 2058 2102 8615 4967 1012 103 4 4332 4328 6, 0 1 0 0 0 0 0 0 0 0
1513885526.94 1865 1191 4015 768 102 148 7 3498 3494 7, 0 1 0 0 0 0 0 0 0 0
1513885527.94 230 295 659 85 77 121 8 164 158 11, 0 1 0 0 0 0 0 0 0 0
1513885528.94 191 108 132 218 234 246 11 24 12 16, 0 1 0 0 0 0 0 0 0 0
1513885529.94 170 106 126 152 132 188 18 29 15 25, 0 1 0 0 0 0 0 0 0 0
1513885530.95 145 74 134 125 116 184 13 33 20 13, 0 1 0 0 0 0 0 0 0 0
1513885531.95 873 904 343 121 106 336 11 21 14 12, 0 1 0 0 0 0 0 0 0 0
1513885532.96 1203 1166 1273 2430 2059 1255 5 14 10 8, 0 1 0 0 0 0 0 0 0 0
1513885533.96 1203 1166 1273 2430 2059 1255 5 14 10 8, 0 1 0 0 0 0 0 0 0 0
1513885534.96 6350 10309 10832 12315 6450 4002 3 9 5 3, 0 1 0 0 0 0 0 0 0 0
1513885535.97 8509 12295 19184 19213 5966 3729 7 15 10 9, 0 1 0 0 0 0 0 0 0 0
1513885536.98 11377 11852 14179 13599 5521 5282 3 13 9 5, 0 1 0 0 0 0 0 0 0 0
1513885537.98 8257 6610 7489 8481 3908 4516 7 16 10 10, 0 1 0 0 0 0 0 0 0 0
1513885538.99 7047 9727 11559 8374 4208 4505 7 62 57 9, 0 1 0 0 0 0 0 0 0 0
1513885539.99 7023 9778 11381 6305 3115 4143 6 1240 1235 11, 0 1 0 0 0 0 0 0 0 0
1513885541.01 4952 11648 20134 12929 3931 2144 7 2195 2189 9, 0 1 0 0 0 0 0 0 0 0
1513885542.01 5329 11261 24326 16011 3214 1455 8 4038 4033 11, 0 1 0 0 0 0 0 0 0 0
1513885543.02 7523 15259 30522 19966 4370 1357 6 6318 6315 6, 0 1 0 0 0 0 0 0 0 0
1513885544.02 5324 14339 34065 19683 3686 472 18 6278 6263 17, 0 1 0 0 0 0 0 0 0 0
1513885545.03 5159 11983 35008 16730 3203 359 18 5865 5851 19, 0 1 0 0 0 0 0 0 0 0
1513885546.05 11720 14821 35283 16247 4756 7233 21 6388 6367 21, 0 1 0 0 0 0 0 0 0 0
1513885547.06 23958 16129 37106 16348 7002 14708 16 6181 6167 19, 0 1 0 0 0 0 0 0 0 0
1513885548.06 24578 14164 35615 14980 5808 14520 13 6673 6663 10, 0 1 0 0 0 0 0 0 0 0
1513885549.07 24498 15690 33112 13622 5439 14829 5 6249 6245 4, 0 1 0 0 0 0 0 0 0 0
1513885550.08 20914 9943 24078 12477 6228 13464 4 9110 9106 3, 0 1 0 0 0 0 0 0 0 0
1513885551.08 30209 10979 15222 9828 12806 30140 6 7036 7031 11, 0 1 0 0 0 0 0 0 0 0
1513885552.08 28326 10443 9759 7104 15151 31887 9 5224 5217 6, 0 1 0 0 0 0 0 0 0 0
1513885553.09 28213 8530 3697 3176 11995 34123 4 4492 4488 5, 0 1 0 0 0 0 0 0 0 0
1513885554.09 30188 12636 7065 5320 13246 34875 5 3553 3549 2, 0 1 0 0 0 0 0 0 0 0
1513885555.1 25547 15833 12924 8174 16182 28519 3 2270 2266 5, 0 1 0 0 0 0 0 0 0 0
1513885556.11 20515 14106 9842 8651 17044 21748 2 1698 1699 4, 0 1 0 0 0 0 0 0 0 0
1513885557.11 17953 13860 14549 10210 18038 21642 9 1429 1422 7, 0 1 0 0 0 0 0 0 0 0
1513885558.11 17372 12082 12522 7560 13326 17923 3 2850 2848 1, 0 1 0 0 0 0 0 0 0 0
1513885559.12 14686 10360 7145 5807 9315 13639 5 871 868 7, 0 1 0 0 0 0 0 0 0 0
1513885560.12 16511 10532 7356 6893 8909 14525 12 1108 1098 13, 0 1 0 0 0 0 0 0 0 0
1513885561.13 9624 5772 4053 5256 5908 8609 7 29 22 9, 0 1 0 0 0 0 0 0 0 0
1513885562.13 4291 1447 6016 13242 12027 8062 9 14 7 13, 0 1 0 0 0 0 0 0 0 0
1513885563.14 6543 1195 4202 12567 20631 20123 8 17 8 12, 0 1 0 0 0 0 0 0 0 0
1513885564.14 17387 6162 3139 14128 26351 31501 7 13 8 10, 0 1 0 0 0 0 0 0 0 0
1513885565.15 21849 10401 2972 13863 26991 34961 6 16 8 8, 0 1 0 0 0 0 0 0 0 0
1513885566.15 26825 14915 2811 12751 26719 38807 8 7 3 7, 0 1 0 0 0 0 0 0 0 0
1513885567.16 31860 17264 3793 15357 27405 40612 4 11 6 4, 0 1 0 0 0 0 0 0 0 0
1513885568.16 30315 17377 5320 14545 25564 39027 4 6 2 5, 0 1 0 0 0 0 0 0 0 0
1513885569.17 29055 16142 5144 16205 26065 34513 3 15 11 7, 0 1 0 0 0 0 0 0 0 0
1513885570.18 26864 15877 7034 18362 26684 32601 7 10 5 7, 0 1 0 0 0 0 0 0 0 0
1513885571.19 29518 15898 6895 19740 28272 35582 2 14 11 4, 0 1 0 0 0 0 0 0 0 0
1513885572.2 27807 13368 6849 23507 33190 37184 4 9 6 5, 0 1 0 0 0 0 0 0 0 0
1513885573.21 22423 11291 6996 25876 39771 37072 2 4 3 5, 0 1 0 0 0 0 0 0 0 0
1513885574.23 12624 5227 4287 19250 33364 28149 3 1191 1189 3, 0 1 0 0 0 0 0 0 0 0
1513885575.25 14849 5139 7539 21921 33616 28444 11 2086 2078 14, 0 1 0 0 0 0 0 0 0 0
1513885576.25 13269 2877 4584 12627 21208 25778 11 1065 1651 18, 0 1 0 0 0 0 0 0 0 0
1513885577.27 16268 7657 7014 11970 21208 25778 11 1411 1402 14, 0 1 0 0 0 0 0 0 0 0
1513885578.28 25231 10360 6598 6927 15539 28410 16 1067 1054 23, 0 1 0 0 0 0 0 0 0 0
1513885579.3 23285 8185 6840 6750 11623 25252 11 2064 2055 16, 0 1 0 0 0 0 0 0 0 0
1513885580.3 14441 4895 9425 9143 7717 16145 5 1266 1263 7, 0 1 0 0 0 0 0 0 0 0
1513885581.3 16250 4247 6868 8489 10030 18934 8 1825 1820 9, 0 1 0 0 0 0 0 0 0 0
1513885582.31 19141 4862 3875 8058 12187 21904 7 1580 1573 11, 0 1 0 0 0 0 0 0 0 0
1513885583.32 21874 4862 3980 11778 20311 29709 8 1246 1323 11, 0 1 0 0 0 0 0 0 0 0
1513885584.32 20124 4924 3324 16102 24292 31274 0 1108 23 2, 0 1 0 0 0 0 0 0 0 0
1513885585.33 21544 7049 4673 18440 24292 31274 0 24 23 2, 0 1 0 0 0 0 0 0 0 0
1513885586.33 15911 4738 7435 25204 28997 29016 5 11 8 8, 0 1 0 0 0 0 0 0 0 0
1513885587.34 15911 4738 7435 25204 28997 29016 5 11 8 8, 0 1 0 0 0 0 0 0 0 0
1513885588.38 13789 7465 9338 23382 33456 29695 6 184 178 3, 0 1 0 0 0 0 0 0 0 0
1513885589.38 14550 5855 6830 21506 29003 29947 10 37 25 15, 0 1 0 0 0 0 0 0 0 0
1513885590.4 14550 5855 6830 21506 29003 29947 10 37 25 15, 0 1 0 0 0 0 0 0 0 0
1513885591.41 17528 5653 10329 27084 31151 39029 10 37 26 12, 0 1 0 0 0 0 0 0 0 0
1513885592.45 17528 5653 10329 33245 37941 39029 8 37 26 12, 0 1 0 0 0 0 0 0 0 0
1513885593.47 19310 8004 13599 30982 24595 37236 6 16 3 9, 0 1 0 0 0 0 0 0 0 0
1513885594.47 12651 4197 4876 20217 23130 35745 4 8 3 5, 0 1 0 0 0 0 0 0 0 0
1513885595.49 14211 3548 3366 21242 25280 35420 3 9 3 4, 0 1 0 0 0 0 0 0 0 0
1513885596.54 14211 3548 3366 21242 25280 35420 3 9 3 4, 0 1 0 0 0 0 0 0 0 0
1513885597.54 16741 3714 1959 18734 26899 33802 3 8 1 3, 0 1 0 0 0 0 0 0 0 0
1513885598.54 17449 2963 3038 15558 22794 28514 1 2 2 2, 0 1 0 0 0 0 0 0 0 0
1513885599.54 14431 3032 3389 8837 12694 18908 2 8 4 7, 0 1 0 0 0 0 0 0 0 0
1513885600.55 4782 811 2944 5100 5270 7073 16 31 19 26, 0 1 0 0 0 0 0 0 0 0
1513885601.55 2846 826 726 1736 3008 3979 15 52 39 28, 0 1 0 0 0 0 0 0 0 0
1513885602.55 3125 1048 143 150 2237 4342 12 38 22 18, 0 1 0 0 0 0 0 0 0 0
1513885603.55 7190 2436 272 3682 11466 12924 11 73 59 24, 0 1 0 0 0 0 0 0 0 0
1513885604.56 4759 2436 254 1594 7201 12096 16 65 27 18, 0 1 0 0 0 0 0 0 0 0
1513885605.56 4538 1169 439 1983 5823 12848 7 33 18 10, 0 1 0 0 0 0 0 0 0 0
1513885606.57 5519 1251 561 8107 15010 17312 11 18 6 12, 0 1 0 0 0 0 0 0 0 0
1513885607.58 8554 2790 9074 23296 23562 21048 8 18 10 19, 0 1 0 0 0 0 0 0 0 0
1513885608.59 8818 3601 10918 27799 25444 22104 9 179 171 9, 0 1 0 0 0 0 0 0 0 0
1513885609.59 9997 3563 10957 28904 24888 21083 2 331 327 2, 0 1 0 0 0 0 0 0 0 0
1513885610.6 9396 3163 11631 30935 21731 17638 2 397 396 4, 0 1 0 0 0 0 0 0 0 0
1513885611.61 9633 3163 15034 31609 18587 15283 3 536 709 1, 0 1 0 0 0 0 0 0 0 0
1513885612.62 10697 6439 19134 30245 21019 15917 2 1070 1067 3, 0 1 0 0 0 0 0 0 0 0
1513885613.62 11019 7493 20399 28387 22376 16688 3 1214 1212 5, 0 1 0 0 0 0 0 0 0 0
1513885614.63 14036 7493 21450 29229 27114 22682 6 1633 2677 7, 0 1 0 0 0 0 0 0 0 0
1513885615.64 25089 7730 15802 25456 30337 34025 13 4489 4478 14, 0 1 0 0 0 0 0 0 0 0
1513885616.65 25089 7730 15802 25465 30337 34025 13 4489 4478 14, 0 1 0 0 0 0 0 0 0 0
1513885617.67 22734 9697 11322 16331 22502 26235 4 4261 2986 4, 0 1 0 0 0 0 0 0 0 0
1513885618.67 18563 9962 7337 9309 13031 17268 10 2435 1705 10, 0 1 0 0 0 0 0 0 0 0
1513885619.67 13563 10500 5342 4924 8521 11079 11 827 19 15, 0 1 0 0 0 0 0 0 0 0
1513885620.68 10936 7432 3690 4524 8521 11079 11 33 19 17, 0 1 0 0 0 0 0 0 0 0
1513885621.69 9314 6728 7632 14162 14387 13833 11 28 12 16, 0 1 0 0 0 0 0 0 0 0
1513885622.7 7888 5685 9016 18742 13233 10567 9 19 7 14, 0 1 0 0 0 0 0 0 0 0
1513885623.72 6205 1404 4753 20222 13233 10567 9 18 7 14, 0 1 0 0 0 0 0 0 0 0
1513885624.73 5500 2648 8576 23671 14202 9553 4 56 98 5, 0 1 0 0 0 0 0 0 0 0
1513885625.73 3954 5946 19220 25072 13646 6270 8 601 593 11, 0 1 0 0 0 0 0 0 0 0
1513885626.74 3885 6486 18283 20779 13403 6597 8 1453 1444 8, 0 1 0 0 0 0 0 0 0 0
1513885627.74 4850 6486 18278 20829 15350 9089 5 1374 1445 9, 0 1 0 0 0 0 0 0 0 0
1513885628.74 5362 7095 13774 16032 13272 7914 4 1715 1770 5, 0 1 0 0 0 0 0 0 0 0
1513885629.75 4472 4763 9654 14235 11394 5980 6 2039 1819 4, 0 1 0 0 0 0 0 0 0 0
1513885630.75 3680 3023 4550 6594 6974 3232 7 1805 1798 9, 0 1 0 0 0 0 0 0 0 0
1513885631.76 3997 2836 2956 4734 5587 4110 11 1078 9 14, 0 1 0 0 0 0 0 0 0 0
1513885632.77 6298 3269 2892 2263 4190 8624 11 20 12 13, 0 1 0 0 0 0 0 0 0 0
1513885633.77 5805 3034 1888 1222 2614 6147 9 20 10 14, 0 1 0 0 0 0 0 0 0 0
1513885634.78 14592 3034 1937 3162 9374 19431 11 79 117 15, 0 1 0 0 0 0 0 0 0 0
1513885635.8 31883 7838 1068 2797 16670 38107 5 217 275 10, 0 1 0 0 0 0 0 0 0 0
1513885636.8 33648 11911 4358 2999 16644 41424 8 2666 2661 9, 0 1 0 0 0 0 0 0 0 0
1513885637.8 35226 10842 2933 3440 18276 42229 1 1661 1659 4, 0 1 0 0 0 0 0 0 0 0
1513885638.8 32381 10313 3004 7210 24255 42167 7 2508 2502 8, 0 1 0 0 0 0 0 0 0 0
1513885639.81 31137 10588 4131 9584 30707 44585 1 1559 1559 4, 0 1 0 0 0 0 0 0 0 0
1513885640.81 33306 10588 4131 10087 30652 43608 2 1469 1252 3, 0 1 0 0 0 0 0 0 0 0
1513885641.81 30047 11262 3997 9523 25355 37018 2 2068 2054 2, 0 1 0 0 0 0 0 0 0 0
1513885642.83 30452 10974 3808 9444 28568 38481 3 1774 1390 7, 0 1 0 0 0 0 0 0 0 0
1513885643.83 27073 10900 3371 6934 24552 34576 3 1733 1732 2, 0 1 0 0 0 0 0 0 0 0
1513885644.83 21244 10900 3493 5851 18922 25318 3 1102 1223 7, 0 1 0 0 0 0 0 0 0 0
1513885645.84 15019 6416 1760 2433 8252 15070 13 1076 929 14, 0 1 0 0 0 0 0 0 0 0
1513885646.85 16191 6416 1763 954 7445 17426 14 1803 1774 17, 0 1 0 0 0 0 0 0 0 0
1513885647.86 14520 3683 2682 997 7445 17426 14 2652 2636 17, 0 1 0 0 0 0 0 0 0 0
1513885648.86 24511 6565 2884 3949 10875 25863 12 3354 2785 8, 0 1 0 0 0 0 0 0 0 0
1513885649.88 29440 11901 4614 4046 10875 25863 12 3534 3523 17, 0 1 0 0 0 0 0 0 0 0
1513885650.88 30870 12847 4414 2540 8257 23027 9 5013 4999 13, 0 1 0 0 0 0 0 0 0 0
1513885651.88 29799 11519 3235 1926 5999 19743 6 3902 3895 10, 0 1 0 0 0 0 0 0 0 0
1513885652.88 27439 11875 3910 1684 6224 19579 11 3175 3162 15, 0 1 0 0 0 0 0 0 0 0
1513885653.89 26652 10597 3858 1760 4804 18243 9 2702 2359 12, 0 1 0 0 0 0 0 0 0 0
1513885654.9 28841 10530 5080 3666 6664 19189 3 3435 3433 5, 0 1 0 0 0 0 0 0 0 0
1513885655.9 27596 10530 5081 4613 10006 22724 0 2960 4841 6, 0 1 0 0 0 0 0 0 0 0
1513885656.91 23683 12200 8909 4072 6471 16570 4 3403 3401 6, 0 1 0 0 0 0 0 0 0 0
1513885657.92 23683 12200 8909 3737 6082 16570 4 4140 3963 6, 0 1 0 0 0 0 0 0 0 0
1513885658.92 20013 12635 9665 4083 7440 13987 5 4095 4091 7, 0 1 0 0 0 0 0 0 0 0
1513885659.92 20013 12635 9665 4083 7440 13987 5 4095 4091 7, 0 1 0 0 0 0 0 0 0 0
1513885660.94 18001 12307 8772 2199 7425 13654 7 3241 3235 4, 0 1 0 0 0 0 0 0 0 0
1513885661.95 13479 9338 6510 1241 5093 10691 11 3537 3153 8, 0 1 0 0 0 0 0 0 0 0
1513885662.95 11201 7454 5458 92 4207 9385 6 4017 4010 8, 0 1 0 0 0 0 0 0 0 0
1513885663.95 15860 5420 6450 4914 11113 17583 13 5049 5040 15, 0 1 0 0 0 0 0 0 0 0
1513885664.96 18772 5870 4378 3996 8283 17676 10 3650 3640 14, 0 1 0 0 0 0 0 0 0 0
1513885665.97 30997 7948 5732 1907 9949 27181 5 8188 8181 7, 0 1 0 0 0 0 0 0 0 0
1513885666.97 28815 7948 5727 1952 7026 19930 4 7556 7177 9, 0 1 0 0 0 0 0 0 0 0
1513885667.98 31098 13168 7561 2320 7820 21468 5 6976 6971 8, 0 1 0 0 0 0 0 0 0 0
1513885668.98 25850 14387 7402 2246 5614 16115 3 4888 4887 4, 0 1 0 0 0 0 0 0 0 0
1513885669.98 22861 12536 6803 3595 4282 12458 2 3492 3489 4, 0 1 0 0 0 0 0 0 0 0
1513885670.98 21306 12536 6803 3532 4706 12819 4 3007 2978 4, 0 1 0 0 0 0 0 0 0 0
1513885671.99 18748 9701 5034 2683 4706 12820 3 2494 2493 5, 0 1 0 0 0 0 0 0 0 0
1513885672.99 13760 7629 3148 1833 5541 10470 6 2371 2357 9, 0 1 0 0 0 0 0 0 0 0
1513885674.0 13005 7298 2571 310 4358 10014 10 2155 2150 13, 0 1 0 0 0 0 0 0 0 0
1513885675.01 10854 8181 3718 118 2584 7925 5 734 727 8, 0 1 0 0 0 0 0 0 0 0
1513885676.01 6658 13375 24036 18660 5472 1568 10 216 207 13, 0 1 0 0 0 0 0 0 0 0
1513885677.02 3297 6270 13164 12048 3128 626 13 28 12 22, 0 1 0 0 0 0 0 0 0 0
1513885678.02 6039 6236 12551 15589 11837 7212 9 12 7 11, 0 1 0 0 0 0 0 0 0 0
1513885679.03 6381 5401 13087 17559 12709 7148 8 16 7 11, 0 1 0 0 0 0 0 0 0 0
1513885680.03 5925 4949 11840 16251 10707 5549 9 10 5 10, 0 1 0 0 0 0 0 0 0 0
1513885681.03 7081 4949 11838 14486 9374 6880 4 8 8 7, 0 1 0 0 0 0 0 0 0 0
1513885682.03 6586 3845 9906 13219 9374 6880 4 12 8 8, 0 1 0 0 0 0 0 0 0 0
1513885683.04 9781 4838 9448 9795 7768 9804 13 674 660 11, 0 1 0 0 0 0 0 0 0 0
1513885684.04 15543 10214 19563 13973 8711 13198 11 2765 2751 12, 0 1 0 0 0 0 0 0 0 0
1513885685.05 20324 11326 29940 21137 14704 16140 13 4243 4231 13, 0 1 0 0 0 0 0 0 0 0
1513885686.06 25561 12275 28778 24146 19772 18920 6 3534 3529 5, 0 1 0 0 0 0 0 0 0 0
1513885687.07 23813 10272 25107 19973 15699 15734 6 3486 3481 5, 0 1 0 0 0 0 0 0 0 0
1513885688.08 26687 12844 27592 21863 20268 21971 3 3488 3484 3, 0 1 0 0 0 0 0 0 0 0
1513885689.09 24978 11530 25455 22039 22388 22559 6 2483 2480 8, 0 1 0 0 0 0 0 0 0 0
1513885690.1 25270 17154 29223 24930 25220 24574 3 3882 3880 4, 0 1 0 0 0 0 0 0 0 0
1513885691.1 24127 15468 19925 21458 23737 25641 4 2603 2598 4, 0 1 0 0 0 0 0 0 0 0
1513885692.11 19651 11549 15478 17342 16770 18847 3 3014 3009 3, 0 1 0 0 0 0 0 0 0 0
1513885693.11 19099 9843 12947 15820 15145 18318 11 2355 2346 6, 0 1 0 0 0 0 0 0 0 0
1513885694.12 20943 10698 9833 13645 15652 19733 7 1564 1559 5, 0 1 0 0 0 0 0 0 0 0
1513885695.12 23186 10425 6564 9251 15649 21792 9 2320 2312 4, 0 1 0 0 0 0 0 0 0 0
1513885696.13 21694 11828 6296 8825 15069 20784 8 1625 1619 13, 0 1 0 0 0 0 0 0 0 0
1513885697.13 18186 9339 5240 5904 12907 19433 3 1953 1952 7, 0 1 0 0 0 0 0 0 0 0
1513885698.13 16410 7786 3573 3651 9177 15646 6 1645 1642 9, 0 1 0 0 0 0 0 0 0 0
1513885699.14 10652 4832 2835 1644 6444 12166 8 1356 1348 8, 0 1 0 0 0 0 0 0 0 0
1513885700.14 8689 4662 3177 1958 5611 10270 3 638 635 4, 0 1 0 0 0 0 0 0 0 0
1513885701.15 7385 5482 3666 1954 5082 8309 8 626 620 9, 0 1 0 0 0 0 0 0 0 0
1513885702.15 9117 7415 3278 3437 8805 9699 6 620 615 6, 0 1 0 0 0 0 0 0 0 0
1513885703.16 10550 10713 2870 3206 8413 7840 5 1421 1417 5, 0 1 0 0 0 0 0 0 0 0
1513885704.16 11060 10908 5114 2193 6605 7898 7 1249 1244 6, 0 1 0 0 0 0 0 0 0 0
1513885705.17 20213 13729 6533 1587 7527 14630 7 3864 3858 8, 0 1 0 0 0 0 0 0 0 0
1513885706.17 28681 14938 5975 2423 14743 26526 9 5253 5243 5, 0 1 0 0 0 0 0 0 0 0
1513885707.18 27355 13906 4364 3178 16981 25726 6 3970 3963 4, 0 1 0 0 0 0 0 0 0 0
1513885708.18 25581 15722 7469 5547 18419 28087 4 1361 1358 8, 0 1 0 0 0 0 0 0 0 0
1513885709.2 20707 12725 5998 3453 14107 23819 8 959 953 8, 0 1 0 0 0 0 0 0 0 0
1513885710.21 22128 9291 3101 5121 21924 31212 10 1035 1023 16, 0 1 0 0 0 0 0 0 0 0
1513885711.21 26531 17171 5054 5893 24809 32845 5 1324 1320 6, 0 1 0 0 0 0 0 0 0 0
1513885712.22 25344 15051 4319 6591 20826 28932 6 1363 1357 7, 0 1 0 0 0 0 0 0 0 0
1513885713.22 22683 15189 6263 8760 26252 33715 4 818 814 6, 0 1 0 0 0 0 0 0 0 0
1513885714.23 23058 16796 8305 10771 28015 34550 3 299 295 5, 0 1 0 0 0 0 0 0 0 0
1513885715.23 25197 14925 6496 9318 26993 37890 4 99 96 7, 0 1 0 0 0 0 0 0 0 0
1513885716.23 23851 13265 6141 9801 26615 36604 8 913 908 9, 0 1 0 0 0 0 0 0 0 0
1513885717.24 27334 12142 4890 9331 29601 41387 4 966 962 3, 0 1 0 0 0 0 0 0 0 0
1513885718.24 22566 10241 4781 10322 24727 31005 1 1365 1365 3, 0 1 0 0 0 0 0 0 0 0
1513885719.25 15843 7314 11261 19302 25941 26002 3 333 329 1, 0 1 0 0 0 0 0 0 0 0
1513885720.25 15686 7314 11097 19302 25941 26005 8 17 11 9, 0 1 0 0 0 0 0 0 0 0
