1513889626.54 29340 8500 33684 31862 21717 16572 7061 33122 7 10
1513889627.54 30956 10310 32612 28535 22316 20620 9285 32939 6 7
1513889628.54 27587 9748 30733 24165 19971 17410 8341 27936 9 10
1513889629.54 30039 12125 30552 25038 19430 16680 7800 30854 7 8
1513889630.54 35373 15320 33536 26558 22516 20661 9530 33438 6 6
1513889631.54 28699 14350 29374 27280 21422 17789 8641 26490 7 11
1513889632.55 27901 13373 25363 21749 16437 14633 7481 26436 13 15
1513889633.55 32011 12957 33562 30781 19533 16558 9170 31894 8 12
1513889634.55 45494 21257 41620 38296 26810 24201 13520 41007 14 19
1513889635.55 30276 14973 25349 25325 19167 16463 7070 26851 7 8
1513889636.55 34137 17582 28770 27596 24473 19330 8902 29450 6 13
1513889637.55 25422 13875 29560 35075 25602 16792 7253 24438 7 13
1513889638.55 30477 15278 32489 35360 23922 15083 8756 31679 8 11
1513889639.55 26190 13983 28565 33023 22438 14260 7755 26659 10 13
1513889640.56 29504 15481 34551 36742 26699 16805 9664 30795 8 13
1513889641.57 29439 15481 34551 36742 26699 16362 9664 30795 8 13
1513889642.57 28583 13478 29688 34223 25090 16484 10646 30008 10 14
1513889643.59 29295 13317 31381 31361 23926 20550 13115 34437 9 10
1513889644.6 28383 11169 28164 27691 24404 21915 11679 31380 11 15
1513889645.62 25893 11536 31121 27390 20088 17547 9314 31651 7 11
1513889646.65 25219 11392 27436 25505 15411 13128 9235 28539 14 19
1513889647.67 32463 12768 30197 28400 16941 17111 10339 32982 9 14
1513889648.68 27299 12795 27592 27742 19331 15954 9134 27756 13 17
1513889649.7 28709 12631 32238 28142 15211 14537 8567 28382 17 25
1513889650.71 27409 12454 32091 30282 17472 15305 8243 27765 14 16
1513889651.72 22101 10438 28755 25478 16559 14128 5433 23009 11 20
1513889652.74 25504 12903 33715 29352 20255 13944 4036 26574 13 14
1513889653.77 28418 14136 36309 31669 21446 14671 5884 31534 7 15
1513889654.8 30044 14587 36858 26635 15645 12233 4153 32009 9 7
1513889655.83 26553 11315 32601 27239 15565 11219 4347 28811 11 14
1513889656.86 26343 8825 31506 24726 14101 12843 4444 29997 16 21
1513889657.87 25937 8659 33255 26237 14123 13352 4549 31783 12 17
1513889658.88 24948 8522 31482 28502 16573 15200 4917 29058 12 18
1513889659.9 21192 7762 28585 25941 14887 12887 4448 23798 16 21
1513889660.92 22231 8441 32796 31832 18178 15038 5414 25789 16 18
1513889661.94 21325 8309 32386 30008 16733 13882 5476 25099 21 24
1513889662.98 22113 8331 25427 24236 15783 12087 5812 23232 13 16
1513889664.0 31632 13900 39825 35886 22375 20634 10030 35046 28 37
1513889665.01 19539 9635 27569 27898 18474 14969 7153 23911 14 24
1513889666.03 23537 10062 30074 26941 16627 15614 11081 28218 19 27
1513889667.05 22186 9014 27595 25939 16026 14942 9193 26234 13 23
1513889668.07 16163 6680 22146 21650 15855 11215 7582 21728 13 19
1513889669.08 19827 11237 27951 29823 20463 13788 7773 22684 13 22
1513889670.09 22623 12556 28763 29519 17645 13596 9130 23821 16 18
1513889671.11 16252 8155 26324 28882 16558 12110 7827 18364 12 23
1513889672.13 18384 8961 28156 33967 19524 12914 7233 19830 15 21
1513889673.14 14971 8009 25706 30012 17777 12454 7635 18489 14 19
1513889674.15 13320 5599 21801 21858 13383 10630 8325 18702 20 27
1513889675.16 16607 10354 26071 25389 15375 9330 6492 19258 24 26
1513889676.18 17164 11136 27225 30464 18773 12665 6310 19795 19 24
1513889677.19 18259 10462 30241 32175 18953 14978 8627 23219 18 23
1513889678.21 17526 9162 25651 28001 18269 14129 6643 21444 16 19
1513889679.22 13383 6337 20094 21794 14322 12191 5464 16443 13 13
1513889680.25 19028 8633 25384 28708 18093 12122 5451 22328 28 33
1513889681.26 22419 11632 28883 29748 22094 15806 6088 25397 25 28
1513889682.27 20596 8555 24155 24744 17007 13278 6449 22692 17 17
1513889683.29 20689 9362 22947 25906 19314 14341 6548 21871 15 25
1513889684.3 21297 10977 25545 25845 17754 16765 7570 23016 11 12
1513889685.31 23291 12308 26017 25853 17877 17247 9043 25029 10 16
1513889686.33 24215 14314 25033 22128 17035 19983 9128 25092 12 7
1513889687.35 27410 15777 25718 23261 19921 20224 6156 22073 12 18
1513889688.36 29666 13930 25626 22243 17921 17346 7153 26252 8 6
1513889689.37 30131 13071 29291 22562 17635 17377 6233 29945 15 20
1513889690.38 26782 13113 23159 20143 14392 14714 4523 22470 14 22
1513889691.39 29574 12514 29543 26672 16184 13883 2703 26402 13 18
1513889692.41 23972 11889 25366 21988 10634 9258 2844 20335 12 13
1513889693.42 21147 11010 26962 27372 15160 12283 4994 19527 26 25
1513889694.44 22640 11010 26962 27382 15160 13433 5652 20661 26 33
1513889695.44 23946 11931 27923 27408 19363 16486 6916 20246 25 29
1513889696.45 23853 11931 27418 28565 20547 18511 6265 20215 21 23
1513889697.46 23300 12638 31442 31668 23998 21629 6390 22463 16 24
1513889698.48 19773 11833 32126 33294 21066 16076 8750 22716 9 11
1513889699.49 17276 8794 24966 34415 27157 19562 8066 18644 15 14
1513889700.5 14211 5577 18474 22868 16503 15524 5269 13987 12 21
1513889701.52 12268 5577 18474 22865 16503 13117 5223 13413 12 20
1513889702.53 26612 10359 35727 45638 36238 23680 8875 26979 9 10
1513889703.54 32721 20927 37503 24923 17100 14725 7277 31543 3 5
1513889704.57 32319 17397 31364 21677 14256 14650 10571 34033 9 11
1513889705.57 27966 13324 27071 19820 11065 11187 5803 29938 12 13
1513889706.58 27436 13495 29632 26024 16625 12587 5944 29702 9 9
1513889707.59 24865 12520 27695 23470 14093 7410 6186 27474 17 19
1513889708.6 27313 12948 29468 23480 13866 7946 1924 29552 9 16
1513889709.61 29404 12948 30821 24720 13964 8379 2082 29053 10 13
1513889710.63 33215 10302 33394 28375 16304 12078 5846 35768 12 12
1513889711.65 26587 8231 27209 21979 10166 8534 4862 27101 13 13
1513889712.66 31262 9928 31702 22842 14005 14243 5691 33658 7 10
1513889713.67 29990 9928 31227 23616 13044 12783 6909 34234 7 15
1513889714.68 30987 9252 31888 22601 14423 13738 5500 36200 5 6
1513889715.69 25302 10219 32999 30492 20674 14129 4681 29765 5 6
1513889716.71 21440 7788 26178 27261 20359 13670 6955 24906 2 3
1513889717.72 21421 8132 24003 26389 19610 14309 5247 20484 7 9
1513889718.73 19755 10316 30884 33937 23337 13682 5394 19703 5 7
1513889719.75 22428 11778 28276 26150 19541 15961 6693 21038 6 8
1513889720.75 17889 8940 26317 26830 19914 15779 7557 19936 3 4
1513889721.77 15963 9500 30346 31492 22317 15790 9605 18884 11 11
1513889722.78 13133 6996 26048 29491 19815 10925 6888 15927 13 17
1513889723.79 16938 7829 31222 35504 20678 13910 7917 18462 13 10
1513889724.8 13721 6365 32281 36110 20519 12602 8037 19923 19 24
1513889725.82 17650 8839 38633 35701 17476 15354 11613 24863 7 7
1513889726.84 18343 8988 30222 28313 16049 14802 11640 23088 12 12
1513889727.88 16531 6397 29141 26027 17342 14941 10506 23817 6 7
1513889728.89 19476 5598 28616 27536 18348 16290 8665 24554 10 13
1513889729.9 23585 6800 36575 36555 20588 19441 11639 30672 7 9
1513889730.91 23851 9691 37777 33077 18432 18199 8029 27737 6 6
1513889731.92 22101 10304 31869 31260 18213 18480 6067 22538 5 4
1513889732.94 21299 9077 29765 32782 18359 17661 4659 18556 11 16
1513889733.96 21002 8329 27951 28272 14876 15712 8363 21126 6 13
1513889734.98 22329 8371 24152 25620 13757 12522 6399 22548 7 7
1513889735.99 21024 5025 28466 26058 15246 12530 5900 26495 6 5
1513889737.0 19493 5228 26997 31137 19157 14206 6016 21959 10 10
1513889738.02 22030 7619 30352 36960 23709 13985 4254 22753 9 13
1513889739.03 21487 8913 29718 31703 22943 14530 5034 24042 10 9
1513889740.05 20409 7235 23354 29832 19625 13230 5409 20148 5 5
1513889741.06 23460 10732 28923 32840 27008 18444 8414 24577 8 8
1513889742.09 34709 11760 37093 34035 28875 26533 14587 41537 13 11
1513889743.11 26560 17499 19783 14682 18197 20717 8313 20136 10 13
1513889744.12 24399 14274 24805 19378 19501 21866 11300 23613 10 5
1513889745.12 21688 13431 23581 18765 16716 18985 8590 20278 6 7
1513889746.13 19911 13421 27635 25366 19108 17448 9858 20661 7 6
1513889747.16 18159 10841 23613 24039 19118 16320 7671 18661 7 7
1513889748.18 23609 10674 26737 24449 17832 17898 8851 25459 6 6
1513889749.2 25569 12637 29571 29801 19954 16877 6406 24377 4 8
1513889750.22 23166 12158 24677 26272 18437 16131 7077 22536 6 4
1513889751.23 21780 9986 18539 19514 15336 13977 6298 18681 3 5
1513889752.25 27577 12679 24353 24065 16926 14534 6115 27059 5 4
1513889753.26 30329 13957 30218 25373 14242 10635 7263 33610 4 6
1513889754.27 28235 12598 27857 25679 16464 13983 7938 29758 7 6
1513889755.28 22847 10021 28118 24159 15264 10504 8605 31135 9 9
1513889756.3 23068 8836 27007 25431 15623 11454 8461 29424 16 21
1513889757.34 23590 9479 25530 24435 17078 11427 8749 29168 11 14
1513889758.35 28226 13608 28865 26733 17136 11329 8276 29607 9 8
1513889759.39 27620 12156 24846 20603 10883 8180 7010 27177 3 3
1513889760.4 27414 14825 34577 32189 17713 9765 4248 26113 4 5
1513889761.43 25770 11537 34032 31997 17861 8801 6860 31385 6 6
1513889762.45 17110 8265 25018 23433 14098 8005 5119 20449 7 6
1513889763.46 18241 9314 28468 24359 14899 11053 6834 23636 8 10
1513889764.47 19757 12416 30735 29762 18738 11980 7245 21074 6 7
1513889765.5 18659 13833 33865 30064 16818 11263 6173 18905 8 8
1513889766.51 18390 14271 33151 29666 16008 10543 3972 17097 8 9
1513889767.53 19045 12448 26872 27952 15294 9856 4870 16362 4 6
1513889768.55 18354 11308 29124 28785 14057 10314 5896 19057 5 7
1513889769.57 25662 13950 36625 33224 16841 11726 6724 25799 8 6
1513889770.59 21306 12804 28962 26761 15833 8717 4236 20566 6 7
1513889771.6 23787 13410 33169 35097 17126 8378 4647 20912 3 8
1513889772.64 22509 12318 33693 35365 16457 8868 5212 22852 4 5
1513889773.64 28981 14291 42949 47349 22580 11395 5677 29118 5 7
1513889774.67 18955 8604 30151 33844 16889 5394 3316 22460 3 4
1513889775.69 20031 10679 35912 42153 22842 6849 4699 25287 0 3
1513889776.71 21773 10287 34171 37373 20790 11600 5728 23303 6 2
1513889777.73 17306 10143 29361 34576 20872 12901 7416 17870 6 6
1513889778.75 19063 8202 24802 25004 15021 9400 3979 19104 5 6
1513889779.76 17481 8058 24447 27146 15615 12119 7049 20362 4 6
1513889780.79 18922 8716 29587 27802 17185 12363 7381 25198 5 5
1513889781.81 18758 6965 25221 22496 16151 11608 5894 25199 7 7
1513889782.84 19139 8544 25605 25103 18954 12566 5676 23848 3 6
1513889783.85 21458 10221 29900 27981 22567 13366 4519 23806 5 3
1513889784.86 17071 8962 28960 25841 15527 9211 4233 21324 7 8
1513889785.87 18991 9121 34859 32222 17210 8454 3168 22748 6 8
1513889786.89 21828 10925 37564 34645 17215 8697 3555 25584 6 5
1513889787.93 22349 10145 34839 34302 17886 11320 6167 25464 6 6
1513889788.95 25473 10515 33342 29444 14973 13527 9308 28675 8 10
1513889789.96 18505 9215 27949 27407 11055 11129 7845 21396 3 1
1513889790.97 17572 7366 28483 26348 8953 11375 9673 19899 5 5
1513889791.99 18040 9276 32824 30747 12280 13673 13812 24075 7 7
1513889793.01 17785 9820 33897 29734 13288 12929 10928 24351 6 8
1513889794.02 15779 8443 33475 28139 10935 10108 8634 23307 9 6
1513889795.03 17975 9200 34674 30104 11063 11241 10798 24524 5 13
1513889796.04 13742 6493 32887 29378 10365 10201 8749 19918 6 7
1513889797.05 15689 10326 32981 33944 17925 12943 8964 19376 8 9
1513889798.06 13014 8638 30530 35414 18410 12311 8811 16365 11 10
1513889799.08 13939 9386 29857 33407 17826 11256 11039 19530 5 6
1513889800.09 16489 10652 32902 36925 22725 14777 14670 25122 4 2
1513889801.09 12314 7388 29268 32292 19329 13826 11689 18886 3 7
1513889802.1 13362 6829 31793 37226 24729 12504 9974 21187 4 6
1513889803.12 15678 6879 29878 36305 22139 10780 6939 19346 4 5
1513889804.15 17521 9296 33472 34353 18763 9978 5887 20782 7 6
1513889805.2 19285 10523 31343 34115 18136 8330 7242 21500 5 6
1513889806.22 28024 12202 44156 44153 24931 15251 10994 31174 13 11
1513889807.25 23462 8850 28487 26183 16544 9585 5362 24986 4 2
1513889808.27 27647 9229 31095 27362 16334 8880 5928 33405 6 2
1513889809.29 26987 10251 32039 28560 15388 10069 7881 31979 4 8
1513889810.3 27958 10171 32530 31671 19394 12641 6841 30027 9 11
1513889811.31 26856 8954 36795 32425 14778 9333 5768 33178 6 6
1513889812.33 22124 7793 28216 26110 12928 8052 3341 24905 6 8
1513889813.35 26610 8756 28784 29698 18976 12312 6590 29635 8 8
1513889814.36 25285 8480 30595 28181 16278 11426 6142 30954 3 3
1513889815.37 24763 6752 29791 28980 17547 12603 7207 30090 3 5
1513889816.39 21229 6872 28216 24504 15568 12059 6403 26539 5 5
1513889817.41 21630 6662 27791 25325 16672 14993 8651 28223 6 7
1513889818.44 21339 7275 27563 25178 17929 16131 9380 29627 6 7
1513889819.45 17967 6336 31960 29280 20385 15726 8899 28333 6 7
1513889820.46 18538 9180 32767 26839 20540 14574 7420 26046 4 5
1513889821.47 23817 9180 33336 30171 21962 14444 5752 29140 6 7
1513889822.48 22887 9185 30586 22902 14719 12311 4744 27823 7 8
1513889823.5 19449 5433 26976 26622 16122 11835 4125 22718 5 4
1513889824.51 20910 7619 34297 29885 18127 12571 6291 27559 3 7
1513889825.52 20230 5321 35970 33132 17073 16118 8536 28452 12 11
1513889826.54 21079 7767 34030 27982 14286 14595 10940 30102 8 10
1513889827.55 17064 6486 30879 27155 13564 14055 11485 25101 7 9
1513889828.57 16105 7187 28914 26054 12267 9501 8099 22063 7 8
1513889829.58 19781 9537 31397 28838 13339 9600 8500 22894 9 12
1513889830.59 21472 10739 29437 30153 13988 12556 10397 22642 6 8
1513889831.6 21211 9869 27433 30148 12391 10181 6068 20098 3 6
1513889832.62 24518 11848 30268 27326 14789 10643 4943 24992 7 8
1513889833.63 27484 14118 33443 34118 17805 9887 2962 26604 8 12
1513889834.64 19991 8960 23393 26265 12911 6434 3317 22839 6 8
1513889835.65 24516 11837 28743 30580 16836 5881 3869 24891 5 4
1513889836.67 31346 12232 31749 33806 17649 7981 4754 33084 7 10
1513889837.69 29134 13012 29757 30120 17366 8935 4625 30963 9 9
1513889838.71 27826 11463 29077 29335 17242 7969 3346 29296 10 11
1513889839.75 21118 10295 25841 23050 15060 8567 4347 26027 12 9
1513889840.75 21963 11983 32091 28087 18088 11371 9744 31718 9 15
1513889841.8 24631 12663 39000 43901 26906 14733 6964 27347 9 12
1513889842.81 32501 17405 36357 22567 14842 16182 12264 35445 6 15
1513889843.83 24758 11693 30419 26263 14831 12251 7308 26891 10 13
1513889844.85 21579 10956 26176 21517 12445 14123 9466 24215 7 10
1513889845.86 21343 7969 23336 20279 13331 16227 10391 25029 6 9
1513889846.88 20660 7851 23870 22683 17239 17096 10561 23312 7 11
1513889847.89 23060 11838 22805 26153 25226 22026 10134 21557 3 8
1513889848.93 21933 10247 20175 25492 23548 19818 8810 17912 5 10
1513889849.98 23152 12283 22613 22748 19940 18242 8648 20403 9 13
1513889851.0 19026 11621 15552 13762 12687 12162 5570 14507 6 11
1513889852.02 21883 11296 17451 18737 15804 14983 5726 18367 9 9
1513889853.04 26830 12447 19377 18091 16458 17340 9239 24313 6 9
1513889854.06 24365 9007 19940 15620 13782 15479 7625 25173 10 12
1513889855.09 23154 9329 16647 16140 14110 13676 6136 19592 8 10
1513889856.09 21188 10050 18215 13788 12444 14560 7202 21239 11 9
1513889857.11 21188 10050 18215 13788 12444 14560 7769 20376 11 13
1513889858.13 26788 13560 23917 19082 14281 18593 11165 26053 6 14
1513889859.15 24829 10226 22089 17970 12600 14103 9809 24460 7 6
1513889860.23 21297 11354 26722 22059 14240 12881 6819 19199 6 8
1513889861.23 14592 6172 24395 22691 12040 7663 5785 17586 5 9
1513889862.23 19081 11495 26226 26069 14701 10856 8786 22171 11 12
1513889863.24 19619 11002 28396 27771 15338 10399 9489 24373 5 8
1513889864.24 24017 12596 28135 29375 14440 9554 11175 26475 8 7
1513889865.25 21300 9392 26370 28317 12918 8796 10853 25574 6 9
1513889866.27 21169 9392 24474 26110 12918 8846 11084 25251 6 7
1513889867.28 21195 10360 27174 30344 14584 9355 8997 25732 8 10
1513889868.29 19794 8776 20797 23338 9643 6352 8216 21613 8 7
1513889869.32 20929 10690 29827 29156 13020 8423 8239 27360 9 10
1513889870.33 28013 13505 41087 37166 16857 12186 10310 36283 10 12
1513889871.35 18068 9302 29704 25682 12900 9458 7082 23659 7 11
1513889872.37 20108 9782 30031 24198 12214 7390 5548 24222 7 10
1513889873.39 15388 8558 20613 18361 11915 9800 6255 18187 6 9
1513889874.42 10209 4990 12438 12317 8078 6881 5517 13795 5 9
1513889875.44 10731 5375 12718 10045 8940 8847 4368 12427 4 9
1513889876.47 12090 4734 11762 10485 7146 7227 3953 11884 3 4
1513889877.49 11025 5620 11058 8837 8153 8097 5390 12141 7 5
1513889878.5 19886 8679 16626 14924 16304 13634 7035 21505 3 7
1513889879.52 14898 5523 13160 16182 17318 12933 6106 16425 5 4
1513889880.53 15782 5014 14442 19820 20993 13386 5976 17891 7 8
1513889881.56 15656 4884 14598 18101 22978 14683 3668 15976 6 5
1513889882.59 16506 5708 13582 18559 24968 16914 3950 13363 6 10
1513889883.6 17733 9716 19107 27509 26356 13514 3876 13198 9 10
1513889884.61 15130 9627 23655 28480 22118 11052 2086 12424 5 6
1513889885.63 13151 9324 17604 21048 16238 8262 1861 9802 8 10
1513889886.65 16238 13521 21638 28785 22857 12962 4999 12943 7 10
1513889887.66 17139 11381 20508 30055 23633 11962 4293 13669 6 4
1513889888.67 17739 13740 22699 30506 23548 13349 4697 12510 7 6
1513889889.71 17512 10290 21632 24164 17522 10397 3117 16388 8 13
1513889890.72 17735 7543 23151 25771 18370 12607 3692 16916 7 9
1513889891.74 13958 4304 20051 22859 16773 12050 3930 15675 4 7
1513889892.75 20674 6545 24500 25211 15749 11845 3986 22454 4 7
1513889893.76 18655 8307 26474 25477 13930 11637 6765 24184 6 4
1513889894.8 19602 8458 33254 33339 15532 10524 5984 23819 6 7
1513889895.81 21105 8000 31711 30670 13573 12371 9139 27579 4 3
1513889896.82 19647 6238 27152 27655 14179 10359 9412 24136 3 6
1513889897.84 18541 8694 30383 27334 13275 10156 11063 25639 7 9
1513889898.86 21529 9462 33411 29196 15367 11975 7918 25788 3 3
1513889899.89 22031 7753 33115 29411 16666 11977 11453 30057 6 9
1513889900.93 32002 10034 40257 33665 24855 17528 7555 37722 9 12
1513889901.94 16482 5943 21598 20656 18424 13311 4721 21309 10 10
1513889902.96 17700 5600 26437 21689 17385 12042 3223 23566 3 4
1513889903.98 20836 6947 26023 22846 15622 12959 3395 24279 4 4
1513889905.0 20180 8074 23374 23928 16912 12436 3632 19938 8 6
1513889906.01 23015 11435 27489 26398 15737 10855 3829 22079 4 10
1513889907.07 26010 11336 25708 26914 13217 9495 4306 22943 4 6
1513889908.08 19698 8736 23451 20327 11100 8022 4763 19856 6 5
1513889909.09 19300 9713 24059 21481 12453 9812 7532 19519 4 3
1513889910.1 18241 9183 29755 25803 14598 11257 10281 25190 7 7
1513889911.12 13517 8614 33997 31209 14916 11652 10741 21855 5 4
1513889912.13 13179 8259 24989 24870 15311 11764 10023 19291 3 5
1513889913.14 14068 7455 26652 27432 17276 13236 8779 19580 12 8
1513889914.15 11683 7560 18298 15006 11123 11245 5926 14256 8 15
1513889915.17 14430 10833 28459 26100 14828 9097 6520 17657 5 5
1513889916.19 14157 9958 24110 21621 12787 8966 4525 16236 6 8
1513889917.23 15277 8807 23255 23148 14932 11884 7683 19009 8 9
1513889918.24 17984 10530 30429 28185 17969 11732 5438 23008 5 7
1513889919.24 13640 6770 19138 18415 10128 7404 4174 15710 5 3
1513889920.26 15666 8319 22790 23667 10972 7513 2438 16058 6 5
1513889921.28 21103 9149 27262 32659 18934 10765 5965 25101 7 6
1513889922.3 18977 8422 23712 29597 16250 12089 5320 22796 6 10
1513889923.31 20867 10051 23649 26080 13108 14098 8221 24602 8 7
1513889924.33 19084 10373 22879 23456 11890 9136 7853 22551 9 8
1513889925.36 19495 8929 17602 17826 8652 9684 7978 21182 9 6
1513889926.38 23460 10814 25159 25133 11247 10305 8723 26342 4 3
1513889927.4 25180 10891 24180 23618 11794 11433 6713 23622 5 3
1513889928.41 19511 10045 25845 25274 13420 9290 5445 19697 3 5
1513889929.42 22374 12304 27640 25426 15837 12244 7982 22367 8 6
1513889930.44 18378 10920 25164 21906 14144 12876 6164 18723 8 4
1513889931.59 17327 7015 26360 24775 14380 15706 7353 18770 5 5
1513889932.61 32817 16244 30204 26203 23130 20121 10260 33167 11 9
1513889933.64 21432 11876 24995 25127 17190 15936 10483 23081 5 4
1513889934.65 16961 9116 26815 26312 17308 11235 6956 21894 5 8
1513889935.67 15700 8808 23087 26580 17704 9769 5246 19919 3 3
1513889936.69 16915 7494 19998 22026 13555 8785 5086 19164 6 4
1513889937.71 24334 10537 22789 24697 17064 11208 5565 24609 5 6
1513889938.74 23657 7589 24171 24008 15505 8968 4321 27103 9 10
1513889939.75 21527 7917 24464 23668 14158 7265 4389 24398 4 8
1513889940.77 22074 10173 25308 22930 16757 9318 6751 27468 7 11
1513889941.79 19661 8793 22481 19972 15095 12338 7666 23453 6 13
1513889942.81 17285 6844 21002 21461 15825 10460 6880 20034 6 5
1513889943.82 18975 8228 24470 24082 18972 14081 7455 24549 6 11
1513889944.84 18599 8048 26758 25110 17332 13321 6806 24036 6 7
1513889945.86 23868 8999 27462 24833 16782 14460 7559 27638 13 17
1513889946.88 20037 8615 23813 19184 13157 9390 5691 23925 10 11
1513889947.9 18979 7349 22901 20061 13889 10125 6007 22819 7 11
1513889948.91 19993 6797 25873 23907 17600 10394 4979 24179 8 12
1513889949.94 21268 10731 27437 27167 19682 12966 7288 23589 7 7
1513889950.96 18573 7531 18635 17209 14432 11792 8149 20570 5 5
1513889951.98 19588 8828 24574 21504 16153 13663 6689 23048 4 6
1513889953.01 19037 9709 26052 22775 15685 10676 5118 22337 9 11
1513889954.05 18237 8270 24989 24035 13917 7533 4360 21682 9 14
1513889955.09 21582 9063 27255 23819 13128 8497 4932 23760 6 4
1513889956.11 30377 10342 42275 38222 18218 8862 4826 35716 8 14
1513889957.13 26276 15938 34630 32524 13755 8610 5987 23610 6 8
1513889958.15 17571 7452 25213 25489 14095 7117 3987 17068 5 5
1513889959.16 13354 7042 25219 23589 12761 5238 3552 15368 4 9
1513889960.18 19507 7906 29888 31849 19828 8000 3577 20925 9 9
1513889961.2 18436 8596 28857 28592 20031 8658 3864 20951 6 3
1513889962.2 13764 5332 24482 22153 13497 5655 2042 15195 6 9
1513889963.24 19036 9603 31774 28861 17259 8144 2299 19263 6 12
1513889964.26 15724 8700 22739 21890 15008 7126 2310 15535 11 9
1513889965.27 17832 9743 25174 21585 12313 8250 2638 15702 4 6
1513889966.28 16222 8812 25253 22703 12211 9431 3346 16246 4 7
1513889967.3 17499 7766 25192 23648 12093 7779 3493 17488 5 5
1513889968.31 16548 7428 26423 26900 15454 11076 3284 14932 7 5
1513889969.32 13370 7216 27965 28422 15699 10155 3631 14927 4 10
1513889970.34 10165 5637 24158 24629 12905 7609 2909 12433 7 13
1513889971.35 11653 6179 30727 29712 13423 8383 5310 16934 7 10
1513889972.36 10312 6546 28214 27537 13647 9195 4293 12479 6 10
1513889973.38 13005 6061 27214 27419 12717 10042 6741 14364 4 7
1513889974.4 15863 7696 25610 29955 16459 13131 3106 9491 4 4
1513889975.41 15645 8967 20507 23345 13060 9523 3259 11267 6 10
1513889976.42 13161 5895 21085 26103 16805 12319 3520 12648 7 9
1513889977.44 12946 6957 21211 25596 17346 11300 3255 10547 6 12
1513889978.45 19031 8928 26834 28081 18154 12539 4242 17836 6 10
1513889979.48 15810 7877 30071 27682 15250 10644 4468 17300 4 9
1513889980.5 14493 8372 27874 22186 13000 11623 5105 16456 6 8
1513889981.52 15596 6690 27576 20939 9137 7322 5041 19140 6 8
1513889982.55 15548 8276 29977 26445 14405 8687 4389 18012 4 7
1513889983.56 16100 7274 27660 23326 14430 10272 5176 19372 6 12
1513889984.57 13393 5446 23337 20931 14485 11534 8000 18690 7 11
1513889985.58 12779 6432 26253 17956 11359 9836 6624 19969 5 7
1513889986.6 14665 5836 29178 24094 14123 10651 8279 23130 5 8
1513889987.62 12767 4409 24229 18070 10531 10021 7446 21387 7 8
1513889988.63 13828 5451 23393 19370 15022 12376 9695 22141 5 5
1513889989.65 13612 5537 22028 18387 14099 11181 7499 19131 3 9
1513889990.67 17208 6520 27834 21741 12182 12782 11302 25514 4 9
1513889991.68 28956 12925 43553 31885 15454 14472 13033 37255 5 8
1513889992.69 16418 9054 26178 18858 6890 6841 7845 22882 6 7
1513889993.72 21811 11260 26700 23197 13545 12313 7992 24922 6 8
1513889994.73 19719 9653 28222 23497 13708 11567 7789 23998 6 6
1513889995.75 18999 9374 23493 22919 12816 11360 5385 20423 7 9
1513889996.76 17334 7947 21986 21038 10382 8899 4991 18888 6 9
1513889997.77 13869 6279 23329 21859 11836 9972 3155 16903 5 6
1513889998.79 15231 6029 21459 22084 16456 12988 5688 18113 6 8
1513889999.8 12373 7241 24497 27289 20575 13430 2828 15424 1 1
1513890000.82 11672 7650 21656 22923 16100 11070 2525 12005 6 9
1513890001.83 18167 13757 24317 24141 19220 13524 3324 14798 8 11
1513890002.84 18046 12793 26465 21854 16480 11868 1898 13083 4 7
1513890003.86 13919 6928 16700 16064 13564 9221 1310 8657 6 14
1513890004.88 18586 10660 22432 24315 17921 12396 2396 13962 7 11
1513890005.9 23012 9587 28322 27845 17419 15669 3330 20634 4 5
1513890006.93 22570 10784 27585 22847 13784 13270 4221 22506 7 12
1513890007.96 23814 8122 21998 19943 11700 12574 4112 21571 6 9
1513890008.97 22019 9102 21517 17315 9653 9521 2575 20077 8 9
1513890009.98 22731 8986 20607 16034 9657 10320 4173 21512 7 7
1513890010.99 26167 11399 21225 18620 14540 13497 7638 27340 5 9
1513890012.0 18393 8996 17927 17079 11396 9830 4379 19311 5 9
1513890013.02 24094 10672 24770 20665 16214 15241 8401 27121 6 7
1513890014.03 25029 10040 23295 20579 15323 13102 6333 26701 4 7
1513890015.04 19431 8298 15757 13342 7862 8672 6388 19015 4 5
1513890016.05 16163 7363 19402 16433 9010 9240 7847 22589 5 11
1513890017.06 24366 11993 24547 20934 12648 11617 11935 30450 6 5
1513890018.08 18067 9165 27388 22900 12884 11000 9509 28075 1 5
1513890019.11 15158 7996 25973 20190 10210 10123 8237 23864 5 10
1513890020.13 12888 5232 21013 18234 9003 7311 6363 18485 5 7
1513890021.16 13009 8190 19018 21144 11838 7874 5103 13625 5 10
1513890022.18 17549 10057 28401 28093 15561 8032 4063 19953 6 10
1513890023.19 17108 9230 24861 21761 12938 8165 3916 19177 4 5
1513890024.21 20283 9202 20279 20143 11776 11876 6803 20553 4 7
1513890025.22 31631 12943 37232 37939 22718 18205 10590 37305 12 14
1513890026.24 14550 6316 19226 19226 11173 11097 4603 16050 8 12
1513890027.25 17665 6786 21528 22456 13329 11712 7636 21180 3 3
1513890028.26 17654 6626 24404 26069 16065 12206 7378 22473 3 8
1513890029.28 21328 10348 27830 26134 15297 12643 8210 26331 5 7
1513890030.29 21610 8068 24633 20489 12569 13276 10527 27932 6 6
1513890031.3 14236 7176 21739 20932 11280 7921 6457 19151 3 9
1513890032.32 16390 6956 23582 21084 12146 11062 8028 20826 4 6
1513890033.35 22526 9297 26408 26945 14427 10648 7422 27296 4 11
1513890034.37 18817 7645 22831 20682 11183 10952 9887 22086 4 5
1513890035.4 18651 5903 21431 22179 11649 11347 7983 21968 5 9
1513890036.4 22489 9017 27281 21447 10528 11721 8106 26380 9 11
1513890037.42 18143 6793 19492 17949 8564 8918 6316 20961 6 7
1513890038.43 18853 9060 24220 21633 14461 12970 7371 23768 3 6
1513890039.44 18936 9584 20676 19587 12282 13282 7094 21107 5 7
1513890040.45 19487 10244 22761 20722 15803 14650 6438 21350 5 8
1513890041.47 20797 9775 23421 19466 16167 15808 7030 24400 5 6
1513890042.48 17086 6957 17694 15991 11925 11693 3891 17641 6 12
1513890043.5 17000 8105 18837 16105 11207 11369 4671 17197 5 10
1513890044.51 16562 8495 20598 19711 13149 12544 3924 18655 5 6
1513890045.52 17255 6202 18430 18127 13772 12766 5957 20077 6 9
1513890046.54 16153 5132 15187 12838 11945 9181 4700 18364 7 9
1513890047.57 18182 8307 24676 21074 13763 12512 4680 22025 6 7
1513890048.59 16775 5649 19594 19147 11519 7224 2204 19046 5 7
1513890049.62 15512 6621 15618 13237 8554 7401 1813 16206 4 10
1513890050.62 14587 6194 18267 16556 9615 4885 3239 18656 3 3
1513890051.65 13446 7325 16065 15956 9705 4220 1505 15215 6 5
1513890052.69 14283 6887 13873 13559 8208 4015 1210 14714 7 10
1513890053.76 13687 6668 20409 19204 10084 5741 2203 15599 5 5
1513890054.81 8852 4652 11900 13191 4973 3620 784 7837 8 8
1513890055.87 5500 2946 7943 8011 4106 2895 906 5545 2 5
1513890056.92 9405 6139 11813 9959 4391 2368 832 8427 4 6
1513890058.01 7755 4172 7697 7499 4419 2091 1179 7358 4 2
1513890059.13 9715 5138 9756 8611 3936 2337 2275 9558 5 6
1513890060.16 7921 4560 8149 7867 2958 2552 1603 6516 6 5
1513890061.18 6137 2751 4583 4715 3053 2367 1555 3578 3 7
1513890062.21 9124 4328 9409 8439 6212 4416 1005 5435 4 3
1513890063.24 9429 4165 8062 5421 4423 3100 683 5746 4 3
1513890064.26 9545 2973 8567 7837 5664 4365 782 7844 5 10
1513890065.3 7356 2092 10648 8491 5423 5650 2291 10089 7 7
1513890066.33 14389 4324 18461 14528 11481 10645 4862 16466 6 4
1513890067.37 5775 1830 7740 5679 2889 5541 3000 6764 4 9
1513890068.4 11312 5492 13952 11043 8399 10197 4309 11639 5 6
1513890069.41 9281 3756 14658 9511 7098 9823 3698 11034 5 5
1513890070.48 13732 5940 11917 11277 8492 10384 4707 11793 4 7
1513890071.52 14283 4071 13101 10022 9643 11742 4373 12937 3 6
1513890072.57 11049 4009 9400 8837 7323 8037 2960 10115 5 8
1513890073.61 7421 2430 10567 9983 7886 5409 953 7284 6 7
1513890074.62 6254 1918 10118 8936 7261 5786 1938 7171 3 4
1513890075.66 6243 1429 9898 9746 5418 4631 1880 8206 3 2
1513890076.68 11292 5092 19433 17499 10919 5917 2760 13916 7 10
1513890077.72 5722 3743 13116 13543 8419 2686 1837 9204 6 10
1513890078.74 6547 4152 12266 12850 6733 4201 2026 8706 0 1
1513890079.79 4869 4115 9418 8089 4609 4172 2489 6530 3 6
1513890080.82 5414 1994 8955 8695 6280 3794 2306 8366 3 5
1513890081.85 10290 4679 12135 11965 8346 7790 3271 12239 4 8
1513890082.87 14101 6405 15244 15150 10919 8870 5685 16891 5 8
1513890083.93 12308 4895 12168 10692 7106 6646 5214 13869 8 11
1513890085.02 10132 4825 10953 9987 5407 5769 3851 11153 4 5
1513890086.09 9387 3391 7634 8497 2775 4518 4257 9969 5 6
1513890087.17 9003 4401 8861 10454 6410 5716 4624 9374 4 9
1513890088.2 10797 4752 11130 11557 6545 5750 3177 7482 3 6
1513890089.22 10861 3078 9357 10486 5963 5479 2546 6175 5 4
1513890090.25 10793 3235 10279 12414 8674 6730 3575 7168 5 7
1513890091.27 9428 3102 12146 14161 9524 5293 3262 7001 4 7
1513890092.29 7374 2544 12590 14720 8790 4900 2202 5751 2 5
1513890093.3 9398 4102 12368 14815 9839 7917 2392 9770 4 9
1513890094.34 11025 4102 12368 14816 9839 8615 1927 9254 4 9
1513890095.35 10991 5425 11287 10413 7640 8835 2912 8529 5 5
1513890096.37 9546 5425 11287 10416 7640 8416 1838 8383 6 10
1513890097.4 10925 6023 15875 14941 8897 7924 2404 11171 6 6
1513890098.44 13385 5988 13909 12053 5523 8979 1797 11705 7 12
1513890099.5 13695 7340 13662 8745 3927 6547 2338 12587 6 6
1513890100.54 7711 5060 9747 7638 3416 7158 1545 9177 4 6
1513890101.55 9994 5839 13758 11259 5711 6082 1533 10558 2 3
1513890102.59 7308 3183 10656 8409 3166 5097 1250 7779 8 7
1513890103.61 8861 2904 11777 8867 3999 5250 1551 9787 2 4
1513890104.62 5928 2950 10221 8702 3679 3991 1720 6831 8 10
1513890105.64 7765 3276 8764 6607 4016 4331 1693 10065 5 7
1513890106.68 9870 3958 15542 13555 7309 6062 2313 12943 2 6
1513890107.71 8723 3689 13126 11057 5369 4391 2320 12215 7 8
1513890108.72 15879 7294 16304 14784 4901 7308 4503 14176 4 6
1513890109.75 15879 7294 16304 14786 4901 7308 5898 16527 4 7
1513890110.78 13814 5794 14236 10241 4184 4898 3602 12556 4 3
1513890111.79 10993 5841 11500 8061 4551 4782 5061 12788 4 8
1513890112.81 9420 4508 10185 6106 3239 5119 3893 9426 2 7
1513890113.82 9978 5044 13241 10313 5455 4444 4397 12234 5 9
1513890114.88 20091 9256 19323 14307 9741 11915 9237 21466 9 8
1513890115.91 15719 6791 18865 14971 8255 9935 7168 16374 2 3
1513890116.92 11188 6414 19557 13035 7633 8736 5488 11702 5 2
1513890117.96 12452 5411 21314 15854 10321 8679 5909 14010 3 3
1513890118.97 21669 8480 37779 31182 19273 15987 6239 20508 4 8
1513890119.99 14936 6535 20624 17600 16341 13615 3987 13665 5 3
1513890121.0 13908 8366 23732 17838 14875 13960 4413 14346 5 7
1513890122.01 12506 8270 21684 17472 14221 11303 4028 12146 3 5
1513890123.02 8952 6604 18509 15571 11073 8545 3068 9757 4 1
1513890124.04 10067 6975 20814 16898 13600 9035 3762 10207 4 7
1513890125.06 11759 7589 21116 21936 13964 7652 2755 11928 5 5
1513890126.07 14745 8254 22231 22210 16238 8448 3893 17927 4 3
1513890127.09 13393 8596 18232 15159 9148 7027 2406 16152 5 5
1513890128.11 17070 9166 17782 17907 11553 9851 4162 17566 8 11
1513890129.13 16985 7145 20120 18847 13716 12150 5360 20499 1 3
1513890130.14 19203 8409 19933 23817 19165 12510 5935 20085 5 5
1513890131.16 14588 5691 16625 20755 14282 6949 4140 15525 4 6
1513890132.18 15920 5732 20656 25267 17106 7459 4104 17772 2 4
1513890133.2 18516 7128 23403 25458 17593 10360 6927 20168 5 7
1513890134.22 16461 7951 20533 19757 11784 9355 5912 17170 5 9
1513890135.23 17478 7104 19791 18125 8294 10991 7257 18207 4 2
1513890136.24 19682 7405 21555 19738 10468 12904 9350 21657 8 8
1513890137.28 19972 7614 19391 19853 9852 12615 10013 19214 4 4
1513890138.32 18700 8265 20058 20630 10729 10691 10838 22699 3 4
1513890139.34 19168 8007 18529 16855 8760 8907 6350 20617 5 5
1513890140.35 15458 6984 14778 16000 6479 6498 5481 15853 6 7
1513890141.37 20313 10078 20116 21173 12454 9854 5583 20309 4 5
1513890142.38 17029 7902 20036 21737 12381 8344 3128 17376 6 7
1513890143.41 19559 8982 21248 25184 15639 9598 2628 17332 3 5
1513890144.42 21233 9749 22243 27525 19337 11733 3928 20399 4 7
1513890145.44 20984 9754 18938 22076 13526 9016 3858 18177 5 5
1513890146.47 16889 8139 16804 18628 12291 9421 3177 15382 6 7
1513890147.48 23103 8938 18157 20900 15513 12606 2895 17714 4 4
1513890148.51 18343 9389 16937 15883 12225 11600 2580 16690 7 8
1513890149.53 30356 13955 22000 23003 17430 14359 5846 26657 3 6
1513890150.55 20644 9156 16307 17236 13417 9089 3452 19114 8 7
1513890151.57 18308 6711 15289 17479 12550 8311 4352 17859 6 9
1513890152.59 23906 10033 20622 21662 13985 9228 5419 23954 5 7
1513890153.6 20649 9213 15502 16910 11801 10805 4477 16956 6 8
1513890154.62 20981 9413 18162 17769 14648 12906 5531 16774 6 6
1513890155.63 18949 9024 18488 16496 14606 12990 6249 18274 5 9
1513890156.64 14683 9163 15406 14097 11233 10579 5523 14594 5 3
1513890157.66 13754 8413 16043 13856 12629 11829 4705 13522 3 7
1513890158.68 14928 9049 20095 20276 15648 12464 3949 14957 7 3
1513890159.69 16604 8395 16194 18959 15025 10655 4353 14427 4 7
1513890160.71 16672 8235 18391 20616 17175 10384 1454 13756 3 2
1513890161.72 13929 5878 16024 18896 13714 8471 1260 12731 2 3
1513890162.74 12816 7817 15449 17844 14870 7229 1882 10275 3 4
1513890163.78 14966 6623 17613 16519 9696 5723 2852 12299 6 5
1513890164.81 21316 11079 19156 18356 9719 5937 3511 17469 7 8
1513890165.82 20245 10804 17993 15784 8564 6184 3629 15489 6 6
1513890166.84 21161 12429 19839 15731 10672 8395 4073 15979 8 7
1513890167.86 23016 10756 15328 15551 9704 9411 4638 17665 7 8
1513890168.88 19904 8505 12342 12379 7701 10891 5655 17496 6 7
1513890169.9 23743 10046 14764 11951 8116 10501 5956 19930 2 2
1513890170.9 23522 11910 19253 16139 12026 11136 6041 21113 8 6
1513890171.92 23681 11526 14950 13432 6666 9514 7870 20391 6 10
1513890172.96 22753 13294 13683 15264 9811 9461 4834 16372 6 5
1513890173.98 18195 10990 13578 14431 10185 7963 4231 14393 3 6
1513890175.0 16908 9286 14843 14986 11832 9862 2959 14538 6 7
1513890176.02 18454 9391 21697 19156 14271 11386 3878 17862 0 2
1513890177.03 13706 6551 19772 15795 12777 10610 3087 14153 5 5
1513890178.05 16358 9199 28571 22926 13932 10672 5271 18669 6 3
1513890179.08 20069 10944 34623 29462 14744 13399 7692 25413 11 10
1513890180.09 10965 6610 21182 17692 9847 6432 2978 15404 5 6
1513890181.11 12788 8586 22349 18357 13418 9891 3286 13779 5 7
1513890182.12 15345 8085 22850 16805 11565 12307 5099 16494 5 6
1513890183.14 17053 8980 23687 19160 13279 13902 5933 16265 8 6
1513890184.16 13799 7431 18469 15119 11391 12976 6394 12304 7 12
1513890185.17 13926 6646 14356 13406 10420 12182 5869 10966 2 3
1513890186.19 16248 7608 19905 19854 12607 10310 5790 16355 4 6
1513890187.2 14062 7744 21686 21758 15716 12230 4135 14531 9 9
1513890188.23 13351 6087 21134 19532 13209 8575 4763 17111 6 8
1513890189.25 16104 7971 22225 19530 15606 9827 5274 17513 4 4
1513890190.27 15256 7934 20967 16413 14048 9685 5428 17552 7 8
1513890191.29 11747 4711 19395 13534 11372 8150 4753 16781 5 10
1513890192.3 10170 3857 19073 16518 11732 8325 5488 13823 1 5
1513890193.31 16453 7329 23003 22406 13210 8719 4671 16801 5 8
1513890194.33 15636 7011 22002 21444 12961 10386 6423 17664 5 8
1513890195.35 15907 7309 20448 22263 10994 10637 9469 16788 10 13
1513890196.37 15120 6921 14489 17821 10047 7470 5908 13669 5 9
1513890197.38 14069 8134 13755 15749 10760 8792 7244 13839 4 8
1513890198.4 17120 7560 16991 21213 15961 11541 6551 15459 4 7
1513890199.42 17007 5481 20617 20959 14574 12243 5610 16968 5 8
1513890200.44 15733 4221 20449 22340 14081 9241 3643 15449 3 0
1513890201.46 15319 5017 26990 26743 17106 10822 3412 16472 8 8
1513890202.47 10683 4490 19235 17894 10658 8788 2882 10179 3 7
1513890203.48 15878 6308 20946 16190 9816 8820 3399 13139 6 7
1513890204.5 16480 7006 23795 21011 12850 9325 4572 16114 7 10
1513890205.52 18781 8137 27815 23293 11947 7244 6013 20483 3 9
1513890206.54 19553 10835 29790 25481 10738 7953 7220 22227 3 5
1513890207.55 17780 7259 23658 21280 8492 7417 8032 19168 8 8
1513890208.56 15432 9999 17854 13894 6705 5953 5722 16871 1 3
1513890209.57 18748 9701 26032 22626 10761 7625 6494 23848 6 7
1513890210.59 17560 8784 26002 21784 10491 7799 5485 23540 4 5
1513890211.6 17426 7199 19167 13277 6459 7006 4911 19544 6 6
1513890212.62 20466 9551 23525 19135 7259 8845 6355 21707 7 7
1513890213.64 19452 7001 22709 16059 7538 9096 6741 21772 1 8
1513890214.65 28769 13045 27898 25322 16449 14069 6461 27590 7 6
1513890215.67 18801 9444 18774 18105 9788 10888 5115 18398 6 10
1513890216.69 16470 7532 15798 16024 9806 13238 6355 16670 4 4
1513890217.71 17845 8229 18512 19438 11653 12934 6092 17517 6 4
1513890218.71 13241 5288 13104 14009 6052 10738 6328 14805 7 7
1513890219.73 13529 4616 15383 16490 11201 10971 6024 16075 5 9
1513890220.75 17320 5923 21206 19054 10406 9068 6381 19891 4 5
1513890221.76 17563 5545 20577 18365 8954 10361 5961 17221 5 7
1513890222.77 15376 4615 21077 16595 8938 8969 5987 18719 2 2
1513890223.78 17735 5360 22386 19593 11965 10721 4398 18413 3 6
1513890224.8 11595 3689 16695 14279 6713 6453 1177 11317 4 5
1513890225.81 17654 4319 22671 24320 12921 8901 2796 19940 7 6
1513890226.82 15219 2917 19324 19071 11908 6535 2609 18789 7 6
1513890227.83 17202 5729 23783 24100 15140 8390 3329 21960 5 6
1513890228.85 15824 6076 20677 20268 14781 7554 3162 19885 6 8
1513890229.86 15299 5251 18387 17209 12912 6251 2305 19035 2 2
1513890230.87 15723 6794 17284 16393 11336 7203 2358 16786 7 7
1513890231.9 20324 6996 19312 16077 12050 10128 2759 22412 4 3
1513890232.94 19060 6926 17361 16808 15309 11190 2985 20788 5 4
1513890233.96 16761 5519 13550 16882 14937 10948 3676 17869 7 5
1513890234.98 16558 5853 16413 18724 13583 9640 3594 18332 3 5
1513890236.0 13556 4180 15215 16833 9486 8164 4474 15692 4 8
1513890237.02 14846 5298 14966 15059 10502 7703 3113 17183 3 5
1513890238.04 18333 5581 15185 14991 10484 9967 8410 23079 3 3
1513890239.06 19522 5079 17143 17299 11263 11848 9932 23078 1 6
1513890240.07 20219 4600 17414 17036 14161 14014 6950 19875 5 6
1513890241.09 20913 6361 16189 14873 10996 16331 10094 21962 6 6
1513890242.11 16483 3016 11297 8394 6193 12729 7613 16461 2 3
1513890243.12 20225 4985 16112 11099 6836 13290 5828 17620 5 7
1513890244.13 20649 6519 16968 11442 9877 14639 6113 19339 4 7
1513890245.14 19328 6660 17120 11586 9504 13742 3779 17662 1 5
1513890246.17 20783 8817 17268 12647 9957 13073 4131 18075 7 7
1513890247.18 29595 12568 23323 18848 10563 15031 7838 26669 5 7
1513890248.2 19041 9642 17567 16581 9040 9367 3893 18771 3 6
1513890249.22 17809 9004 16396 15545 9143 8935 2921 16242 5 4
1513890250.25 16764 9019 16033 13600 10873 7309 2325 14749 4 8
1513890251.26 16209 9125 11784 8666 10069 8058 1531 13766 2 4
1513890252.28 16852 9927 15275 10205 11235 8424 1458 15759 5 9
1513890253.3 17962 9024 19853 14391 11691 9603 3989 18945 4 6
1513890254.33 18370 9194 22645 15675 8614 9143 4845 19346 4 5
1513890255.35 16289 6832 21417 14328 9000 7250 4351 16746 6 10
1513890256.37 13616 5503 19319 14368 7176 4588 2533 14051 5 3
1513890257.39 12456 6273 21378 16704 11760 6086 3174 14922 8 8
1513890258.4 17846 7594 22636 19357 9249 6725 5168 18142 4 6
1513890259.42 13764 7754 20587 15254 7110 5319 3377 13773 5 4
1513890260.43 16651 9522 23407 18756 7823 7226 3359 17571 5 2
1513890261.45 15639 9229 22591 18380 7228 7252 5651 18607 9 9
1513890262.46 11865 7419 16581 17435 5035 4825 3827 13181 6 9
1513890263.47 14317 5378 20977 23238 9284 7931 6638 17354 6 1
1513890264.49 13778 5302 22072 25279 13748 10524 7256 18046 9 9
1513890265.5 13430 6142 18827 22914 14109 10156 8321 17033 4 6
1513890266.52 11105 5153 18118 21436 12459 9316 7078 14618 5 10
1513890267.53 11511 5625 16791 17684 13285 10578 2331 12844 9 10
1513890268.55 12126 7907 14688 15343 10991 9056 2891 12900 7 13
1513890269.56 13578 9256 17894 16073 13953 10220 2339 15985 5 6
1513890270.58 12730 6549 14660 11471 11700 11156 3163 15961 2 7
1513890271.61 14276 7704 18150 16283 15872 12015 3236 18142 6 4
1513890272.62 10603 5091 17166 13431 12945 10053 2480 14266 8 8
1513890273.66 11276 4851 16607 11320 8036 8676 2540 14814 4 5
1513890274.66 13871 6438 15018 11085 10861 13224 6099 19161 4 6
1513890275.67 13711 6438 16797 12780 13278 13104 7897 20423 5 6
1513890276.69 13311 7387 15329 12161 13582 14554 10825 19368 7 9
1513890277.71 12285 6664 14182 12440 13788 14231 9210 17037 6 4
1513890278.74 10482 5409 14096 13379 12048 10123 6686 14307 4 4
1513890279.74 15058 7984 18779 18329 10110 9441 6982 20427 7 8
1513890280.79 15058 7984 18779 18329 10110 9441 6982 20427 7 8
1513890281.8 16283 6431 17364 18553 10883 7414 1343 16764 5 4
1513890282.81 16283 6431 17364 18553 10883 7414 1343 16764 5 4
1513890283.82 19549 7149 24395 23255 11610 9142 1868 21604 7 8
1513890284.84 13510 3623 14456 19090 8891 6043 1933 14946 5 5
1513890285.84 18160 6040 19021 22200 9896 6434 4404 20110 5 5
1513890286.84 20272 6867 20701 23428 12888 7874 5166 23837 3 5
1513890287.86 19396 6457 18385 18223 10537 8832 4305 21491 6 4
1513890288.88 18989 5058 16596 18584 12103 9982 6093 22506 8 6
1513890289.89 12658 3483 15732 15801 10801 8792 4864 18457 2 4
1513890290.91 9474 3011 10598 11507 8993 8660 3379 11573 6 8
1513890291.92 12127 4563 16639 19529 15927 11823 4117 15151 8 9
1513890292.94 10074 5332 15249 18728 15056 12149 4503 12790 4 5
1513890293.96 10754 6883 17132 15877 9781 11083 2969 13050 10 7
1513890294.97 13845 7161 16107 17390 10819 12405 5832 16997 6 5
1513890295.99 11076 5727 16386 12844 8438 9650 3807 14549 6 12
1513890297.05 13798 6089 15727 13091 8577 9218 3542 16754 7 8
1513890298.08 13477 4984 15650 8474 3791 7112 2665 16375 6 5
1513890299.11 8341 2254 8607 4766 665 3523 1177 8474 9 12
1513890300.13 9731 4436 12222 5812 1876 1548 2101 13686 9 9
1513890301.14 6285 2528 9269 5730 1912 2843 2320 8350 5 6
1513890302.16 8567 4615 8690 4273 1567 3728 3190 10136 4 8
1513890303.17 11800 7759 12679 6503 2775 2682 2128 12233 6 5
1513890304.2 12074 7421 12994 12016 6614 5851 3693 11325 7 8
1513890305.22 9052 5682 13176 9618 3344 4986 2429 9517 3 5
1513890306.23 11410 6197 15049 12426 6723 7012 3816 10564 7 9
1513890307.25 12588 6509 18406 18959 9243 8099 3088 11715 4 5
1513890308.27 8331 5798 15678 14399 6492 8106 4165 9574 6 5
1513890309.29 9509 6927 14723 15150 6729 6434 4148 8508 4 5
1513890310.31 23285 9970 27877 29088 15921 13757 9851 26335 11 13
1513890311.35 17234 9198 18110 19804 11458 7615 4572 16718 7 10
1513890312.39 15528 6070 14488 16648 9300 5520 3751 14627 4 6
1513890313.4 12403 5338 14830 15151 10897 7247 2235 14893 3 6
1513890314.42 9850 4934 12987 12546 9383 4244 1830 13260 8 9
1513890315.44 15233 5454 18849 16661 12426 7376 3023 19256 5 9
1513890316.44 15356 5252 17095 14536 10757 7767 3699 18450 5 6
1513890317.47 15507 4228 17626 17311 13060 10397 5106 18172 4 5
1513890318.49 18780 5976 22142 20554 14133 11324 4793 18273 7 15
1513890319.5 11829 4358 15443 13081 8071 7175 3658 13712 6 4
1513890320.51 14730 5181 15648 12909 10298 10284 4834 16550 4 6
1513890321.53 15357 5464 18076 17382 13729 12767 4960 16705 4 2
1513890322.55 15356 4445 16278 12373 11077 13849 6602 16207 7 5
1513890323.57 13276 4195 19378 16196 13281 14620 8010 16248 8 8
1513890324.59 11754 2800 15713 12552 7839 11191 8062 13835 7 11
1513890325.6 9918 2982 15140 11665 5851 6317 5840 13964 4 5
1513890326.62 14539 5881 21139 19273 8818 8805 8479 16757 6 6
1513890327.64 9832 4400 21449 18562 11393 8881 8698 14206 6 10
1513890328.67 9238 3792 19643 15807 8240 6603 4733 11006 9 12
1513890329.69 9369 4218 18701 17785 8798 5079 2732 8241 4 9
1513890330.71 11183 3913 17041 12782 7566 5752 1984 9919 5 5
1513890331.72 10573 5352 16578 14558 8145 4587 1768 8546 3 5
1513890332.73 11378 5099 17660 18951 9944 6260 3817 11043 3 6
1513890333.75 14651 5580 19407 23381 11991 5874 3866 13035 6 10
1513890334.76 14606 5096 17705 23818 11991 5873 3866 13035 6 9
1513890335.76 13885 5205 11903 13743 7765 3657 3052 12371 3 3
1513890336.78 16798 7236 14136 16808 13440 6260 4082 14805 4 4
1513890337.79 17071 5723 14400 15127 13440 7291 5125 18027 4 8
1513890338.8 16977 5097 14652 14868 12547 6200 4845 16217 6 7
1513890339.81 15994 4944 11108 11792 11811 7046 4484 15669 5 6
1513890340.84 18635 5502 14143 13931 11086 7134 3912 17267 5 6
1513890341.87 17239 7807 14958 14743 13957 11673 4245 15795 9 14
1513890342.9 4876 1230 6323 4636 4342 3614 802 4117 5 7
1513890343.94 6013 2148 7485 7634 6001 4579 774 5712 3 6
1513890344.96 5119 2427 3824 2825 3213 2654 192 1358 4 4
1513890345.98 6683 4567 7582 6514 4738 2520 1103 5012 3 4
1513890347.01 12072 6040 12187 9809 6036 5863 3940 12027 6 10
1513890348.03 7768 3188 8607 8228 6665 6329 3482 8093 3 4
1513890349.04 7366 4164 9239 8023 8153 6446 3309 7432 2 6
1513890350.06 10533 5647 14873 12155 7086 6079 4004 11373 2 5
1513890351.11 11554 7631 17077 13663 5996 6631 3756 12705 8 9
1513890352.15 11544 6722 13210 12875 8321 6820 2516 11240 6 7
1513890353.16 11000 4585 13348 12050 7696 7296 2864 10804 4 6
1513890354.18 10376 4354 12560 11015 5162 6883 3871 10540 9 8
1513890355.2 9839 6114 10639 8508 4367 6421 2461 7650 5 6
1513890356.23 9586 3722 11873 8159 5614 7921 2127 9106 8 9
1513890357.24 9269 3917 13480 10861 4742 5229 1757 8791 7 8
1513890358.25 13274 5666 17353 15622 7534 7049 1664 10915 9 14
1513890359.3 16469 7580 15940 19139 11041 10486 1578 9477 4 6
1513890360.32 14519 4914 15795 16187 9064 9072 603 10280 9 9
1513890361.33 10546 4193 10622 10940 3918 6897 504 7271 3 3
1513890362.35 9622 3682 9058 6847 4299 6270 800 6416 7 7
1513890363.38 11093 4481 8447 8238 5807 7229 862 6183 3 3
1513890364.4 12635 5098 8304 8092 4659 6942 992 7370 6 4
1513890365.41 15624 5398 18433 16237 8255 10843 1913 12860 8 11
1513890366.44 14759 7363 17284 15703 7748 7410 1235 10302 4 10
1513890367.45 12491 7476 17030 14991 7099 5145 586 10335 6 3
1513890368.48 10046 4328 15897 16500 7509 4142 920 11651 1 2
1513890369.49 12921 7226 18260 17127 11898 5093 1145 13779 5 7
1513890370.52 13727 6046 16221 14509 12067 6231 1660 13472 10 8
1513890371.52 13720 6228 15671 13057 9595 5532 1998 14197 3 2
1513890372.53 14125 6064 15421 13730 7342 5702 3516 14038 6 4
1513890373.56 14618 5551 17934 16548 8213 4668 2551 14627 3 6
1513890374.57 19150 6173 20546 16158 9660 7596 3359 18269 3 2
1513890375.6 20078 6160 20155 18268 7565 7628 3694 18028 1 3
1513890376.63 14835 3231 14767 13444 4950 4981 1401 13172 3 3
1513890377.64 12227 1876 10803 11444 4647 4589 1572 9933 1 3
1513890378.65 15832 4116 12513 9824 5325 8725 3886 12471 4 6
1513890379.67 15335 4248 15571 12843 8106 7042 5301 16808 4 1
1513890380.68 16862 4533 13861 13616 9226 7761 5594 16028 2 4
1513890381.7 18915 8065 15354 13184 9594 9446 6239 16982 5 10
1513890382.71 12669 5407 12807 12642 7813 7401 4360 11965 8 8
1513890383.72 10165 3202 10327 9666 8337 6920 5299 10853 4 4
1513890384.76 8757 5074 13407 13184 9417 9600 3716 8577 8 9
1513890385.81 10352 6453 14703 12643 10109 9132 2866 8179 7 7
1513890386.83 5601 2173 7006 6652 3887 3366 1874 5700 8 9
1513890387.85 4271 1415 5725 5257 2569 3072 1275 3856 3 4
1513890388.86 5328 4064 7301 6711 4437 3356 1455 4390 4 5
1513890389.88 4936 2222 6573 6474 3366 4093 1846 5828 7 9
1513890390.88 11973 4383 13005 11932 8300 9789 3556 10811 3 5
1513890391.89 12142 3366 13825 11284 5430 6255 2748 11880 4 9
1513890392.91 11911 3960 17438 12730 5091 6509 3876 13489 3 3
1513890393.94 11548 3431 17598 13132 4932 5109 3907 14250 2 6
1513890394.95 12347 4901 14014 12054 6452 5320 2736 14156 5 4
1513890395.96 11610 3177 15360 9052 3750 5755 2929 13441 2 7
1513890396.98 24081 7133 24380 23497 13760 11673 5625 28076 11 16
1513890397.99 14130 4143 12256 13063 7611 9830 4496 15949 2 6
1513890399.01 14178 2876 8446 9858 6496 7464 3203 12846 2 7
1513890400.04 12662 4264 12570 12951 8991 7187 3220 14158 6 9
1513890401.05 9971 2798 10430 11540 3407 4149 3600 10324 4 5
1513890402.06 9492 5567 11194 11272 5746 4862 2548 8789 4 8
1513890403.08 9610 5453 11672 11200 5399 4803 2324 10388 3 8
1513890404.09 14431 8498 16930 17542 9515 5656 3862 15228 7 10
1513890405.12 14473 6312 15573 17562 9287 5856 3814 15808 4 5
1513890406.14 11731 5303 14945 16297 11177 5453 3176 14036 4 5
1513890407.15 9201 4583 11946 11569 8282 6080 3249 9867 4 5
1513890408.19 15607 7848 19119 16429 7968 5998 4188 17534 3 6
1513890409.21 12548 8456 16445 15034 8229 6237 3059 11435 3 4
1513890410.23 11210 7527 16264 14729 6182 5551 2615 11450 5 6
1513890411.24 13661 6069 16708 15579 6795 5216 3759 12659 4 6
1513890412.26 15109 7558 16605 15651 7514 4646 4126 14029 4 8
1513890413.28 15334 6280 13244 11720 5526 4354 2486 12312 5 6
1513890414.29 16690 7474 14191 14045 6706 6873 3227 13087 7 10
1513890415.31 19102 9561 17174 12249 8450 7077 2746 15930 3 8
1513890416.38 20078 10651 15878 11496 10700 7420 3409 15582 6 7
1513890417.39 20141 11028 15391 10574 9139 8167 5704 18150 2 4
1513890418.4 14406 9394 12200 10059 4920 3624 3086 12050 4 7
1513890419.42 16107 9516 13039 12638 8638 5665 3991 14740 7 7
1513890420.44 17116 6823 15155 13609 11937 10120 4613 16630 5 4
1513890421.47 12875 5858 12470 15493 13141 8428 4077 13645 3 6
1513890422.51 8071 3094 9453 9509 8569 6017 1667 8695 4 3
1513890423.54 7096 2479 8238 9305 7202 5685 2075 8808 5 4
1513890424.56 2216 893 5292 4725 3220 4231 1080 2791 2 4
1513890425.59 3222 506 4160 4165 5417 2001 767 4170 3 5
1513890426.6 9017 3326 11127 8870 5257 3202 3046 11862 4 6
1513890427.62 9512 4003 13188 11354 6949 4486 3352 12161 5 3
1513890428.65 10944 4656 12579 11314 7198 6214 3109 11309 5 7
1513890429.67 9674 3794 11440 9685 6241 4636 1083 7889 4 7
1513890430.69 10334 4499 13492 12507 5666 4796 721 9395 6 4
1513890431.7 13965 5980 20078 14008 5967 5504 1980 14484 2 6
1513890432.71 15732 4824 22782 15836 5456 4689 1167 16234 4 4
1513890433.72 12830 4004 18886 16160 5851 2983 988 13239 4 7
1513890434.74 11561 2880 16216 13982 5478 2826 1062 13183 8 6
1513890435.75 9646 3593 14213 12668 5613 3631 1583 10064 4 5
1513890436.77 8275 4528 11136 10919 8573 4870 836 5880 3 5
1513890437.79 10455 7017 8670 9188 8811 5684 435 6027 3 6
1513890438.8 15710 9173 12976 12011 8487 6160 911 10822 1 4
1513890439.82 19400 9870 16647 13427 8816 7209 3071 16632 4 6
1513890440.84 16975 7512 15790 14547 8905 6336 2452 15853 1 4
1513890441.85 9846 6781 9694 9752 5776 5175 2969 11262 2 3
1513890442.88 9177 5568 12261 12637 9096 6008 3176 10297 6 3
1513890443.89 15474 8125 16038 13913 9166 8157 6442 17306 3 5
1513890444.91 14518 7900 14846 13941 9524 7435 5426 17162 4 7
1513890445.94 11873 7159 12244 10718 5769 4470 4521 12342 5 7
1513890446.96 14719 8302 18861 15666 8818 6379 6278 17516 3 6
1513890447.97 10731 4160 11760 10369 5842 3705 3133 12196 4 5
1513890448.99 12443 4257 15897 12618 4727 5621 4878 14969 4 6
1513890450.01 12422 3071 15753 11972 3803 3816 5234 16690 6 6
1513890451.06 10658 3105 13419 10239 2562 4757 4390 12560 3 2
1513890452.08 10601 2575 14122 10375 2550 2685 3033 12102 4 4
1513890453.09 7633 2194 10879 8368 3644 2200 2644 10565 1 4
1513890454.11 14194 6115 27101 20575 9584 5292 4184 19406 6 6
1513890455.15 11806 4780 18662 14560 8689 6065 939 12626 6 7
1513890456.17 12164 4142 15871 13070 7796 5149 816 11091 3 4
1513890457.19 9052 3997 14030 16090 10234 5720 728 6931 7 7
1513890458.2 8838 3997 12500 14539 10234 5848 619 6625 7 5
1513890459.23 11812 5737 17017 17931 13122 10266 3802 12187 5 7
1513890460.25 11956 4444 16340 17456 11721 11249 3418 11367 4 8
1513890461.25 13805 3968 14933 15040 7907 7576 3329 12104 6 3
1513890462.27 13805 3968 14933 15040 7907 7576 3329 12104 6 3
1513890463.29 8556 4526 9613 9738 5033 2920 1334 8379 3 6
1513890464.34 11615 4632 17279 19962 11431 7404 4085 13006 1 4
1513890465.37 9811 3888 13713 17468 10380 4943 3586 11833 3 4
1513890466.38 10913 2878 12944 18569 12523 5498 3227 14613 3 5
1513890467.4 11892 2878 16004 19862 12523 5996 3729 15140 3 5
1513890468.42 12293 3617 17334 19190 10985 5328 4190 15956 2 5
1513890469.47 12879 3525 16056 17933 12595 8668 6965 16477 3 6
1513890470.47 6875 2402 11043 12574 9683 4716 2203 7768 2 4
1513890471.49 6875 2402 11043 12574 9683 4716 2203 7768 2 4
1513890472.51 6837 2279 7000 8229 7287 4775 1657 6555 3 4
1513890473.52 7739 1735 7950 11638 7470 3953 2466 7404 5 4
1513890474.55 10750 2483 10284 11331 7285 5912 3702 10554 3 3
1513890475.58 11129 3856 12699 14583 7049 5843 4372 11839 4 4
1513890476.6 10714 2604 9113 9860 3448 3472 3265 9962 3 3
1513890477.65 11246 3180 10350 13285 6175 3423 2915 10809 7 8
1513890478.69 6186 2349 7785 7812 3446 3800 2894 8147 2 3
1513890479.71 1941 998 6876 6666 3406 1628 565 3903 3 3
1513890480.74 3697 1433 6036 5772 2501 3392 2084 4671 0 1
1513890481.76 7030 2869 9121 8779 4198 3991 4456 8434 3 3
1513890482.78 9393 4287 8953 8053 5406 4587 5717 11043 2 3
1513890483.8 5838 1447 7847 7227 6033 4050 2951 7931 3 2
1513890484.81 9668 3585 13445 11135 6077 5280 4911 11833 4 3
1513890485.84 13558 6188 11923 10841 7821 5049 3557 12988 5 5
1513890486.87 14567 5719 15807 13073 8251 5134 2931 14819 3 5
1513890487.88 11727 3536 11399 13231 6358 3723 2086 13521 3 3
1513890488.89 10590 4485 13864 15563 8713 3361 2128 13198 3 2
1513890489.9 9894 3673 12230 17063 9164 4294 3400 11861 6 8
1513890490.92 9894 3673 12230 17063 9164 4294 3400 11861 6 8
1513890491.94 8047 4712 12481 16197 9930 3285 3131 12221 3 4
1513890492.95 12087 3636 14555 20094 13949 6313 4242 17478 4 4
1513890493.96 11430 3467 14681 17480 9766 5030 5055 16133 4 5
1513890494.97 8486 1448 11309 12787 7052 2903 2218 11599 4 2
1513890496.07 8610 2033 15039 14028 6565 4094 3418 14255 3 4
1513890497.11 9054 1001 16779 14363 9537 4540 2661 16853 2 7
1513890498.14 5149 609 11969 10160 3267 1632 1426 8046 5 5
1513890499.16 5477 470 10806 8358 1732 638 73 6652 3 2
1513890500.17 4892 1517 5665 3858 2106 1661 651 4847 3 8
1513890501.19 6224 2250 8662 6964 2985 2988 1137 6826 6 9
1513890502.21 8867 5047 9081 7918 5888 4975 3060 9203 5 7
1513890503.22 8161 4127 9826 10701 7223 6051 4373 8540 3 6
1513890504.24 11656 4165 13139 12364 8365 7332 4398 10929 4 4
1513890505.25 12958 4076 16314 16058 8367 8066 3875 13203 6 7
1513890506.26 9560 3063 13255 13324 7239 4761 2600 11033 6 4
1513890507.29 11282 4332 16068 13905 6220 5811 3744 14699 5 5
1513890508.31 11627 4787 18860 17061 8122 5108 3650 15336 3 3
1513890509.32 6649 4168 13108 14288 6915 5072 1285 9477 5 10
1513890510.35 7189 2827 11354 11321 6190 3821 2345 8090 5 6
1513890511.37 7560 3544 9321 11155 6653 3358 3084 9365 4 5
1513890512.39 6354 2390 6826 8281 8261 4814 1672 7478 4 5
1513890513.4 7027 3107 8589 9406 6970 3154 1889 8528 6 4
1513890514.42 9003 3135 13489 12492 7177 3435 2291 12197 2 1
1513890515.46 10610 3369 12269 13471 8121 3590 3285 13748 6 6
1513890516.48 14802 4143 15021 12487 4907 5576 5839 16585 4 7
1513890517.5 8778 3314 9026 9079 3705 4345 3192 10744 7 10
1513890518.53 8693 2348 11870 10520 5137 3740 2148 10980 5 6
1513890519.54 7041 3033 8795 8723 6687 6428 3765 7879 4 4
1513890520.57 6147 1346 6775 7873 4934 4348 1988 6907 2 6
1513890521.59 9144 3908 11755 11790 7079 5286 3483 11061 6 3
1513890522.61 8331 3022 10406 9397 4194 3812 2736 9554 7 7
1513890523.61 8975 3306 13834 13444 6803 5152 5188 11075 3 6
1513890524.64 8763 5338 14251 14572 6960 3971 3584 9867 4 5
1513890525.64 8351 4088 15625 12214 6759 4862 4791 13010 4 6
1513890526.65 10635 4367 11571 8629 4972 4079 2931 12323 7 7
1513890527.68 11962 5174 17903 15381 6718 5440 5920 16109 4 6
1513890528.69 8501 5142 18833 16586 9268 5759 4546 12193 5 6
1513890529.72 6013 2502 18391 17805 8356 4988 4349 11396 6 6
1513890530.74 10557 2654 23776 26373 9402 6645 6464 15239 9 11
1513890531.76 5366 2044 12518 12881 5940 5441 3357 7699 7 8
1513890532.77 6659 1658 12702 9484 2331 4686 4576 9390 8 11
1513890533.78 7320 1957 11812 13929 3958 4961 5712 9802 7 9
1513890534.79 7332 1756 13181 14931 5869 4646 2744 8218 5 7
1513890535.81 8166 1952 11292 14751 7909 4228 3073 9800 8 9
1513890536.82 7779 2383 7642 9104 6158 3849 4341 9230 4 5
1513890537.84 6155 3074 7781 9040 6027 3614 2860 8184 10 8
1513890538.85 5778 2640 7108 6830 4670 2438 3076 7449 2 4
1513890539.9 7226 3262 8716 7623 5534 4354 3636 9207 8 5
1513890540.94 7527 4317 10045 9210 3749 4341 3889 10188 5 8
1513890541.98 3316 1948 5372 4641 1292 1802 1938 4796 3 4
1513890543.01 1868 1142 5096 3968 3024 2221 1258 3593 4 3
1513890544.04 2736 1601 3649 3568 2085 1361 535 3016 5 3
1513890545.06 2180 1106 3464 2636 2212 673 393 2650 4 5
1513890546.08 5076 1446 6142 5511 4445 3441 2031 6670 7 5
1513890547.1 4696 1920 6856 6906 5449 3449 2581 7579 5 6
1513890548.11 6354 3084 8452 8472 6084 4260 2528 8301 5 4
1513890549.12 6979 3111 7958 8033 7153 5457 2586 9123 3 10
1513890550.14 8950 3817 9973 9943 8972 7329 2169 9606 3 3
1513890551.16 12627 6731 12636 10120 9418 9650 3121 12403 6 7
1513890552.19 12311 6150 13153 10680 9814 9587 1755 12416 6 4
1513890553.19 12969 5192 15813 12986 9646 8438 2365 11380 4 8
1513890554.21 8964 2681 8835 8483 8030 8882 2222 7539 6 7
1513890555.23 8215 3744 7345 6434 6057 7107 2614 6767 5 7
1513890556.24 8475 3693 9322 8711 7236 6274 3089 9475 6 3
1513890557.26 8554 2832 8984 8540 6312 6070 4096 9859 2 2
1513890558.27 16821 5406 17160 20898 11792 8634 8167 18843 7 7
1513890559.28 10347 2456 7678 11532 5089 4836 3766 9662 5 8
1513890560.3 14781 3161 9927 11200 7529 10442 6573 15230 6 9
1513890561.33 9607 1433 7019 7415 4694 7895 5039 11452 7 11
1513890562.34 8617 1347 7589 7132 5050 7962 4537 11623 6 4
1513890563.37 7437 1493 4472 5027 3780 7114 4736 9823 6 8
1513890564.39 9297 2148 7950 8425 5206 5686 4127 11319 4 6
1513890565.4 10161 3247 7438 8548 7421 5015 4165 12891 10 10
1513890566.42 10482 4100 8476 8022 6607 5043 4733 12928 3 6
1513890567.43 9403 3664 8183 7179 6835 5497 3308 11295 6 9
1513890568.45 13951 5428 10613 10243 8196 5305 3854 14127 3 5
1513890569.48 11247 5155 11097 8791 6987 3680 4189 12691 5 8
1513890570.49 10625 3382 13348 9713 7343 4227 2517 12054 3 2
1513890571.5 14292 4776 15860 10262 9710 7447 5151 15903 5 6
1513890572.52 13589 4548 19266 12798 7735 4263 3394 16218 5 8
1513890573.53 17193 6271 19516 14255 9631 5690 4007 20257 4 7
1513890574.55 16878 6347 18065 13222 6652 4592 3869 18556 3 4
1513890575.57 14358 6421 16204 13083 6208 4536 3294 14809 4 9
1513890576.6 14605 6089 21632 16613 9166 5283 3107 18624 5 6
1513890577.62 9937 3757 13889 11830 5585 3267 2657 12402 7 4
1513890578.63 12571 5845 18135 14285 7205 4952 3667 16072 7 10
1513890579.65 11991 4676 21183 16124 8718 4985 2191 17219 7 10
1513890580.67 14047 6221 24479 19531 8522 6757 2568 20688 6 6
1513890581.69 11464 4728 22020 19632 9322 5840 2408 18330 4 7
1513890582.69 6315 3266 17134 16283 6360 4413 1828 13908 5 5
1513890583.71 7579 1811 13606 12414 6868 5326 2968 11174 4 6
1513890584.74 13260 5606 22655 20796 10651 6641 3755 18242 3 3
1513890585.76 6344 1752 12845 12661 5267 4366 2337 10260 2 6
1513890586.77 5252 935 6057 7990 3167 2231 700 6935 4 7
1513890587.8 3427 1257 3351 3726 2333 2959 2059 4098 1 3
1513890588.82 5822 2643 12549 8450 4760 3898 1538 8611 6 3
1513890589.84 8045 3712 9635 9360 8181 6885 1754 7861 3 6
1513890590.86 6191 2176 7043 8502 5512 6001 1379 5827 2 3
1513890591.88 9327 4756 9243 11483 8772 9189 2555 8816 8 8
1513890592.88 11508 4067 10371 10989 7825 7434 2734 9820 3 4
1513890593.9 10123 3806 14304 14488 9070 7600 2620 12427 6 5
1513890594.93 10726 2890 11384 12961 7463 5513 2075 9235 4 3
1513890595.94 14309 5154 14979 14229 8643 6058 3698 15548 6 5
1513890596.98 14042 5010 15768 10531 5779 5859 3001 14613 4 7
1513890597.99 13406 5568 13513 9492 4267 4207 2757 12871 3 2
1513890599.0 16627 7281 14762 11425 4174 4389 2679 14734 3 6
1513890600.03 17188 9782 14696 11339 4956 6503 4383 15184 5 8
1513890601.06 16091 6775 17346 13261 8243 9298 5979 18555 2 5
1513890602.08 13588 5165 15837 13535 6058 6644 4642 16764 5 6
1513890603.09 11115 4339 12710 10931 6673 7007 3865 12944 6 8
1513890604.1 11042 5093 12224 13852 11052 7433 3303 14175 4 4
1513890605.12 10746 2862 11727 12535 10636 9526 3593 13557 4 3
1513890606.14 11320 4829 13430 15617 11285 7833 2810 12506 3 5
1513890607.15 12468 3957 12283 15343 10185 7427 2145 13187 5 7
1513890608.18 8336 1978 11648 15261 10358 4964 1658 9119 2 3
1513890609.2 11180 3977 16442 17544 10376 5845 3404 14182 2 4
1513890610.21 9052 2453 13209 14429 9025 3713 2349 11317 7 3
1513890611.23 9217 2230 8651 10009 5564 2802 3691 9972 5 8
1513890612.24 13810 4826 10501 12165 10331 9057 3846 12986 3 3
1513890613.25 13758 5533 11245 13049 10105 6951 4210 15270 1 1
1513890614.26 13011 5120 9825 9474 7307 4577 1903 10705 3 3
1513890615.28 15552 5608 10750 10290 7839 7078 4085 14717 4 8
1513890616.3 12879 4805 10842 12121 9420 3971 2341 11997 3 2
1513890617.32 10041 3832 8339 9631 5601 3201 1217 9331 1 1
1513890618.33 8615 1776 8592 9266 6724 3934 1183 9302 3 2
1513890619.34 14964 5694 19505 18433 10488 7855 3250 19164 6 5
1513890620.39 11029 4937 13228 12839 7739 6967 1959 10019 3 6
1513890621.46 6748 2132 9811 9178 3980 3651 1241 6429 5 4
1513890622.48 4675 1053 4821 3685 1786 1296 476 4138 2 3
1513890623.52 4044 1034 4448 3149 1941 527 509 3621 5 5
1513890624.54 4038 2828 5694 5835 3362 1081 796 2931 3 3
1513890625.56 7923 3655 7617 5033 3037 2061 1433 7202 6 3
1513890626.59 9065 6053 10659 10077 5755 3890 1441 7401 5 4
1513890627.63 8646 3232 7980 9344 4574 2588 1629 6937 4 4
1513890628.64 6422 2367 7624 5720 2501 1689 1223 5518 3 2
1513890629.66 5551 2600 10339 7753 4290 2423 1076 5505 1 4
1513890630.67 5953 3087 10880 11333 6671 4272 2219 6403 5 5
1513890631.69 5806 4800 12141 13280 7674 5626 2028 5788 4 8
1513890632.71 6788 3634 11642 12897 7059 7052 2956 7127 2 3
1513890633.73 7377 2166 9262 10221 7331 4681 2043 7655 5 3
1513890634.75 4512 512 3056 4503 3643 1654 920 3051 2 8
1513890635.76 7995 3514 7075 8069 5517 4109 3050 7286 3 8
1513890636.78 9171 3316 10713 11833 8341 5271 3476 11474 6 4
1513890637.79 9906 3228 9537 13528 11369 7157 2828 10225 2 5
1513890638.8 12829 4851 13935 15180 11599 7496 3444 13775 5 7
1513890639.82 13173 5499 16688 15261 10853 7770 3548 13858 8 8
1513890640.83 10319 3128 12174 13232 6664 5154 2739 11210 3 3
1513890641.85 13068 5200 17308 18292 10121 7194 3566 13106 6 7
1513890642.87 20108 8850 22360 19353 13814 14055 6199 19566 8 9
1513890643.89 13967 5723 14688 13130 11540 10504 4505 13007 1 5
1513890644.91 12435 5991 14908 13520 9316 9371 5811 13066 5 7
1513890645.93 10052 4425 9708 9583 10442 8609 3983 9523 2 3
1513890646.95 10382 3520 8241 7451 7670 6721 2667 8891 3 3
1513890647.97 9793 2834 13329 9057 7121 7498 4246 11943 3 7
1513890649.0 8162 2780 9510 8743 6675 8301 4519 9556 2 4
1513890650.01 15182 7195 14639 11758 9566 8094 7124 17845 7 6
1513890651.03 11926 6863 14247 9673 9035 7536 4329 13627 5 10
1513890652.05 8569 3273 15132 9748 8604 6722 3047 11791 4 4
1513890653.07 11300 5008 17632 10885 7185 7356 3265 12618 6 8
1513890654.09 10590 5381 18370 11311 6792 6756 3282 11280 5 9
1513890655.1 10740 3649 17584 10089 6279 6091 2497 11563 5 8
1513890656.14 8174 2726 12788 8555 6190 5377 3058 13043 6 5
1513890657.14 9680 4556 15318 12983 8796 7977 2575 10072 6 7
1513890658.15 6499 4065 10135 8620 3906 5139 1722 7586 4 3
1513890659.16 10243 4979 16327 12658 6651 7979 2828 10002 2 4
1513890660.17 8772 3805 13341 9404 5504 6958 1989 6199 4 7
1513890661.19 10768 5240 16705 13683 8715 8162 3261 9013 4 9
1513890662.22 7746 4958 16336 15713 9541 7256 2904 8657 8 9
1513890663.24 9307 4985 13223 11650 7338 6711 3292 9490 5 8
1513890664.25 8882 4304 13884 11271 5877 5060 3024 8559 6 9
1513890665.26 14177 8609 17624 13791 6723 7526 4897 14393 5 6
1513890666.28 14845 8832 19097 15561 9132 9192 4963 15768 5 9
1513890667.29 10006 5728 15842 11982 7750 7296 4447 12834 6 11
1513890668.33 14986 6433 14944 12819 7644 8247 6946 16625 5 9
1513890669.35 13082 3631 14639 13256 5786 6715 5211 14840 10 9
1513890670.36 8788 2372 10494 9535 4087 6683 2834 9125 6 3
1513890671.37 12543 3947 10676 9067 4570 5802 3533 11552 1 4
1513890672.38 11679 5729 10758 8625 4182 7908 4677 11143 8 4
1513890673.41 15150 5632 11106 10013 5569 8123 4354 13798 5 7
1513890674.42 21345 8306 21460 18864 9983 13139 4899 20188 4 6
1513890675.43 12493 5859 11353 9546 6664 6631 1674 10920 6 10
1513890676.45 11057 6738 11718 11913 6223 4735 2614 10139 5 3
1513890677.47 16196 7445 18535 14888 7631 7640 4000 17017 5 3
1513890678.48 12748 4074 11439 9411 6440 5803 2013 11193 4 5
1513890679.51 14335 5312 16576 11433 6884 5195 3203 16683 6 7
1513890680.52 14074 4213 13162 9724 6133 5186 2938 16284 5 5
1513890681.54 14000 5385 13761 10060 6442 4486 4043 15202 8 6
1513890682.55 12711 5129 12812 10120 6444 4068 3679 14379 2 6
1513890683.57 11032 3683 10449 11650 9101 5014 3713 12902 7 5
1513890684.59 11891 5428 12235 14110 12005 5611 3152 12618 5 12
1513890685.61 12172 6894 13495 14796 14715 6569 4442 15431 6 6
1513890686.62 9328 3973 9031 10056 8482 3901 1283 9785 3 5
1513890687.64 10619 4333 12231 10515 10804 5680 3507 12734 7 10
1513890688.65 10287 6102 11749 10222 12518 8372 3158 12419 3 4
1513890689.67 12571 7117 15353 11907 10680 6853 3534 14311 1 2
1513890690.69 11458 5724 11212 10196 9050 5372 3121 12031 4 8
1513890691.7 11690 5021 14290 10782 10288 5282 2671 14904 10 14
1513890692.74 8946 2812 9170 8075 7190 4143 2994 11238 4 4
1513890693.76 16067 8228 15265 11960 8070 8094 7628 19486 7 7
1513890694.78 12896 5023 9950 9054 6160 5177 5916 14953 4 5
1513890695.79 12226 6237 12301 9634 8062 6650 6949 15829 5 5
1513890696.83 15210 6279 17178 14224 9040 6656 6974 18704 4 3
1513890697.84 14228 5438 14932 14144 10428 6780 5089 15185 5 7
1513890698.86 10878 4886 14602 13136 8143 7236 4999 12885 5 6
1513890699.88 11668 4773 15607 13771 7267 6025 4086 13302 7 6
1513890700.89 11186 5005 18597 19735 11926 8580 3473 13386 3 4
1513890701.91 14069 6582 23158 25364 13859 10626 2132 15108 6 7
1513890702.93 5107 2909 8349 7936 5514 3411 637 5936 1 2
1513890703.94 7127 3622 9502 10046 6895 5572 800 7843 5 7
1513890704.96 16091 4780 21266 19828 16597 11769 1930 18548 10 10
1513890705.97 14183 8931 16345 12869 10157 7029 3768 12426 5 11
1513890706.98 14659 7518 13900 14462 11640 8541 2824 13583 8 7
1513890708.0 13922 7706 15818 13789 9972 8843 4121 15816 8 9
1513890709.01 12600 5450 11122 10262 7246 7539 2069 11938 2 3
1513890710.02 12147 6917 10402 9929 8528 6860 3485 11746 6 4
1513890711.04 13402 5817 13076 13344 10638 7320 4318 14579 6 7
1513890712.05 16133 4906 19548 16832 9913 6526 2961 20512 3 4
1513890713.07 16423 5083 19398 17428 8906 7893 5019 20117 7 10
1513890714.08 16298 6371 18719 17621 9092 7687 3861 17597 6 7
1513890715.09 12258 3622 12235 11854 6162 6358 3390 12242 6 10
1513890716.11 15181 6836 16864 14753 10525 9113 3499 14028 4 7
1513890717.12 14343 6053 17053 16033 8955 8787 2764 14662 7 6
1513890718.13 13881 5023 16852 14468 9709 9146 2711 14850 0 3
1513890719.15 11171 3461 18753 16197 9654 8385 2700 15666 7 11
1513890720.18 8525 3135 13068 11868 5683 7555 2210 10945 4 5
1513890721.19 14961 6741 17535 17381 10412 7853 1852 14745 6 9
1513890722.19 14961 6741 17535 17381 10412 7853 1852 14745 6 9
1513890723.21 14257 7234 15138 13069 7165 5597 1935 13704 5 6
1513890724.23 16581 8433 15993 15159 9882 7281 2301 15269 4 6
1513890725.24 13640 6209 11808 10038 8061 5384 2280 13117 6 3
1513890726.25 10050 6549 11436 9976 5977 4636 3003 11812 3 2
1513890727.27 12222 7323 13400 8341 6169 7264 3654 13607 5 6
1513890728.28 16929 6533 15527 11029 9418 9392 6347 19130 1 4
1513890729.29 12456 6166 13450 10232 8669 8301 5387 13595 10 10
1513890730.31 13139 7727 17308 16936 12454 8073 4756 12539 2 4
1513890731.33 11850 4887 12799 11824 9036 8302 4061 11083 3 3
1513890732.35 11667 5209 13095 12051 8951 9353 4515 10773 6 4
1513890733.36 11935 6839 13496 13445 8383 9555 6325 13005 3 4
1513890734.38 14347 10014 19436 16854 10116 11439 7951 16145 5 5
1513890735.4 11387 7959 17108 14246 8399 10806 5814 12218 4 7
1513890736.42 9815 6279 12994 13971 7601 6544 5588 11422 4 11
1513890737.43 8219 4791 13472 12162 4234 6635 3743 10201 3 6
1513890738.45 13106 8514 14822 15245 9496 7328 3046 12238 3 4
1513890739.46 13233 10085 18471 15243 5918 4593 4366 15296 7 6
1513890740.48 10728 7085 16833 12610 5559 5166 4429 14530 7 8
1513890741.5 12912 6384 26854 22867 11164 3016 3135 17663 6 4
1513890742.51 16557 7995 20516 21948 6606 3772 2163 21251 9 9
1513890743.52 11284 2738 17651 16489 8599 3747 1580 15653 6 8
1513890744.54 11265 3974 19085 22772 11224 2781 1381 15267 5 5
1513890745.56 12002 5098 18647 24775 12180 4298 1180 12251 8 6
1513890746.59 10324 6017 15515 16939 9004 4096 1856 9293 7 8
1513890747.6 9771 4892 12527 16335 6589 3085 1411 8198 11 13
1513890748.63 10114 3008 11514 13096 5072 2635 2286 7843 2 5
1513890749.66 11111 3662 12172 12416 5827 4523 2698 8434 5 3
1513890750.7 4978 815 7030 8435 2216 2270 2627 5859 5 7
1513890751.72 5204 843 5000 5600 3448 3495 2466 5924 4 5
1513890752.74 6656 2041 5646 4696 2144 3243 5147 9196 2 1
1513890753.76 10174 3685 8523 7913 4662 6699 6783 12685 9 9
1513890754.77 8439 2816 8271 8148 4739 6030 5094 12673 5 8
1513890755.78 9679 4380 12761 9605 4678 5753 3511 13217 6 4
1513890756.79 11246 5370 15235 12231 6067 7734 4709 13858 5 6
1513890757.8 12613 5307 19032 17504 8856 9084 3936 15903 5 6
1513890758.83 11280 5876 16982 17275 10153 6853 2581 15196 4 3
1513890759.85 10645 2790 12825 14529 10652 6349 3431 12616 6 9
1513890760.87 11818 4137 10886 13905 10347 6218 2470 12230 3 3
1513890761.9 15115 6300 16271 21295 16333 10774 3087 13163 7 6
1513890762.91 11952 3785 14082 20077 14804 7987 4047 12685 5 9
1513890763.94 10484 3940 12750 18823 13043 6623 3282 11205 3 6
1513890764.95 13971 4994 15773 20605 14177 7477 3927 17254 10 13
1513890765.97 11133 1887 12116 13713 10045 6732 1731 11721 2 4
1513890766.99 11392 1913 12924 15955 11996 5534 1177 13302 4 5
1513890768.01 10693 2318 9697 10542 9580 6606 898 9714 6 9
1513890769.02 15785 4036 16292 19569 14467 8757 5325 17089 7 7
1513890770.04 15788 3205 23991 31860 19377 10867 8096 21404 6 8
1513890771.05 14390 2865 16411 14398 14508 10890 7462 20818 8 11
1513890772.07 11776 3008 15819 18530 13676 9837 8428 16993 9 9
1513890773.08 13205 5109 15582 19106 15339 11202 6776 14111 3 4
1513890774.11 13913 7340 18662 19137 12905 11672 5922 13389 5 8
1513890775.16 11965 5710 15169 14643 8733 8603 3852 10525 4 6
1513890776.17 15154 6886 16031 15691 9351 10339 6061 13134 9 9
1513890777.18 12676 5865 11937 13162 7612 8246 5173 10748 6 4
1513890778.2 17193 9049 15794 17524 9959 9879 7798 14976 6 8
1513890779.22 18392 8844 18747 18248 10862 9215 7117 19544 5 7
1513890780.23 18098 7926 19112 17007 8616 9338 9713 21244 7 9
1513890781.25 18142 7970 20212 19391 11037 10040 9469 22230 6 7
1513890782.26 14476 6666 15049 13198 8546 6752 5212 16001 7 5
1513890783.27 17445 7446 16037 14659 9079 7335 6510 18013 2 4
1513890784.28 19212 10456 20690 18280 9555 9138 8704 20233 4 6
1513890785.3 21995 9948 19363 16470 11468 9888 6014 20316 7 8
1513890786.32 14240 5498 14563 14646 9233 8018 3460 13599 4 6
1513890787.33 13155 4331 16345 15146 9112 7909 2866 14142 7 7
1513890788.37 9105 3096 11268 11256 7567 7445 1619 9894 7 11
1513890789.44 15935 6829 18229 16745 11066 9018 3426 17055 2 2
1513890790.46 5412 2828 7123 8218 6055 4302 528 6798 5 4
1513890791.49 5106 1388 6621 9196 5703 3161 845 5913 2 3
1513890792.51 4604 1517 6824 6330 3307 1790 1295 6295 5 8
1513890793.52 8177 3040 7842 8019 4374 3935 1213 8139 6 4
1513890794.54 11492 5728 12006 12645 7572 4406 2684 11865 3 3
1513890795.56 14851 7478 13997 15002 8419 5482 3949 14228 5 6
1513890796.58 15450 7972 16905 15387 7108 7385 7991 16733 6 9
1513890797.61 20957 12318 22566 19987 9156 10715 9920 21584 9 8
1513890798.62 15256 8137 19826 16077 7287 7302 6139 16084 3 8
1513890799.65 6760 3179 11421 11488 6777 6169 4174 9588 7 7
1513890800.66 12436 5200 21900 17506 10000 9896 5642 15884 0 1
1513890801.68 7210 3081 16564 13539 9181 9816 5814 12777 7 10
1513890802.69 8572 2252 18565 14161 8462 9324 8015 16489 6 5
1513890803.7 8818 2379 14728 13576 9643 9411 6010 14527 5 5
1513890804.71 8190 1733 14576 11010 7362 10325 5850 15132 3 8
1513890805.73 10387 2354 12271 10838 6206 9863 5422 15402 2 5
1513890806.74 11942 2424 18255 14202 10254 11100 4282 18091 3 3
1513890807.76 11218 2433 14530 13340 8916 8756 5580 14966 6 9
1513890808.78 11914 2575 15302 12281 11183 10247 5626 17332 7 8
1513890809.81 13344 3665 14546 13267 12086 12215 5295 16370 4 5
1513890810.83 10025 2616 12266 11915 10626 9320 4193 12821 4 7
1513890811.84 10896 4999 14926 12394 8754 10889 4784 11762 8 7
1513890812.85 12361 4999 14711 14193 10440 10065 6094 15249 3 3
1513890813.88 14457 5594 14750 14600 11777 9894 4710 12487 3 5
1513890814.89 14034 7177 15670 17853 10878 8745 2964 10980 4 8
1513890815.91 10573 5208 14234 13932 9089 6021 2691 10113 5 5
1513890816.94 7097 3175 11421 14169 11102 7410 2586 6626 2 5
1513890817.95 8954 3950 19103 22163 15983 8326 3790 12396 1 6
1513890818.97 12512 7439 16970 20227 17014 7530 2026 12506 6 8
1513890819.98 9013 5843 14856 18294 15577 7150 2426 9959 7 14
1513890821.0 9531 6336 12344 15725 13495 7329 2093 8655 4 8
1513890822.0 9393 5669 12754 14736 11201 5579 1682 8632 4 9
1513890823.02 9856 5050 10708 11612 12930 8388 1585 8591 5 7
1513890824.04 14088 5972 14536 11896 13819 9710 1264 12978 6 10
1513890825.05 11840 5216 14829 15704 15002 10672 3009 12459 7 6
1513890826.08 12163 5216 17607 17598 15002 10005 3274 12924 7 6
1513890827.08 9966 4391 14149 12987 8830 8925 2062 8684 7 8
1513890828.09 16279 8956 16754 15487 11475 8571 4034 13896 2 5
1513890829.1 17594 8450 18332 14862 12494 9043 6455 16670 6 4
1513890830.12 16145 8450 18332 14859 12494 8027 6344 17198 6 7
1513890831.14 12311 7907 13522 10961 10823 7411 6539 12849 2 5
1513890832.14 4392 5095 5633 6045 4492 1265 1434 1440 6 9
1513890833.14 4392 5095 5634 6042 4492 562 713 1437 8 7
1513890834.14 4392 5095 5634 6042 4492 562 713 1437 8 7
1513890835.15 4392 5095 5634 6042 4492 562 713 1437 8 7
1513890836.16 4392 5095 5634 6042 4492 562 713 1437 8 7
1513890837.17 4392 5095 5634 6042 4492 562 713 1437 8 7
1513890838.18 4392 5095 5634 6042 4492 562 713 1437 8 7
1513890839.2 4392 5095 5634 6042 4492 562 713 1437 8 7
