1515911839.75 29463 22121 15225 18433 16108 32162 35 1 1 12045, 0 0 1 0 0 0 0 0 0 0
1515911840.75 28420 23077 14738 15222 15618 29851 18 2 0 8081, 0 0 1 0 0 0 0 0 0 0
1515911841.75 27242 21799 16776 15637 12342 28512 25 2 2 7998, 0 0 1 0 0 0 0 0 0 0
1515911842.75 24229 21343 17890 16469 11635 26999 25 1 0 8042, 0 0 1 0 0 0 0 0 0 0
1515911843.76 22813 20440 16800 14072 9236 24745 18 4 3 8414, 0 0 1 0 0 0 0 0 0 0
1515911844.76 24642 22056 18458 16254 9267 24613 16 2 1 6419, 0 0 1 0 0 0 0 0 0 0
1515911845.76 20069 19540 19075 16435 7188 18389 16 2 2 6321, 0 0 1 0 0 0 0 0 0 0
1515911846.76 21516 20492 17309 15231 8707 18152 23 1 1 5396, 0 0 1 0 0 0 0 0 0 0
1515911847.76 21119 18810 18019 17058 8227 17863 25 3 2 5769, 0 0 1 0 0 0 0 0 0 0
1515911848.77 22892 18765 17627 15219 7547 20092 42 1 1 6188, 0 0 1 0 0 0 0 0 0 0
1515911849.77 21975 16368 16490 15275 5308 21672 40 1 4 8972, 0 0 1 0 0 0 0 0 0 0
1515911850.77 21568 17306 17005 14201 6164 20233 28 3 2 8055, 0 0 1 0 0 0 0 0 0 0
1515911851.78 23234 17359 16637 14496 8592 21213 34 2 2 6361, 0 0 1 0 0 0 0 0 0 0
1515911852.78 22798 17988 15747 13824 9623 23054 53 4 2 5724, 0 0 1 0 0 0 0 0 0 0
1515911853.78 21087 17614 16945 12613 8139 20067 55 5 3 4691, 0 0 1 0 0 0 0 0 0 0
1515911854.79 22195 18172 15087 13842 8850 21358 49 6 2 4884, 0 0 1 0 0 0 0 0 0 0
1515911855.79 20598 18325 15312 14961 8923 20025 61 4 2 5171, 0 0 1 0 0 0 0 0 0 0
1515911856.79 31146 26960 21327 24875 11813 31554 65 7 2 10969, 0 0 1 0 0 0 0 0 0 0
1515911857.79 22265 18264 15322 15679 7072 23781 41 4 2 8997, 0 0 1 0 0 0 0 0 0 0
1515911858.82 20452 18833 15517 15757 6866 22386 43 6 2 9127, 0 0 1 0 0 0 0 0 0 0
1515911859.83 20452 18833 15517 15757 6866 22386 43 6 2 9127, 0 0 1 0 0 0 0 0 0 0
1515911860.91 18800 17347 14315 14504 6883 21228 41 1 1 9536, 0 0 1 0 0 0 0 0 0 0
1515911861.98 18494 16352 13639 14596 7199 22233 46 4 3 9990, 0 0 1 0 0 0 0 0 0 0
1515911863.0 17982 15904 12961 12556 7868 21929 57 3 2 8618, 0 0 1 0 0 0 0 0 0 0
1515911864.02 17279 15751 13030 11351 9013 22119 44 3 1 8361, 0 0 1 0 0 0 0 0 0 0
1515911865.04 15525 15400 12476 10580 7726 18536 44 3 5 8131, 0 0 1 0 0 0 0 0 0 0
1515911866.06 16166 15975 13656 11082 8463 17543 41 5 4 6755, 0 0 1 0 0 0 0 0 0 0
1515911867.07 16748 16873 13732 11134 9318 18170 50 7 4 4810, 0 0 1 0 0 0 0 0 0 0
1515911868.08 17967 18074 14323 10318 8740 19976 75 7 3 5895, 0 0 1 0 0 0 0 0 0 0
1515911869.1 16980 16999 15229 10864 7833 19140 53 5 2 5825, 0 0 1 0 0 0 0 0 0 0
1515911870.12 18659 18205 15194 12520 7781 19002 51 9 5 6036, 0 0 1 0 0 0 0 0 0 0
1515911871.14 20623 18952 16430 11688 8428 19933 57 2 2 5520, 0 0 1 0 0 0 0 0 0 0
1515911872.17 22014 19151 16550 12984 8902 20721 49 7 3 5761, 0 0 1 0 0 0 0 0 0 0
1515911873.18 24167 19864 16858 14568 9858 22224 53 3 2 5770, 0 0 1 0 0 0 0 0 0 0
1515911874.21 22413 18462 15018 12244 10982 24205 42 2 1 5998, 0 0 1 0 0 0 0 0 0 0
1515911875.23 35106 22767 17938 12212 13360 39330 62 5 3 9004, 0 0 1 0 0 0 0 0 0 0
1515911876.25 34289 22940 18045 14012 11733 29368 48 2 2 4452, 0 0 1 0 0 0 0 0 0 0
1515911877.28 28290 19791 14800 11042 9419 28228 51 2 3 5718, 0 0 1 0 0 0 0 0 0 0
1515911878.3 23079 18004 15710 14106 10204 23790 34 2 3 6300, 0 0 1 0 0 0 0 0 0 0
1515911879.33 21184 20039 16323 13064 9811 21639 28 2 2 6173, 0 0 1 0 0 0 0 0 0 0
1515911880.34 20721 21615 17889 14599 6582 18762 32 3 3 7431, 0 0 1 0 0 0 0 0 0 0
1515911881.36 18929 21664 18225 15107 7185 18829 19 1 2 7513, 0 0 1 0 0 0 0 0 0 0
1515911882.4 19682 20519 17820 14722 7028 19096 43 2 2 7144, 0 0 1 0 0 0 0 0 0 0
1515911883.44 20754 20244 17285 16338 7345 20255 24 1 2 8505, 0 0 1 0 0 0 0 0 0 0
1515911884.48 18175 19026 17427 14843 6440 19662 25 1 1 7911, 0 0 1 0 0 0 0 0 0 0
1515911885.5 22063 20008 16426 14174 7468 22660 25 2 3 8339, 0 0 1 0 0 0 0 0 0 0
1515911886.52 24362 20023 15313 14156 7266 23443 47 3 3 9513, 0 0 1 0 0 0 0 0 0 0
1515911887.54 21870 17685 12370 12452 8128 26277 58 4 0 9769, 0 0 1 0 0 0 0 0 0 0
1515911888.55 21655 16025 12706 13096 8862 28028 21 1 0 11899, 0 0 1 0 0 0 0 0 0 0
1515911889.58 21279 16299 12776 11742 10975 29442 25 6 2 11754, 0 0 1 0 0 0 0 0 0 0
1515911890.6 24847 17543 12509 9719 9343 26491 28 1 3 8150, 0 0 1 0 0 0 0 0 0 0
1515911891.61 27113 20646 12669 10698 9846 27418 28 0 0 7774, 0 0 1 0 0 0 0 0 0 0
1515911892.63 27208 19760 13148 9139 10352 29871 33 0 0 6328, 0 0 1 0 0 0 0 0 0 0
1515911893.67 27952 19320 11325 8814 7422 28236 35 3 3 6812, 0 0 1 0 0 0 0 0 0 0
1515911894.68 27517 18540 9530 10831 7387 26531 62 3 1 6807, 0 0 1 0 0 0 0 0 0 0
1515911895.72 27493 19002 11879 12032 6086 26898 38 0 1 7511, 0 0 1 0 0 0 0 0 0 0
1515911896.74 24754 18424 12397 14609 6062 25370 62 4 2 7991, 0 0 1 0 0 0 0 0 0 0
1515911897.75 26331 19049 11901 10574 7526 26046 51 1 1 4014, 0 0 1 0 0 0 0 0 0 0
1515911898.76 37324 22756 15004 11462 8801 38988 44 1 2 6049, 0 0 1 0 0 0 0 0 0 0
1515911899.8 24331 19259 4744 8618 3003 14914 74 1 1 5454, 0 0 1 0 0 0 0 0 0 0
1515911900.83 42206 28046 11255 15410 10396 38768 91 5 4 8516, 0 0 1 0 0 0 0 0 0 0
1515911901.86 28073 19503 7030 11632 8426 27542 65 2 4 8243, 0 0 1 0 0 0 0 0 0 0
1515911902.89 24131 18634 10714 13640 8183 23959 66 1 1 6472, 0 0 1 0 0 0 0 0 0 0
1515911903.91 19027 17207 13340 14894 8490 23658 40 1 2 7757, 0 0 1 0 0 0 0 0 0 0
1515911904.93 19975 15108 13610 13838 8066 25758 32 1 1 8378, 0 0 1 0 0 0 0 0 0 0
1515911905.95 21671 16403 13600 13706 9054 26941 24 0 4 8946, 0 0 1 0 0 0 0 0 0 0
1515911906.98 23558 16576 14725 12378 10101 25994 55 3 4 7257, 0 0 1 0 0 0 0 0 0 0
1515911908.0 25636 17932 14068 11460 10201 28317 40 3 2 6455, 0 0 1 0 0 0 0 0 0 0
1515911909.01 23917 15849 12576 11532 10402 29338 36 1 3 6959, 0 0 1 0 0 0 0 0 0 0
1515911910.02 23294 16352 12974 13383 12128 28562 36 1 1 7589, 0 0 1 0 0 0 0 0 0 0
1515911911.05 24411 16062 12588 11610 10399 26822 36 1 1 4936, 0 0 1 0 0 0 0 0 0 0
1515911912.06 24126 17201 14176 13050 8975 24463 57 2 3 5680, 0 0 1 0 0 0 0 0 0 0
1515911913.07 23067 18403 15108 11963 9850 25225 55 2 3 5142, 0 0 1 0 0 0 0 0 0 0
1515911914.1 21419 18584 15167 10087 10994 24610 47 2 4 3151, 0 0 1 0 0 0 0 0 0 0
1515911915.14 20546 17854 14893 9703 10065 23660 61 2 2 3483, 0 0 1 0 0 0 0 0 0 0
1515911916.18 21804 17031 14580 11176 8002 24499 65 3 2 4404, 0 0 1 0 0 0 0 0 0 0
1515911917.2 23572 16750 13939 11810 9495 27004 72 5 2 5900, 0 0 1 0 0 0 0 0 0 0
1515911918.22 21521 18888 14530 11996 9955 24821 80 3 4 6042, 0 0 1 0 0 0 0 0 0 0
1515911919.23 22475 18897 14910 12646 8680 24893 64 3 4 5744, 0 0 1 0 0 0 0 0 0 0
1515911920.26 24670 19621 16237 13234 11085 25558 71 1 1 5099, 0 0 1 0 0 0 0 0 0 0
1515911921.28 20843 17688 16608 16258 11102 23860 56 1 3 7458, 0 0 1 0 0 0 0 0 0 0
1515911922.3 22781 18678 16729 16350 9568 20624 52 2 1 6450, 0 0 1 0 0 0 0 0 0 0
1515911923.35 24620 25567 21167 16130 11687 27217 83 3 2 8756, 0 0 1 0 0 0 0 0 0 0
1515911924.37 33100 24066 19818 17098 7852 27339 64 2 2 7238, 0 0 1 0 0 0 0 0 0 0
1515911925.39 22529 18581 14526 12130 8137 22758 33 1 2 6014, 0 0 1 0 0 0 0 0 0 0
1515911926.41 22360 19318 15485 11699 7186 20627 23 2 3 6290, 0 0 1 0 0 0 0 0 0 0
1515911927.43 25853 21012 13212 10665 4931 22495 47 2 1 8788, 0 0 1 0 0 0 0 0 0 0
1515911928.45 25393 17549 10632 11405 6760 23323 37 4 4 7441, 0 0 1 0 0 0 0 0 0 0
1515911929.47 23589 16932 10554 14288 6390 24516 31 2 2 9994, 0 0 1 0 0 0 0 0 0 0
1515911930.48 26809 16567 8813 10546 7413 28858 36 5 4 9955, 0 0 1 0 0 0 0 0 0 0
1515911931.5 28957 19645 10078 9051 6544 27590 36 3 1 7101, 0 0 1 0 0 0 0 0 0 0
1515911932.54 26374 18080 12096 10772 5742 26636 27 1 4 7587, 0 0 1 0 0 0 0 0 0 0
1515911933.57 14677 16414 15678 13286 4968 17447 38 5 3 5677, 0 0 1 0 0 0 0 0 0 0
1515911934.57 17973 16901 13501 9645 3784 18041 64 5 3 4804, 0 0 1 0 0 0 0 0 0 0
1515911935.58 19504 16695 12816 9840 3784 16517 64 4 5 4805, 0 0 1 0 0 0 0 0 0 0
1515911936.58 19952 18446 12643 8511 5379 17541 53 7 5 4609, 0 0 1 0 0 0 0 0 0 0
1515911937.61 20721 18178 12792 7891 5524 20590 68 6 5 5155, 0 0 1 0 0 0 0 0 0 0
1515911938.62 21259 18746 13063 8657 6325 22897 84 3 2 7028, 0 0 1 0 0 0 0 0 0 0
1515911939.64 21259 19510 13442 9770 8502 25090 41 3 2 8971, 0 0 1 0 0 0 0 0 0 0
1515911940.66 22096 18194 14055 9757 6793 24916 46 1 2 8074, 0 0 1 0 0 0 0 0 0 0
1515911941.66 22844 17933 14970 10336 8323 25362 44 4 3 5993, 0 0 1 0 0 0 0 0 0 0
1515911942.69 20938 17881 15537 11502 8612 23853 48 4 4 5364, 0 0 1 0 0 0 0 0 0 0
1515911943.69 18654 15568 15434 12675 8188 23105 58 0 2 5369, 0 0 1 0 0 0 0 0 0 0
1515911944.71 15665 15432 15377 14202 11133 22426 45 0 2 7423, 0 0 1 0 0 0 0 0 0 0
1515911945.73 17194 14464 16244 16649 11325 28081 37 2 1 12437, 0 0 1 0 0 0 0 0 0 0
1515911946.74 17207 15557 15682 14096 10609 25378 25 1 2 10360, 0 0 1 0 0 0 0 0 0 0
1515911947.75 19177 15142 13375 13005 13057 28315 30 2 1 10712, 0 0 1 0 0 0 0 0 0 0
1515911948.77 20869 17771 12888 14729 14877 26339 39 2 1 11135, 0 0 1 0 0 0 0 0 0 0
1515911949.79 19560 16708 13908 15679 12539 25040 33 4 2 11380, 0 0 1 0 0 0 0 0 0 0
1515911950.8 20534 16452 14136 14581 12086 26766 57 4 2 11804, 0 0 1 0 0 0 0 0 0 0
1515911951.82 20819 16545 15764 15327 12236 25719 35 5 2 11005, 0 0 1 0 0 0 0 0 0 0
1515911952.84 19750 16832 15344 15870 13158 25972 25 4 2 10754, 0 0 1 0 0 0 0 0 0 0
1515911953.87 22730 16607 12731 13466 13235 28133 20 3 2 10317, 0 0 1 0 0 0 0 0 0 0
1515911954.89 21647 16467 11659 12576 10913 25744 18 3 0 10542, 0 0 1 0 0 0 0 0 0 0
1515911955.93 22626 18938 14240 16389 16268 35742 25 2 2 17268, 0 0 1 0 0 0 0 0 0 0
1515911956.97 27309 17687 10494 11193 12549 27440 34 3 2 9804, 0 0 1 0 0 0 0 0 0 0
1515911957.97 26346 18317 10180 12792 10553 26672 26 4 1 10221, 0 0 1 0 0 0 0 0 0 0
1515911958.98 27558 17563 11076 13260 10685 29314 28 4 5 10221, 0 0 1 0 0 0 0 0 0 0
1515911959.99 27558 17834 11627 10896 7969 28295 28 3 5 8071, 0 0 1 0 0 0 0 0 0 0
1515911961.02 27325 16281 13410 12208 9518 27204 20 1 0 4767, 0 0 1 0 0 0 0 0 0 0
1515911962.05 25686 15293 14216 13448 8781 26346 33 2 4 6141, 0 0 1 0 0 0 0 0 0 0
1515911963.06 26855 17061 13463 12958 7333 25735 32 2 2 5038, 0 0 1 0 0 0 0 0 0 0
1515911964.08 26808 16711 12528 9015 7290 26568 52 1 2 2928, 0 0 1 0 0 0 0 0 0 0
1515911965.11 27779 18859 12458 9445 6447 24271 42 0 2 3574, 0 0 1 0 0 0 0 0 0 0
1515911966.13 25535 17669 13478 9266 5627 22771 35 8 4 2872, 0 0 1 0 0 0 0 0 0 0
1515911967.17 21181 15845 14018 12355 6773 22535 47 3 3 5457, 0 0 1 0 0 0 0 0 0 0
1515911968.18 24290 17416 15971 15736 7800 22099 71 2 2 5434, 0 0 1 0 0 0 0 0 0 0
1515911969.21 24290 18334 16745 14620 8506 23662 55 2 2 5488, 0 0 1 0 0 0 0 0 0 0
1515911970.23 24263 21379 14962 11604 6071 24372 61 1 1 5262, 0 0 1 0 0 0 0 0 0 0
1515911971.24 24662 21853 15209 10069 6848 24108 66 2 1 5001, 0 0 1 0 0 0 0 0 0 0
1515911972.26 26918 24240 13958 8115 7506 24268 54 1 2 4292, 0 0 1 0 0 0 0 0 0 0
1515911973.27 22513 20738 12816 8759 7176 24238 31 1 4 6123, 0 0 1 0 0 0 0 0 0 0
1515911974.27 22348 18971 10534 8928 8382 22007 33 1 4 5907, 0 0 1 0 0 0 0 0 0 0
1515911975.29 22804 18283 9909 8919 8435 24876 28 5 2 6087, 0 0 1 0 0 0 0 0 0 0
1515911976.33 26260 18104 7733 8183 8994 27219 56 4 3 4767, 0 0 1 0 0 0 0 0 0 0
1515911977.35 27960 19197 9233 8905 8379 26358 68 0 2 5579, 0 0 1 0 0 0 0 0 0 0
1515911978.37 26787 18728 10186 10954 8241 25777 46 7 3 8679, 0 0 1 0 0 0 0 0 0 0
1515911979.39 28795 19927 8844 11811 6810 26682 40 0 3 9355, 0 0 1 0 0 0 0 0 0 0
1515911980.4 29690 21518 10676 10641 8799 26389 28 0 2 7699, 0 0 1 0 0 0 0 0 0 0
1515911981.44 25810 18968 8596 12370 9379 26282 36 1 2 10120, 0 0 1 0 0 0 0 0 0 0
1515911982.45 38637 27879 16589 17695 14639 36290 70 5 5 11658, 0 0 1 0 0 0 0 0 0 0
1515911983.47 24802 16952 11163 12484 8541 25329 39 1 3 10426, 0 0 1 0 0 0 0 0 0 0
1515911984.48 22430 13843 12627 13072 9113 24383 30 2 0 10435, 0 0 1 0 0 0 0 0 0 0
1515911985.52 22180 15606 13749 12625 9639 25125 37 1 1 8299, 0 0 1 0 0 0 0 0 0 0
1515911986.54 21923 18095 12863 11579 8564 22568 37 1 0 9721, 0 0 1 0 0 0 0 0 0 0
1515911987.55 21139 17351 12811 11874 9380 25351 27 1 2 10484, 0 0 1 0 0 0 0 0 0 0
1515911988.56 21700 19083 12669 12217 10007 21760 41 1 2 7498, 0 0 1 0 0 0 0 0 0 0
1515911989.58 18445 19518 15020 12821 9188 20359 50 3 1 7096, 0 0 1 0 0 0 0 0 0 0
1515911990.6 17132 17226 15021 13930 6566 18237 33 8 4 8785, 0 0 1 0 0 0 0 0 0 0
1515911991.62 20968 20579 15222 11186 3995 21888 22 11 3 8327, 0 0 1 0 0 0 0 0 0 0
1515911992.66 23702 20129 15577 12487 5120 23144 23 2 1 11213, 0 0 1 0 0 0 0 0 0 0
1515911993.69 23472 16262 13915 11412 7722 25757 40 4 3 7659, 0 0 1 0 0 0 0 0 0 0
1515911994.74 18148 14773 14228 15152 8873 22716 33 2 1 10393, 0 0 1 0 0 0 0 0 0 0
1515911995.77 22889 15760 14939 13414 9163 25668 33 3 1 7510, 0 0 1 0 0 0 0 0 0 0
1515911996.8 24012 18266 13082 12279 8688 26363 28 1 3 8788, 0 0 1 0 0 0 0 0 0 0
1515911997.81 21643 20198 16156 15104 7554 21944 24 5 2 9786, 0 0 1 0 0 0 0 0 0 0
1515911998.83 18530 16077 14786 15343 8670 21545 14 3 2 10903, 0 0 1 0 0 0 0 0 0 0
1515911999.87 18625 15547 10725 13621 9035 23403 20 7 3 12324, 0 0 1 0 0 0 0 0 0 0
1515912000.89 20344 17479 12347 15440 9684 22470 25 5 4 10534, 0 0 1 0 0 0 0 0 0 0
1515912001.9 20772 17416 12590 14406 12131 23622 27 3 0 10225, 0 0 1 0 0 0 0 0 0 0
1515912002.94 21899 16042 12931 15406 10933 25319 33 3 2 8910, 0 0 1 0 0 0 0 0 0 0
1515912003.96 22115 16686 14382 16333 10563 25209 33 5 1 9545, 0 0 1 0 0 0 0 0 0 0
1515912004.98 18542 14384 13509 18262 10793 21189 65 1 0 10318, 0 0 1 0 0 0 0 0 0 0
1515912006.01 22372 20404 15530 19406 15805 31590 62 6 2 16009, 0 0 1 0 0 0 0 0 0 0
1515912007.04 30342 20957 15496 17677 8613 28798 57 14 7 12323, 0 0 1 0 0 0 0 0 0 0
1515912008.06 21970 15153 11471 11564 11135 29177 41 6 2 7767, 0 0 1 0 0 0 0 0 0 0
1515912009.09 22141 16238 10975 11876 7926 25983 29 6 2 10486, 0 0 1 0 0 0 0 0 0 0
1515912010.12 23398 17492 12923 11450 8439 24297 49 6 4 9038, 0 0 1 0 0 0 0 0 0 0
1515912011.17 22345 18660 13159 12090 6562 23958 38 4 0 9992, 0 0 1 0 0 0 0 0 0 0
1515912012.22 21682 17264 14368 11157 7292 23736 46 1 0 7381, 0 0 1 0 0 0 0 0 0 0
1515912013.24 17380 15649 12359 7139 5883 17807 61 7 4 3324, 0 0 1 0 0 0 0 0 0 0
1515912014.27 18142 16591 14682 11175 8832 20672 68 11 4 5712, 0 0 1 0 0 0 0 0 0 0
1515912015.28 20359 17675 15621 10525 8436 21667 61 6 3 5583, 0 0 1 0 0 0 0 0 0 0
1515912016.31 20212 15726 11693 9957 8507 23789 62 7 5 6630, 0 0 1 0 0 0 0 0 0 0
1515912017.34 18159 15745 11940 11609 6475 20288 56 2 1 8124, 0 0 1 0 0 0 0 0 0 0
1515912018.36 16159 14647 12249 12043 8054 19741 49 3 1 6834, 0 0 1 0 0 0 0 0 0 0
1515912019.37 19515 15570 12847 13738 7865 20992 77 3 3 7305, 0 0 1 0 0 0 0 0 0 0
1515912020.4 19560 14997 13577 13426 9065 22569 67 5 3 5390, 0 0 1 0 0 0 0 0 0 0
1515912021.42 17729 15998 16188 15096 7257 21557 63 2 2 6655, 0 0 1 0 0 0 0 0 0 0
1515912022.45 18252 17069 16155 16959 7750 18342 55 5 7 7956, 0 0 1 0 0 0 0 0 0 0
1515912023.45 25206 21986 15540 14450 5504 21579 41 2 1 9437, 0 0 1 0 0 0 0 0 0 0
1515912024.47 24713 21596 14443 13620 3358 19753 41 1 1 8719, 0 0 1 0 0 0 0 0 0 0
1515912025.5 21370 19429 13050 13326 4679 18423 50 3 3 9529, 0 0 1 0 0 0 0 0 0 0
1515912026.53 22755 18734 12528 14500 6161 21899 37 3 2 11087, 0 0 1 0 0 0 0 0 0 0
1515912027.55 28579 24106 20758 22571 9158 30065 58 9 3 14348, 0 0 1 0 0 0 0 0 0 0
1515912028.56 20298 16775 14560 15431 7448 22698 32 6 4 10479, 0 0 1 0 0 0 0 0 0 0
1515912029.58 18342 15520 15720 14187 9506 22712 32 5 2 6611, 0 0 1 0 0 0 0 0 0 0
1515912030.61 19318 16106 14557 11592 8928 22146 64 2 4 5991, 0 0 1 0 0 0 0 0 0 0
1515912031.65 18986 14950 14362 11725 9947 24766 34 8 2 7222, 0 0 1 0 0 0 0 0 0 0
1515912032.7 22067 17552 13638 11289 8790 24558 35 4 0 8268, 0 0 1 0 0 0 0 0 0 0
1515912033.71 21517 18194 13430 12654 10339 26943 60 2 1 8332, 0 0 1 0 0 0 0 0 0 0
1515912034.75 18014 14887 11695 11453 10525 26816 32 4 1 8492, 0 0 1 0 0 0 0 0 0 0
1515912035.79 22525 17937 10621 12044 11084 27687 42 8 3 8356, 0 0 1 0 0 0 0 0 0 0
1515912036.83 19493 16833 12477 13796 10818 25987 35 5 2 9064, 0 0 1 0 0 0 0 0 0 0
1515912037.86 22108 17936 14735 12861 8331 25605 34 3 1 7927, 0 0 1 0 0 0 0 0 0 0
1515912038.89 20948 17121 16872 15196 8492 23048 23 9 8 7658, 0 0 1 0 0 0 0 0 0 0
1515912039.92 22159 19803 16421 13811 7435 22829 23 3 2 8511, 0 0 1 0 0 0 0 0 0 0
1515912040.95 19625 17708 17657 16626 7065 19125 13 4 3 7080, 0 0 1 0 0 0 0 0 0 0
1515912041.96 24623 21136 17390 15968 9954 21268 30 2 3 6274, 0 0 1 0 0 0 0 0 0 0
1515912042.97 24623 21136 17390 15968 9954 21268 30 2 3 6274, 0 0 1 0 0 0 0 0 0 0
1515912044.01 20566 17561 18532 16029 9351 20400 43 5 2 5701, 0 0 1 0 0 0 0 0 0 0
1515912045.05 19126 18668 18086 15466 7636 18090 28 5 3 7073, 0 0 1 0 0 0 0 0 0 0
1515912046.05 16393 17480 17806 16632 10165 21204 18 1 1 8798, 0 0 1 0 0 0 0 0 0 0
1515912047.09 25244 26277 25491 21284 14096 33293 37 5 3 11191, 0 0 1 0 0 0 0 0 0 0
1515912048.14 18572 16503 16294 14994 13049 27103 20 2 2 7707, 0 0 1 0 0 0 0 0 0 0
1515912049.17 15389 15038 17548 16632 11737 22103 25 4 0 7670, 0 0 1 0 0 0 0 0 0 0
1515912050.19 15447 15615 17014 15469 12769 23945 19 8 1 8715, 0 0 1 0 0 0 0 0 0 0
1515912051.21 18574 16991 14744 12785 11995 26420 19 5 2 9173, 0 0 1 0 0 0 0 0 0 0
1515912052.23 20242 15226 12649 12347 11221 28768 13 5 3 9319, 0 0 1 0 0 0 0 0 0 0
1515912053.24 22524 16670 11420 11875 11339 27457 22 4 2 8107, 0 0 1 0 0 0 0 0 0 0
1515912054.28 16436 13903 13723 14193 10470 22898 38 4 1 7701, 0 0 1 0 0 0 0 0 0 0
1515912055.32 13019 13444 14389 17404 12540 22210 18 2 3 8976, 0 0 1 0 0 0 0 0 0 0
1515912056.37 13923 13246 15489 16388 9429 23955 14 3 2 9891, 0 0 1 0 0 0 0 0 0 0
1515912057.41 13742 12441 16286 16637 9741 25645 15 3 1 9843, 0 0 1 0 0 0 0 0 0 0
1515912058.45 14205 12962 16313 17069 10581 29525 21 5 1 13111, 0 0 1 0 0 0 0 0 0 0
1515912059.47 15617 14253 17249 16932 9533 27473 11 2 2 10160, 0 0 1 0 0 0 0 0 0 0
1515912060.5 17136 13658 16344 15291 10175 28882 13 6 2 10931, 0 0 1 0 0 0 0 0 0 0
1515912061.53 15153 12734 16136 15127 8816 29685 9 2 1 11866, 0 0 1 0 0 0 0 0 0 0
1515912062.55 17327 15230 15018 14138 9913 27338 13 2 0 11050, 0 0 1 0 0 0 0 0 0 0
1515912063.59 16857 15532 16013 14203 9698 25058 8 4 3 9668, 0 0 1 0 0 0 0 0 0 0
1515912064.63 23403 17707 23734 23736 15979 39566 14 2 1 14531, 0 0 1 0 0 0 0 0 0 0
1515912065.66 16171 12077 15539 18413 10172 23615 10 2 1 8644, 0 0 1 0 0 0 0 0 0 0
1515912066.71 22536 16112 17541 15336 8442 23626 20 3 2 2853, 0 0 1 0 0 0 0 0 0 0
1515912067.73 21309 14571 15973 15733 8276 21681 18 2 1 2816, 0 0 1 0 0 0 0 0 0 0
1515912068.76 24504 14128 13979 16199 7946 25603 38 4 3 4785, 0 0 1 0 0 0 0 0 0 0
1515912069.8 23735 17930 15608 15061 9077 24578 20 2 0 4913, 0 0 1 0 0 0 0 0 0 0
1515912070.82 26900 18775 14383 12915 8108 25062 20 2 3 5661, 0 0 1 0 0 0 0 0 0 0
1515912071.83 25683 18170 14197 11726 10319 25988 14 0 1 4238, 0 0 1 0 0 0 0 0 0 0
1515912072.88 27268 19990 13332 9858 11680 27414 16 1 1 4701, 0 0 1 0 0 0 0 0 0 0
1515912073.89 28029 21083 12649 9006 11633 27820 33 1 1 5215, 0 0 1 0 0 0 0 0 0 0
1515912074.91 25565 18824 11053 9408 10387 26015 37 1 0 4507, 0 0 1 0 0 0 0 0 0 0
1515912075.95 27409 20258 11528 10989 10913 27637 56 2 3 7936, 0 0 1 0 0 0 0 0 0 0
1515912077.0 24160 18514 11539 10809 10719 25294 25 3 2 6482, 0 0 1 0 0 0 0 0 0 0
1515912078.06 21511 16694 11980 11048 12780 26040 21 0 1 5838, 0 0 1 0 0 0 0 0 0 0
1515912079.09 19717 15005 11669 12371 12359 26489 25 0 1 8071, 0 0 1 0 0 0 0 0 0 0
1515912080.11 19862 15244 14010 12775 13032 26946 25 1 1 7485, 0 0 1 0 0 0 0 0 0 0
1515912081.16 31276 22068 19432 18461 21641 41194 60 5 2 6951, 0 0 1 0 0 0 0 0 0 0
1515912082.2 16869 15870 13690 12908 15986 24343 28 6 3 5573, 0 0 1 0 0 0 0 0 0 0
1515912083.24 22493 16709 13635 11843 13149 28067 28 4 4 6988, 0 0 1 0 0 0 0 0 0 0
1515912084.25 20180 12617 11873 10580 12466 25654 24 4 3 6947, 0 0 1 0 0 0 0 0 0 0
1515912085.27 18434 13502 11839 11575 11331 27308 23 4 4 8616, 0 0 1 0 0 0 0 0 0 0
1515912086.28 21748 15276 11785 13620 14612 28309 48 5 1 7401, 0 0 1 0 0 0 0 0 0 0
1515912087.31 19106 15412 10869 14596 12720 28417 33 4 5 10396, 0 0 1 0 0 0 0 0 0 0
1515912088.32 20966 16770 12608 13196 12684 27733 28 2 1 8209, 0 0 1 0 0 0 0 0 0 0
1515912089.34 22874 17725 12058 12931 10796 28549 52 3 2 7586, 0 0 1 0 0 0 0 0 0 0
1515912090.36 21229 17887 14416 13661 10395 26156 40 3 2 7784, 0 0 1 0 0 0 0 0 0 0
1515912091.39 21440 17424 13636 13455 10718 27818 32 4 5 7669, 0 0 1 0 0 0 0 0 0 0
1515912092.41 22574 18613 15029 13583 10302 28176 40 2 2 8661, 0 0 1 0 0 0 0 0 0 0
1515912093.43 22992 18257 14308 13559 10063 29204 30 3 0 8292, 0 0 1 0 0 0 0 0 0 0
1515912094.45 17906 15358 14572 13975 10640 26780 34 3 2 8857, 0 0 1 0 0 0 0 0 0 0
1515912095.51 21707 18252 14402 13299 9850 27348 38 3 1 8127, 0 0 1 0 0 0 0 0 0 0
1515912096.54 16476 17950 15436 12491 9975 22227 42 2 3 7814, 0 0 1 0 0 0 0 0 0 0
1515912097.57 16337 16983 14685 12943 7277 19933 52 4 3 9374, 0 0 1 0 0 0 0 0 0 0
1515912098.59 16532 17640 15051 13318 7976 21528 45 6 3 9320, 0 0 1 0 0 0 0 0 0 0
1515912099.63 19615 18045 14710 12922 10427 23332 38 4 5 9460, 0 0 1 0 0 0 0 0 0 0
1515912100.67 20417 19233 14723 12198 8094 23356 47 3 0 7310, 0 0 1 0 0 0 0 0 0 0
1515912101.7 33263 27728 24217 20585 12568 34506 75 5 3 9576, 0 0 1 0 0 0 0 0 0 0
1515912102.72 23990 18269 15559 11874 7900 23741 55 2 4 6927, 0 0 1 0 0 0 0 0 0 0
1515912103.74 25464 18583 15316 10087 7071 24226 55 2 2 5397, 0 0 1 0 0 0 0 0 0 0
1515912104.76 25163 16206 14561 8831 8389 25103 85 1 2 5451, 0 0 1 0 0 0 0 0 0 0
1515912105.78 22455 16651 14212 9811 8368 26649 61 3 0 7816, 0 0 1 0 0 0 0 0 0 0
1515912106.8 22116 17150 14619 9858 10177 26449 62 2 3 7117, 0 0 1 0 0 0 0 0 0 0
1515912107.82 17329 15283 12235 10312 10369 24157 44 1 2 8264, 0 0 1 0 0 0 0 0 0 0
1515912108.84 21058 17206 11844 10914 9842 26662 49 1 1 8963, 0 0 1 0 0 0 0 0 0 0
1515912109.86 21025 17941 14596 12127 9616 25987 41 1 1 7313, 0 0 1 0 0 0 0 0 0 0
1515912110.89 23227 17271 13706 11750 9286 27010 44 1 1 7670, 0 0 1 0 0 0 0 0 0 0
1515912111.92 23835 17467 13757 11199 9499 27718 70 1 3 7507, 0 0 1 0 0 0 0 0 0 0
1515912112.93 23971 17116 14781 12276 8443 26698 41 1 1 7900, 0 0 1 0 0 0 0 0 0 0
1515912113.95 21080 14331 12835 11909 9994 30433 60 2 3 8629, 0 0 1 0 0 0 0 0 0 0
1515912114.96 19507 16006 14683 12299 11610 27971 33 2 4 7237, 0 0 1 0 0 0 0 0 0 0
1515912115.99 23835 18726 13649 11891 12798 27778 52 2 4 5882, 0 0 1 0 0 0 0 0 0 0
1515912117.02 22396 18126 13747 15569 10853 27435 38 4 3 11427, 0 0 1 0 0 0 0 0 0 0
1515912118.04 21157 16665 12331 13686 11678 27856 30 1 2 11958, 0 0 1 0 0 0 0 0 0 0
1515912119.07 21932 17286 12781 12211 11947 26285 23 4 3 9201, 0 0 1 0 0 0 0 0 0 0
1515912120.11 20666 13824 11012 14061 12787 27791 33 0 1 10559, 0 0 1 0 0 0 0 0 0 0
1515912121.15 20554 13879 12912 12429 11300 27866 22 0 2 10068, 0 0 1 0 0 0 0 0 0 0
1515912122.17 20045 14467 12357 11856 11453 27521 22 3 5 8881, 0 0 1 0 0 0 0 0 0 0
1515912123.18 17950 13067 10950 11920 8363 20280 25 1 2 6715, 0 0 1 0 0 0 0 0 0 0
1515912124.28 17284 15323 13335 17116 12267 23983 49 4 3 10006, 0 0 1 0 0 0 0 0 0 0
1515912125.29 28533 22892 19900 20882 15324 33208 85 2 2 11327, 0 0 1 0 0 0 0 0 0 0
1515912126.34 15331 13080 12004 12615 10606 20794 49 3 5 7449, 0 0 1 0 0 0 0 0 0 0
1515912127.38 17530 13804 12329 12203 11115 23269 54 1 4 8132, 0 0 1 0 0 0 0 0 0 0
1515912128.38 17612 15233 14217 13968 9430 19536 67 5 4 5812, 0 0 1 0 0 0 0 0 0 0
1515912129.39 19831 17662 15032 12923 7965 21698 65 5 5 6842, 0 0 1 0 0 0 0 0 0 0
1515912130.43 15940 15100 14004 12041 7175 17959 72 4 4 5849, 0 0 1 0 0 0 0 0 0 0
1515912131.45 18885 15828 15319 14749 8311 19105 67 8 1 6638, 0 0 1 0 0 0 0 0 0 0
1515912132.5 18667 18043 15545 11998 6925 16901 60 7 5 5204, 0 0 1 0 0 0 0 0 0 0
1515912133.52 18404 18248 15982 12461 8251 18355 79 8 3 4547, 0 0 1 0 0 0 0 0 0 0
1515912134.52 17938 18050 15312 11307 8372 17663 77 3 3 5134, 0 0 1 0 0 0 0 0 0 0
1515912135.55 17056 17883 15994 13000 10023 18864 61 6 3 8062, 0 0 1 0 0 0 0 0 0 0
1515912136.56 14717 17266 14942 11526 6486 16487 65 3 4 6242, 0 0 1 0 0 0 0 0 0 0
1515912137.58 15735 16958 15158 10869 7538 18793 50 7 3 7320, 0 0 1 0 0 0 0 0 0 0
1515912138.59 17746 16223 14159 9891 8173 18958 77 3 3 4956, 0 0 1 0 0 0 0 0 0 0
1515912139.61 19425 16289 15443 13286 7905 20511 71 5 4 6634, 0 0 1 0 0 0 0 0 0 0
1515912140.62 20297 17267 14884 12015 6642 19599 63 4 2 7301, 0 0 1 0 0 0 0 0 0 0
1515912141.64 19904 18804 15092 14229 7879 21947 106 4 2 7846, 0 0 1 0 0 0 0 0 0 0
1515912142.65 19192 17684 16373 15367 7236 19590 91 1 1 7059, 0 0 1 0 0 0 0 0 0 0
1515912143.66 21390 17917 14777 12786 7885 22310 62 5 2 6302, 0 0 1 0 0 0 0 0 0 0
1515912144.68 22702 19102 14978 11293 6574 21620 42 0 3 6208, 0 0 1 0 0 0 0 0 0 0
1515912145.69 22250 19126 13353 9109 9201 25187 43 5 3 6383, 0 0 1 0 0 0 0 0 0 0
1515912146.71 24280 20292 12929 8786 10302 27972 49 1 1 7457, 0 0 1 0 0 0 0 0 0 0
1515912147.72 26070 21541 12560 7946 10959 25513 59 7 4 4630, 0 0 1 0 0 0 0 0 0 0
1515912148.74 30525 24506 16298 11109 13290 37579 72 7 1 8559, 0 0 1 0 0 0 0 0 0 0
1515912149.75 30742 24287 12701 12124 10112 26168 56 3 1 5233, 0 0 1 0 0 0 0 0 0 0
1515912150.8 23346 14798 8279 11195 12116 30449 28 2 1 9921, 0 0 1 0 0 0 0 0 0 0
1515912151.84 21346 13578 6930 11027 14578 30124 26 1 2 10284, 0 0 1 0 0 0 0 0 0 0
1515912152.86 20982 10050 6744 11375 15961 31113 26 1 0 10189, 0 0 1 0 0 0 0 0 0 0
1515912153.9 20409 9847 4729 11367 15189 31655 42 2 2 9792, 0 0 1 0 0 0 0 0 0 0
1515912154.91 19946 9588 3778 10903 13223 29488 24 3 3 9829, 0 0 1 0 0 0 0 0 0 0
1515912155.93 22190 11727 5047 11443 13757 32122 27 1 0 10421, 0 0 1 0 0 0 0 0 0 0
1515912156.95 24381 13548 5321 9350 12462 32406 23 2 2 9721, 0 0 1 0 0 0 0 0 0 0
1515912157.99 25571 15474 5597 8406 9935 32833 28 1 1 9161, 0 0 1 0 0 0 0 0 0 0
1515912159.04 27712 16176 6928 7959 7820 30897 45 1 3 6977, 0 0 1 0 0 0 0 0 0 0
1515912160.06 27982 18204 8576 10139 6366 27776 28 1 4 7832, 0 0 1 0 0 0 0 0 0 0
1515912161.08 30186 19539 6841 8793 8185 26516 37 4 2 6079, 0 0 1 0 0 0 0 0 0 0
1515912162.12 29053 17530 7766 10382 4739 24373 35 5 2 5854, 0 0 1 0 0 0 0 0 0 0
1515912163.13 29973 20075 8928 9263 5621 24601 43 4 3 5742, 0 0 1 0 0 0 0 0 0 0
1515912164.14 29180 18863 8036 9179 5743 25509 49 2 4 4819, 0 0 1 0 0 0 0 0 0 0
1515912165.17 26836 14523 7767 9136 6389 26748 51 3 2 5258, 0 0 1 0 0 0 0 0 0 0
1515912166.19 27154 14690 9304 10207 9004 28391 28 3 8 6371, 0 0 1 0 0 0 0 0 0 0
1515912167.2 25683 17098 11905 10110 8935 28420 38 7 4 5054, 0 0 1 0 0 0 0 0 0 0
1515912168.22 24547 17545 10320 9596 9758 30262 47 5 2 6816, 0 0 1 0 0 0 0 0 0 0
1515912169.24 23413 14859 11053 10991 10895 29092 33 5 4 7651, 0 0 1 0 0 0 0 0 0 0
1515912170.26 22648 17045 11363 9637 9890 27888 42 7 5 5975, 0 0 1 0 0 0 0 0 0 0
1515912171.29 19557 24372 18501 12186 16288 30155 34 8 4 7545, 0 0 1 0 0 0 0 0 0 0
1515912172.31 33265 28344 20883 15714 7774 27058 94 3 3 6236, 0 0 1 0 0 0 0 0 0 0
1515912173.32 23802 23911 15836 11154 8468 21820 44 5 3 4159, 0 0 1 0 0 0 0 0 0 0
1515912174.35 19648 21140 16345 11683 7950 19160 29 0 2 4944, 0 0 1 0 0 0 0 0 0 0
1515912175.36 22588 21630 17352 11615 7346 22911 37 3 1 5674, 0 0 1 0 0 0 0 0 0 0
1515912176.39 23012 22675 16724 11293 8183 23982 45 2 1 5719, 0 0 1 0 0 0 0 0 0 0
1515912177.41 24752 21855 16290 10527 7623 24009 60 5 5 5076, 0 0 1 0 0 0 0 0 0 0
1515912178.44 22876 22123 15369 9865 6008 22135 55 3 3 5932, 0 0 1 0 0 0 0 0 0 0
1515912179.45 24403 20910 13217 8164 8699 25081 61 0 0 5683, 0 0 1 0 0 0 0 0 0 0
1515912180.46 23532 20599 12989 7765 7136 23570 34 0 2 5768, 0 0 1 0 0 0 0 0 0 0
1515912181.48 21002 20555 15338 10494 7422 22373 40 2 2 6047, 0 0 1 0 0 0 0 0 0 0
1515912182.5 21611 19064 16125 11229 5618 21549 31 1 1 6879, 0 0 1 0 0 0 0 0 0 0
1515912183.53 22150 20489 14833 10929 6517 20224 35 2 1 5816, 0 0 1 0 0 0 0 0 0 0
1515912184.57 22733 21176 13854 10442 4812 18225 39 4 2 5891, 0 0 1 0 0 0 0 0 0 0
1515912185.58 24089 21658 12890 8027 3690 19963 30 3 5 7434, 0 0 1 0 0 0 0 0 0 0
1515912186.6 23633 20325 13328 10780 4080 20299 25 1 3 9271, 0 0 1 0 0 0 0 0 0 0
1515912187.63 24698 22756 13813 10529 4400 19374 31 2 0 7925, 0 0 1 0 0 0 0 0 0 0
1515912188.64 23783 21273 13209 10214 3657 18010 42 2 2 7317, 0 0 1 0 0 0 0 0 0 0
1515912189.65 22465 21683 12130 10332 3614 16638 29 2 1 7963, 0 0 1 0 0 0 0 0 0 0
1515912190.67 24498 19708 12013 11556 5326 21417 32 3 3 9296, 0 0 1 0 0 0 0 0 0 0
1515912191.69 22961 16222 10041 11330 5749 22623 18 2 2 10988, 0 0 1 0 0 0 0 0 0 0
1515912192.71 25713 18354 10004 9422 5701 23640 21 2 3 7226, 0 0 1 0 0 0 0 0 0 0
1515912193.73 27695 20434 11256 10198 4827 21937 26 5 3 5903, 0 0 1 0 0 0 0 0 0 0
1515912194.75 25258 19627 11110 8185 4168 22694 29 4 3 5586, 0 0 1 0 0 0 0 0 0 0
1515912195.77 27513 18686 11094 11069 5695 24415 32 6 3 5417, 0 0 1 0 0 0 0 0 0 0
1515912196.81 25518 17065 11162 9371 6421 22523 26 4 2 3730, 0 0 1 0 0 0 0 0 0 0
1515912197.84 22444 15415 11392 11680 4714 21507 33 5 3 7768, 0 0 1 0 0 0 0 0 0 0
1515912198.87 33249 22013 16122 16988 8075 35512 35 12 4 12267, 0 0 1 0 0 0 0 0 0 0
1515912199.89 22141 16956 11449 10261 6077 20298 14 6 2 7372, 0 0 1 0 0 0 0 0 0 0
1515912200.92 23278 15888 12214 10222 5013 20430 18 4 4 4802, 0 0 1 0 0 0 0 0 0 0
1515912201.94 26176 15977 12512 10892 5130 24069 11 6 3 5608, 0 0 1 0 0 0 0 0 0 0
1515912202.94 20480 15884 13194 12384 5243 22065 20 3 3 6228, 0 0 1 0 0 0 0 0 0 0
1515912203.96 20480 13929 11765 12263 6627 21383 20 4 1 6228, 0 0 1 0 0 0 0 0 0 0
1515912204.97 21749 13456 11461 11120 5742 24983 16 0 2 4366, 0 0 1 0 0 0 0 0 0 0
1515912206.0 21267 13572 12686 12300 6312 25781 22 4 4 4553, 0 0 1 0 0 0 0 0 0 0
1515912207.04 21083 15886 12349 12504 5482 25075 13 1 1 6927, 0 0 1 0 0 0 0 0 0 0
1515912208.07 20358 13942 11467 11890 5936 27558 24 3 1 7568, 0 0 1 0 0 0 0 0 0 0
1515912209.1 19314 13439 12536 11937 5596 25735 27 1 3 8398, 0 0 1 0 0 0 0 0 0 0
1515912210.11 17795 14938 13407 13669 6939 24138 19 5 2 9810, 0 0 1 0 0 0 0 0 0 0
1515912211.13 17606 16275 13848 13124 5890 22129 18 3 2 9091, 0 0 1 0 0 0 0 0 0 0
1515912212.15 19658 19185 14284 13740 4373 18901 13 2 1 8802, 0 0 1 0 0 0 0 0 0 0
1515912213.17 21358 18506 12476 14035 5931 21207 14 3 3 7661, 0 0 1 0 0 0 0 0 0 0
1515912214.2 17703 15512 12017 14455 6148 21045 21 2 1 8344, 0 0 1 0 0 0 0 0 0 0
1515912215.23 17168 17455 13991 13360 4883 18267 10 2 3 7483, 0 0 1 0 0 0 0 0 0 0
1515912216.24 18145 19412 15506 11793 5959 20004 26 3 1 6007, 0 0 1 0 0 0 0 0 0 0
1515912217.26 19804 18122 15422 11445 6224 23105 21 2 3 7349, 0 0 1 0 0 0 0 0 0 0
1515912218.3 23712 21421 13728 10941 6474 23518 26 4 1 7564, 0 0 1 0 0 0 0 0 0 0
1515912219.32 24840 20324 12119 9674 7444 26140 27 1 2 7094, 0 0 1 0 0 0 0 0 0 0
1515912220.34 25059 19779 12393 11299 6389 24817 30 2 1 7523, 0 0 1 0 0 0 0 0 0 0
1515912221.36 25371 18434 12184 11401 6668 24799 27 2 1 8023, 0 0 1 0 0 0 0 0 0 0
1515912222.45 26231 22491 12243 12231 5982 26597 32 1 2 12671, 0 0 1 0 0 0 0 0 0 0
1515912223.48 36551 24628 12656 13519 8887 32701 48 2 2 7947, 0 0 1 0 0 0 0 0 0 0
1515912224.52 22387 18386 10082 10316 5303 22187 41 1 0 5733, 0 0 1 0 0 0 0 0 0 0
1515912225.54 28623 19787 10183 11046 4989 26872 27 0 2 8435, 0 0 1 0 0 0 0 0 0 0
1515912226.58 25900 18434 10853 11538 6675 23557 32 0 1 7635, 0 0 1 0 0 0 0 0 0 0
1515912227.63 26709 19828 10016 11644 8124 22869 34 1 1 6240, 0 0 1 0 0 0 0 0 0 0
1515912228.67 24556 20531 11314 12836 6748 22058 41 2 2 7384, 0 0 1 0 0 0 0 0 0 0
1515912229.72 22299 16700 11213 14342 7416 22550 41 1 3 9527, 0 0 1 0 0 0 0 0 0 0
1515912230.75 23970 16810 11273 14521 6847 22450 45 1 2 7819, 0 0 1 0 0 0 0 0 0 0
1515912231.8 25343 16357 10009 12196 6215 23638 37 2 1 8709, 0 0 1 0 0 0 0 0 0 0
1515912232.83 27036 16094 7010 12522 8356 27490 75 2 2 6798, 0 0 1 0 0 0 0 0 0 0
1515912233.87 24967 15218 9156 12354 6731 27137 35 3 4 5661, 0 0 1 0 0 0 0 0 0 0
1515912234.92 20960 15930 10482 11128 6179 27315 43 3 2 7138, 0 0 1 0 0 0 0 0 0 0
1515912235.94 32908 23844 17891 18356 12058 37243 76 1 0 7015, 0 0 1 0 0 0 0 0 0 0
1515912236.97 18293 15362 15144 15668 9277 23527 53 3 2 4664, 0 0 1 0 0 0 0 0 0 0
1515912237.99 16995 16139 17014 16270 9119 18030 56 3 2 5409, 0 0 1 0 0 0 0 0 0 0
1515912239.01 13377 15882 17799 16274 5763 15556 54 2 2 5050, 0 0 1 0 0 0 0 0 0 0
1515912240.02 13797 12082 15271 15186 7312 15811 45 2 1 5489, 0 0 1 0 0 0 0 0 0 0
1515912241.05 17724 14926 15936 15768 6150 16794 101 4 2 6129, 0 0 1 0 0 0 0 0 0 0
1515912242.08 17591 17055 16114 12546 6486 17793 55 2 3 6443, 0 0 1 0 0 0 0 0 0 0
1515912243.1 17187 16999 15296 14070 5902 18293 53 2 2 9295, 0 0 1 0 0 0 0 0 0 0
1515912244.13 17223 17982 15559 13129 6067 16775 43 1 4 7333, 0 0 1 0 0 0 0 0 0 0
1515912245.16 15697 14133 11839 12776 5008 16769 65 2 1 6255, 0 0 1 0 0 0 0 0 0 0
1515912246.19 17681 14326 13432 13962 7664 19701 53 4 3 9077, 0 0 1 0 0 0 0 0 0 0
1515912247.22 21304 15513 11762 11431 8633 22162 48 6 3 7748, 0 0 1 0 0 0 0 0 0 0
1515912248.23 22025 19821 13352 12089 6842 21253 66 6 2 8390, 0 0 1 0 0 0 0 0 0 0
1515912249.24 22025 19048 13721 12487 7520 20735 91 6 2 7414, 0 0 1 0 0 0 0 0 0 0
1515912250.28 21116 19170 14737 13827 7589 17601 69 2 2 6585, 0 0 1 0 0 0 0 0 0 0
1515912251.31 24611 20757 12741 12419 6883 18439 60 0 1 6092, 0 0 1 0 0 0 0 0 0 0
1515912252.32 23534 22580 15326 12381 8187 18503 59 0 0 6569, 0 0 1 0 0 0 0 0 0 0
1515912253.34 22127 22316 16668 13884 8757 16853 59 4 1 4591, 0 0 1 0 0 0 0 0 0 0
1515912254.35 18668 22871 18418 15906 4820 12370 46 3 3 4988, 0 0 1 0 0 0 0 0 0 0
1515912255.37 13524 15746 14199 13625 2089 6825 57 1 1 4048, 0 0 1 0 0 0 0 0 0 0
1515912256.4 18218 20555 14337 11791 2580 8176 43 2 5 2860, 0 0 1 0 0 0 0 0 0 0
1515912257.41 20287 18248 15735 15875 4640 13365 39 0 4 5926, 0 0 1 0 0 0 0 0 0 0
1515912258.42 18630 19994 15735 15875 4640 13365 39 2 3 5926, 0 0 1 0 0 0 0 0 0 0
1515912259.44 18688 19327 14266 12523 3208 10922 39 4 3 5188, 0 0 1 0 0 0 0 0 0 0
1515912260.45 22094 23280 23155 20519 6017 17184 52 5 2 7363, 0 0 1 0 0 0 0 0 0 0
1515912261.48 23049 25199 13814 14304 3997 11782 46 4 4 4173, 0 0 1 0 0 0 0 0 0 0
1515912262.5 15326 19468 15942 14651 6017 10945 36 6 6 4641, 0 0 1 0 0 0 0 0 0 0
1515912263.54 14682 18670 12464 13972 9073 12325 27 3 2 5341, 0 0 1 0 0 0 0 0 0 0
1515912264.54 12315 15672 12139 13122 9721 15704 30 7 3 8686, 0 0 1 0 0 0 0 0 0 0
1515912265.55 9498 11611 10651 13712 12922 17780 45 8 1 9498, 0 0 1 0 0 0 0 0 0 0
1515912266.56 10240 12802 11629 14369 12922 17780 45 3 0 9498, 0 0 1 0 0 0 0 0 0 0
1515912267.58 12901 11830 10093 14257 10331 20494 18 3 0 7989, 0 0 1 0 0 0 0 0 0 0
1515912268.64 15383 13972 11623 12163 12290 22686 32 7 2 5294, 0 0 1 0 0 0 0 0 0 0
1515912269.66 15616 12036 10950 13865 12654 26014 22 9 2 8788, 0 0 1 0 0 0 0 0 0 0
1515912270.69 18692 13066 11195 11843 11809 27572 35 6 4 6925, 0 0 1 0 0 0 0 0 0 0
1515912271.7 20653 11441 12357 11916 12168 27630 36 6 2 6304, 0 0 1 0 0 0 0 0 0 0
1515912272.72 19919 10982 11093 9961 10362 27978 32 3 0 5284, 0 0 1 0 0 0 0 0 0 0
1515912273.73 19595 11624 9755 8727 6678 24231 48 1 1 6477, 0 0 1 0 0 0 0 0 0 0
1515912274.74 16967 12394 8749 9055 1202 18354 46 3 1 7570, 0 0 1 0 0 0 0 0 0 0
1515912275.76 7919 11832 10141 10853 1605 11930 32 7 6 5688, 0 0 1 0 0 0 0 0 0 0
1515912276.77 10261 13932 13192 13820 4012 11802 38 9 8 6945, 0 0 1 0 0 0 0 0 0 0
1515912277.8 10333 14986 15257 14882 2753 12925 32 4 5 7572, 0 0 1 0 0 0 0 0 0 0
1515912278.81 7789 13842 15440 16680 3264 13950 33 6 4 7671, 0 0 1 0 0 0 0 0 0 0
1515912279.83 8673 14188 16887 15695 3020 11624 21 1 3 8460, 0 0 1 0 0 0 0 0 0 0
1515912280.84 9817 13259 14532 15597 4490 12588 23 0 1 7716, 0 0 1 0 0 0 0 0 0 0
1515912281.86 9492 13612 15220 14112 2483 10933 27 1 0 7245, 0 0 1 0 0 0 0 0 0 0
1515912282.87 8442 11494 14674 13905 1485 10140 33 5 3 7578, 0 0 1 0 0 0 0 0 0 0
1515912283.88 11727 14712 16921 13458 2925 9853 46 1 2 6933, 0 0 1 0 0 0 0 0 0 0
1515912284.9 16533 14074 15045 13324 3586 14767 26 1 1 7865, 0 0 1 0 0 0 0 0 0 0
1515912285.93 22054 18294 14562 12992 5434 16838 35 3 0 8342, 0 0 1 0 0 0 0 0 0 0
1515912286.96 23390 18513 14416 10619 4474 18531 55 3 2 7280, 0 0 1 0 0 0 0 0 0 0
1515912287.98 28014 23255 17959 13772 7235 27364 49 7 1 11391, 0 0 1 0 0 0 0 0 0 0
1515912289.0 31095 26304 15971 14604 5567 20953 27 5 2 7515, 0 0 1 0 0 0 0 0 0 0
1515912290.02 24982 19403 12255 12197 4689 22117 28 5 2 10348, 0 0 1 0 0 0 0 0 0 0
1515912291.03 24206 18275 11825 11536 4282 21812 25 4 4 10796, 0 0 1 0 0 0 0 0 0 0
1515912292.05 23388 15187 12389 9351 4309 23328 34 3 2 8306, 0 0 1 0 0 0 0 0 0 0
1515912293.06 23013 17205 10776 10047 5943 21224 21 7 4 8092, 0 0 1 0 0 0 0 0 0 0
1515912294.09 18417 14026 7150 11205 8294 22022 20 4 3 9195, 0 0 1 0 0 0 0 0 0 0
1515912295.11 20697 15487 7806 14061 9128 23401 21 5 1 8749, 0 0 1 0 0 0 0 0 0 0
1515912296.14 19191 14255 7697 14138 10188 23157 29 3 0 9164, 0 0 1 0 0 0 0 0 0 0
1515912297.17 17853 15110 10216 15065 10502 22821 18 3 2 10163, 0 0 1 0 0 0 0 0 0 0
1515912298.19 16116 14894 10682 16549 11293 22627 18 5 2 8462, 0 0 1 0 0 0 0 0 0 0
1515912299.22 15550 16089 12142 17352 9219 24165 21 3 0 9807, 0 0 1 0 0 0 0 0 0 0
1515912300.23 15831 12824 12427 15651 11642 24084 24 4 2 9361, 0 0 1 0 0 0 0 0 0 0
1515912301.23 18456 13415 11322 14585 9850 25311 18 6 1 8907, 0 0 1 0 0 0 0 0 0 0
1515912302.25 16350 14590 11863 13326 10003 23543 20 6 1 8623, 0 0 1 0 0 0 0 0 0 0
1515912303.27 17114 14971 9632 10279 9299 22236 27 3 1 8283, 0 0 1 0 0 0 0 0 0 0
1515912304.29 18071 15932 8705 8648 7008 18743 33 4 4 6377, 0 0 1 0 0 0 0 0 0 0
1515912305.33 13933 15325 9340 7810 5979 16796 29 4 1 6845, 0 0 1 0 0 0 0 0 0 0
1515912306.34 15933 16166 8027 8251 4382 19508 42 9 4 5283, 0 0 1 0 0 0 0 0 0 0
1515912307.37 16734 16045 10341 10046 6705 18926 40 8 7 4776, 0 0 1 0 0 0 0 0 0 0
1515912308.38 18813 16698 9923 11595 7827 24117 33 10 5 5829, 0 0 1 0 0 0 0 0 0 0
1515912309.4 17885 15789 9411 13582 9369 25990 43 8 7 8111, 0 0 1 0 0 0 0 0 0 0
1515912310.43 18587 16880 11675 13239 8524 26632 43 2 1 6209, 0 0 1 0 0 0 0 0 0 0
1515912311.44 17205 17807 14122 13701 6475 21441 51 4 4 6678, 0 0 1 0 0 0 0 0 0 0
1515912312.46 16926 16652 13432 13316 6067 23107 35 2 1 9271, 0 0 1 0 0 0 0 0 0 0
1515912313.49 16184 17231 15418 13646 6075 20759 49 2 2 6807, 0 0 1 0 0 0 0 0 0 0
1515912314.51 17480 18203 14374 13209 5484 19127 40 1 0 6149, 0 0 1 0 0 0 0 0 0 0
1515912315.54 28800 26964 25303 20528 7288 29849 80 5 4 9168, 0 0 1 0 0 0 0 0 0 0
1515912316.56 17444 16832 15457 14352 6713 19561 43 4 0 7152, 0 0 1 0 0 0 0 0 0 0
1515912317.58 15386 15476 13505 13061 7563 16637 43 2 0 7879, 0 0 1 0 0 0 0 0 0 0
1515912318.59 13948 13873 11533 13203 9038 18220 36 3 4 9928, 0 0 1 0 0 0 0 0 0 0
1515912319.6 15164 15849 12228 12722 6456 17687 46 7 2 8763, 0 0 1 0 0 0 0 0 0 0
1515912320.63 17701 17832 12160 12153 6060 20280 36 2 2 8550, 0 0 1 0 0 0 0 0 0 0
1515912321.67 16010 16576 11021 13614 6790 25157 29 7 2 12512, 0 0 1 0 0 0 0 0 0 0
1515912322.7 15012 15138 12307 15487 7239 23464 18 9 5 11144, 0 0 1 0 0 0 0 0 0 0
1515912323.72 15792 17336 14143 14966 5181 23895 20 3 2 10187, 0 0 1 0 0 0 0 0 0 0
1515912324.74 17351 17275 14913 13152 4376 23592 19 7 3 8927, 0 0 1 0 0 0 0 0 0 0
1515912325.77 18747 17281 15012 13571 4333 22184 28 3 3 9465, 0 0 1 0 0 0 0 0 0 0
1515912326.8 19881 16881 13489 11549 3823 23380 20 2 0 7818, 0 0 1 0 0 0 0 0 0 0
1515912327.83 16804 17883 14741 11232 2761 18964 36 4 0 6373, 0 0 1 0 0 0 0 0 0 0
1515912328.86 17645 17336 14914 12048 3824 21807 64 6 2 7660, 0 0 1 0 0 0 0 0 0 0
1515912329.89 17453 17030 15537 12187 3872 22066 72 2 3 8979, 0 0 1 0 0 0 0 0 0 0
1515912330.9 17506 18868 15775 12819 3552 21519 31 3 1 9130, 0 0 1 0 0 0 0 0 0 0
1515912331.93 18726 17877 14260 12220 3689 21141 30 3 1 8954, 0 0 1 0 0 0 0 0 0 0
1515912332.98 21433 17025 11819 11913 6496 23651 27 2 1 8426, 0 0 1 0 0 0 0 0 0 0
1515912334.02 26504 18143 8676 9920 6196 27968 22 3 1 8673, 0 0 1 0 0 0 0 0 0 0
1515912335.03 24485 13403 5822 8940 4688 27285 28 1 1 9637, 0 0 1 0 0 0 0 0 0 0
1515912336.07 25238 17535 9562 10534 6868 27766 45 2 1 10397, 0 0 1 0 0 0 0 0 0 0
1515912337.09 41068 27534 15576 14208 7839 40696 46 7 3 12881, 0 0 1 0 0 0 0 0 0 0
1515912338.12 27894 19353 10692 6871 6435 25833 44 6 3 5015, 0 0 1 0 0 0 0 0 0 0
1515912339.14 27532 18752 9285 7585 5565 25919 68 9 8 6123, 0 0 1 0 0 0 0 0 0 0
1515912340.16 25271 17448 10694 8879 5007 23290 58 0 2 7122, 0 0 1 0 0 0 0 0 0 0
1515912341.24 23821 17886 12103 10088 8448 25321 38 3 2 7251, 0 0 1 0 0 0 0 0 0 0
1515912342.25 22822 17784 10491 9920 10573 25575 29 1 1 6034, 0 0 1 0 0 0 0 0 0 0
1515912343.27 19710 14823 11084 9983 10573 27034 29 4 1 6034, 0 0 1 0 0 0 0 0 0 0
1515912344.28 19710 13570 10275 12042 10566 27368 36 4 1 8097, 0 0 1 0 0 0 0 0 0 0
1515912345.31 20458 13850 9060 12206 11935 28109 30 4 1 8028, 0 0 1 0 0 0 0 0 0 0
1515912346.34 20652 13087 8777 9773 11837 29576 31 0 1 8941, 0 0 1 0 0 0 0 0 0 0
1515912347.36 19151 12881 9677 11035 12505 28395 28 2 1 9478, 0 0 1 0 0 0 0 0 0 0
1515912348.4 15254 12592 12811 11489 8701 25212 38 3 0 9009, 0 0 1 0 0 0 0 0 0 0
1515912349.43 13716 11698 14357 14351 9233 24234 26 2 2 10939, 0 0 1 0 0 0 0 0 0 0
1515912350.46 13206 13925 15690 16339 6339 20877 31 3 3 11036, 0 0 1 0 0 0 0 0 0 0
1515912351.47 14264 15708 14936 13885 4734 18590 33 4 2 9370, 0 0 1 0 0 0 0 0 0 0
1515912352.51 16207 15351 12749 13546 7804 19685 35 1 2 8560, 0 0 1 0 0 0 0 0 0 0
1515912353.53 13810 15159 12766 15655 10343 21612 28 2 1 10240, 0 0 1 0 0 0 0 0 0 0
1515912354.57 14221 12481 10872 15698 12500 23192 30 1 3 10193, 0 0 1 0 0 0 0 0 0 0
1515912355.6 14606 13268 12047 15229 11559 23183 20 3 0 10343, 0 0 1 0 0 0 0 0 0 0
1515912356.65 16933 20821 20142 21929 16931 28204 29 6 4 15267, 0 0 1 0 0 0 0 0 0 0
1515912357.67 13456 15004 12827 14925 8706 18745 19 3 3 9750, 0 0 1 0 0 0 0 0 0 0
1515912358.7 11057 12936 13108 12225 4718 15597 19 7 4 7404, 0 0 1 0 0 0 0 0 0 0
1515912359.73 13006 14397 14881 12280 4109 16972 43 8 6 6138, 0 0 1 0 0 0 0 0 0 0
1515912360.79 15262 13984 12651 14794 6019 20095 57 1 4 7961, 0 0 1 0 0 0 0 0 0 0
1515912361.82 13680 13214 13842 13169 6639 18630 51 7 3 7940, 0 0 1 0 0 0 0 0 0 0
1515912362.83 11934 14925 15942 15312 5466 16708 32 6 4 7988, 0 0 1 0 0 0 0 0 0 0
1515912363.93 12922 13941 15921 16216 5343 16879 63 7 3 7021, 0 0 1 0 0 0 0 0 0 0
1515912364.95 11715 15447 13842 15838 4157 17270 53 2 3 7760, 0 0 1 0 0 0 0 0 0 0
1515912366.0 10231 13501 11784 13368 4843 17376 66 7 5 5866, 0 0 1 0 0 0 0 0 0 0
1515912367.07 16199 13802 9721 12188 4753 20747 64 4 4 6304, 0 0 1 0 0 0 0 0 0 0
1515912368.11 14667 15974 10572 14198 5420 19857 60 7 3 6645, 0 0 1 0 0 0 0 0 0 0
1515912369.13 16040 16290 11537 12300 5075 22714 56 5 3 6581, 0 0 1 0 0 0 0 0 0 0
1515912370.14 16040 16290 11537 12300 5075 22714 56 5 3 6581, 0 0 1 0 0 0 0 0 0 0
1515912371.17 24056 20657 14155 17897 6062 32312 106 8 5 11076, 0 0 1 0 0 0 0 0 0 0
1515912372.22 23731 15506 8793 10475 4493 22930 66 4 4 8721, 0 0 1 0 0 0 0 0 0 0
1515912373.23 26185 14507 5450 7368 5001 22564 32 3 2 6417, 0 0 1 0 0 0 0 0 0 0
1515912374.29 25225 15418 5488 7364 5646 21533 34 3 2 6422, 0 0 1 0 0 0 0 0 0 0
1515912375.32 25455 15478 7945 9896 4504 21694 58 5 2 7321, 0 0 1 0 0 0 0 0 0 0
1515912376.34 24419 15863 8835 10542 3307 20929 49 3 4 8849, 0 0 1 0 0 0 0 0 0 0
1515912377.36 26785 18337 8004 10504 4664 25003 37 3 2 9726, 0 0 1 0 0 0 0 0 0 0
1515912378.37 24129 16896 9940 11479 5223 22515 32 0 1 8819, 0 0 1 0 0 0 0 0 0 0
1515912379.39 20522 17019 12242 13444 4317 20182 24 2 3 10647, 0 0 1 0 0 0 0 0 0 0
1515912380.42 19847 17808 13651 13245 4013 19210 36 2 1 10461, 0 0 1 0 0 0 0 0 0 0
1515912381.45 18140 16666 13386 14961 6532 20567 24 2 2 10527, 0 0 1 0 0 0 0 0 0 0
1515912382.48 15674 17158 15071 14474 6304 18092 32 3 2 9573, 0 0 1 0 0 0 0 0 0 0
1515912383.5 16935 17468 16394 12713 5554 17313 27 3 2 6540, 0 0 1 0 0 0 0 0 0 0
1515912384.53 16475 18292 14640 13202 6167 17476 39 1 2 5744, 0 0 1 0 0 0 0 0 0 0
1515912385.57 19545 19358 14292 12377 6210 21491 33 2 2 6598, 0 0 1 0 0 0 0 0 0 0
1515912386.61 21189 20024 13058 11648 5564 21292 37 0 1 7428, 0 0 1 0 0 0 0 0 0 0
1515912387.64 18701 17516 8156 11808 4434 22147 27 3 2 9100, 0 0 1 0 0 0 0 0 0 0
1515912388.72 25318 22905 12298 14726 6105 32840 55 3 1 12265, 0 0 1 0 0 0 0 0 0 0
1515912389.79 15273 14808 7062 7820 3050 22136 51 6 6 8490, 0 0 1 0 0 0 0 0 0 0
1515912390.84 12192 13857 7023 8245 1854 18990 51 3 1 7831, 0 0 1 0 0 0 0 0 0 0
1515912391.88 9647 12868 8035 10184 1300 18062 30 5 4 8362, 0 0 1 0 0 0 0 0 0 0
1515912392.9 13253 12285 8493 9571 2160 19751 22 2 1 8041, 0 0 1 0 0 0 0 0 0 0
1515912393.93 10287 11122 9044 11088 2514 17909 26 2 2 9034, 0 0 1 0 0 0 0 0 0 0
1515912394.95 11894 11512 10424 14784 2705 20003 23 3 1 13613, 0 0 1 0 0 0 0 0 0 0
1515912395.99 9548 9313 7656 15600 5660 21340 13 3 0 12864, 0 0 1 0 0 0 0 0 0 0
1515912397.0 12292 12677 11274 15833 4466 19347 19 4 2 11939, 0 0 1 0 0 0 0 0 0 0
1515912398.01 14186 13562 11206 16510 5715 20994 18 3 0 11202, 0 0 1 0 0 0 0 0 0 0
1515912399.05 15169 14225 13221 16426 5976 22771 19 6 2 12627, 0 0 1 0 0 0 0 0 0 0
1515912400.09 17727 15900 13611 16930 7755 23117 24 4 1 13297, 0 0 1 0 0 0 0 0 0 0
1515912401.12 15892 12790 13192 18363 8958 22314 15 6 0 11944, 0 0 1 0 0 0 0 0 0 0
1515912402.14 13898 14415 13017 16894 8944 20017 13 1 0 11118, 0 0 1 0 0 0 0 0 0 0
1515912403.16 14923 15216 13570 15096 8555 20423 18 6 1 10767, 0 0 1 0 0 0 0 0 0 0
1515912404.2 16456 18316 14110 15866 12902 25611 27 6 3 17279, 0 0 1 0 0 0 0 0 0 0
1515912405.21 22824 18523 11089 14342 8173 28334 32 7 0 13937, 0 0 1 0 0 0 0 0 0 0
1515912406.24 11393 11869 11014 13196 9456 20609 30 2 0 12975, 0 0 1 0 0 0 0 0 0 0
1515912407.26 9318 9604 10470 13407 7660 17545 37 7 3 11423, 0 0 1 0 0 0 0 0 0 0
1515912408.3 11586 11053 9849 12321 7829 19334 27 3 3 9999, 0 0 1 0 0 0 0 0 0 0
1515912409.32 11250 10931 10604 13017 7771 18657 17 2 2 10869, 0 0 1 0 0 0 0 0 0 0
1515912410.33 14402 12666 9857 13925 6304 20550 16 1 0 11366, 0 0 1 0 0 0 0 0 0 0
1515912411.34 15891 15378 9773 12833 4807 21600 18 3 1 11286, 0 0 1 0 0 0 0 0 0 0
1515912412.38 14365 14918 8419 12461 4791 22725 17 1 1 8921, 0 0 1 0 0 0 0 0 0 0
1515912413.4 15548 13642 6803 16162 4277 21348 13 1 2 13094, 0 0 1 0 0 0 0 0 0 0
1515912414.41 13629 12704 6892 12914 3279 22259 23 1 1 12909, 0 0 1 0 0 0 0 0 0 0
1515912415.44 11227 11678 7335 11033 3013 18233 24 3 3 8631, 0 0 1 0 0 0 0 0 0 0
1515912416.45 8571 11948 9162 10788 2808 14523 23 3 3 5581, 0 0 1 0 0 0 0 0 0 0
1515912417.47 9141 11954 7990 11404 4473 15374 34 6 1 5904, 0 0 1 0 0 0 0 0 0 0
1515912418.51 9095 12904 9694 14013 8132 18875 26 4 4 8346, 0 0 1 0 0 0 0 0 0 0
1515912419.55 9956 11064 10409 17390 9311 19393 22 4 1 9175, 0 0 1 0 0 0 0 0 0 0
1515912420.57 10270 10940 13064 16620 11045 21682 29 5 4 9193, 0 0 1 0 0 0 0 0 0 0
1515912421.63 14291 12761 12904 15328 8621 24078 27 5 2 10011, 0 0 1 0 0 0 0 0 0 0
1515912422.67 11712 11971 12354 12946 3601 19189 33 6 5 6635, 0 0 1 0 0 0 0 0 0 0
1515912423.7 10540 10210 11339 13254 4358 18637 39 6 6 7542, 0 0 1 0 0 0 0 0 0 0
1515912424.75 11104 11565 10049 11039 3518 16531 55 3 2 5914, 0 0 1 0 0 0 0 0 0 0
1515912425.79 17777 16340 13924 19586 7035 29947 118 5 5 10547, 0 0 1 0 0 0 0 0 0 0
1515912426.8 12460 14125 10567 13086 3218 21324 43 5 2 11000, 0 0 1 0 0 0 0 0 0 0
1515912427.83 13789 15645 11869 14207 3987 24173 61 3 3 12724, 0 0 1 0 0 0 0 0 0 0
1515912428.87 12907 14789 11859 14025 4559 22045 39 1 0 10250, 0 0 1 0 0 0 0 0 0 0
1515912429.9 13748 14846 11986 14826 2713 19549 45 4 6 9780, 0 0 1 0 0 0 0 0 0 0
1515912430.94 13051 13800 11357 13112 3964 19658 38 4 2 10192, 0 0 1 0 0 0 0 0 0 0
1515912431.96 10414 14559 12348 11787 4195 17307 42 3 3 7713, 0 0 1 0 0 0 0 0 0 0
1515912432.98 11727 14409 13644 10998 4492 16981 46 2 3 6913, 0 0 1 0 0 0 0 0 0 0
1515912433.99 10632 15090 16123 13298 5123 15020 67 5 2 5823, 0 0 1 0 0 0 0 0 0 0
1515912434.99 11290 16127 17560 14100 3475 14564 56 4 1 7965, 0 0 1 0 0 0 0 0 0 0
1515912436.0 12429 17276 16093 12163 3034 15264 48 2 2 7941, 0 0 1 0 0 0 0 0 0 0
1515912437.02 9444 14584 16561 14782 5229 15756 45 2 2 9318, 0 0 1 0 0 0 0 0 0 0
1515912438.04 13681 17936 16910 14998 7136 18237 60 3 0 6454, 0 0 1 0 0 0 0 0 0 0
1515912439.06 15989 18213 16449 13250 8022 18998 42 5 3 5300, 0 0 1 0 0 0 0 0 0 0
1515912440.08 16052 18105 15539 15050 6877 20033 47 3 4 7654, 0 0 1 0 0 0 0 0 0 0
1515912441.11 12055 14140 15070 14718 7844 16210 37 1 1 6823, 0 0 1 0 0 0 0 0 0 0
1515912442.12 11917 13337 15296 15120 8561 16967 32 2 1 7121, 0 0 1 0 0 0 0 0 0 0
1515912443.16 15295 14642 12757 13735 7644 21182 28 4 1 8481, 0 0 1 0 0 0 0 0 0 0
1515912444.19 14758 12356 10682 12535 7967 21895 50 5 1 8878, 0 0 1 0 0 0 0 0 0 0
1515912445.23 12614 12886 12288 15697 5666 19948 36 2 1 12529, 0 0 1 0 0 0 0 0 0 0
1515912446.26 13273 17409 16772 18012 7739 22272 20 5 4 11923, 0 0 1 0 0 0 0 0 0 0
1515912447.28 21268 17227 16467 23875 6196 28208 54 4 3 18571, 0 0 1 0 0 0 0 0 0 0
1515912448.32 16226 14680 11149 13521 6226 22237 31 2 3 10112, 0 0 1 0 0 0 0 0 0 0
1515912449.41 17641 16947 12764 17159 6903 23156 40 3 1 9791, 0 0 1 0 0 0 0 0 0 0
1515912450.46 19565 15631 9801 15040 8165 23936 27 3 3 9844, 0 0 1 0 0 0 0 0 0 0
1515912451.52 15764 14535 11171 13701 5694 22063 66 3 2 8349, 0 0 1 0 0 0 0 0 0 0
1515912452.57 15185 15582 10254 14333 5407 19903 22 3 2 7697, 0 0 1 0 0 0 0 0 0 0
1515912453.59 13490 13098 8878 12269 3038 21458 29 3 2 10029, 0 0 1 0 0 0 0 0 0 0
1515912454.6 8547 9374 9787 14040 3635 15575 68 3 6 8519, 0 0 1 0 0 0 0 0 0 0
1515912455.62 11618 12546 12031 13418 4483 17455 82 6 3 8528, 0 0 1 0 0 0 0 0 0 0
1515912456.63 14765 14270 11635 12099 3608 17779 72 2 3 5260, 0 0 1 0 0 0 0 0 0 0
1515912457.65 17730 13781 10940 13060 5862 23193 67 3 4 7235, 0 0 1 0 0 0 0 0 0 0
1515912458.66 19469 15379 12506 11478 3640 22678 81 5 4 5678, 0 0 1 0 0 0 0 0 0 0
1515912459.68 13871 10388 8647 10757 4426 23743 67 6 3 7957, 0 0 1 0 0 0 0 0 0 0
1515912460.69 15505 9097 5243 8266 4172 22896 105 2 4 6707, 0 0 1 0 0 0 0 0 0 0
1515912461.71 15946 9254 8358 8871 4860 26105 72 6 7 6988, 0 0 1 0 0 0 0 0 0 0
1515912462.73 14387 7452 5044 7903 5223 25152 80 2 2 7151, 0 0 1 0 0 0 0 0 0 0
1515912463.75 13507 6064 4769 7451 5441 24339 73 4 4 7364, 0 0 1 0 0 0 0 0 0 0
1515912464.78 12104 2869 1210 3074 4893 21524 85 6 5 5678, 0 0 1 0 0 0 0 0 0 0
1515912465.78 13284 3689 158 3892 5257 24413 65 6 7 9072, 0 0 1 0 0 0 0 0 0 0
1515912466.78 15655 3689 158 3892 5257 32509 65 6 7 9072, 0 0 1 0 0 0 0 0 0 0
1515912467.79 19081 4010 610 3350 6211 36957 69 10 7 10558, 0 0 1 0 0 0 0 0 0 0
1515912468.81 11806 2315 232 1265 2219 23213 93 5 3 5083, 0 0 1 0 0 0 0 0 0 0
1515912469.83 13080 3980 626 1530 2296 23449 59 5 3 5708, 0 0 1 0 0 0 0 0 0 0
1515912470.84 15928 5849 1276 2100 5215 23862 60 5 2 6167, 0 0 1 0 0 0 0 0 0 0
1515912471.85 15962 6245 1706 1897 6297 25201 41 0 4 5925, 0 0 1 0 0 0 0 0 0 0
1515912472.87 11351 2553 364 978 4391 22390 44 5 4 4718, 0 0 1 0 0 0 0 0 0 0
1515912473.88 11331 4227 978 1409 3389 24363 61 8 5 4028, 0 0 1 0 0 0 0 0 0 0
1515912474.9 10852 3919 191 1662 2435 22490 46 0 2 4479, 0 0 1 0 0 0 0 0 0 0
1515912475.91 14355 7406 2433 1919 2423 24259 86 1 1 4438, 0 0 1 0 0 0 0 0 0 0
1515912476.93 16688 12837 6618 3375 4531 21234 69 2 2 3369, 0 0 1 0 0 0 0 0 0 0
1515912477.94 16313 13006 5607 3178 3496 21777 67 5 5 3535, 0 0 1 0 0 0 0 0 0 0
1515912478.96 16810 14075 6448 3106 4358 23407 107 2 3 4294, 0 0 1 0 0 0 0 0 0 0
1515912479.97 17339 13905 4959 3051 4121 22350 58 2 2 5310, 0 0 1 0 0 0 0 0 0 0
1515912480.99 15983 14406 5614 3875 4495 24513 39 3 3 5711, 0 0 1 0 0 0 0 0 0 0
1515912482.02 15560 13536 5236 2972 6140 23915 47 4 5 6340, 0 0 1 0 0 0 0 0 0 0
1515912483.04 18232 16136 6120 3426 6487 22027 51 2 1 6394, 0 0 1 0 0 0 0 0 0 0
1515912484.04 14984 10211 5681 3444 6318 21406 63 3 1 4534, 0 0 1 0 0 0 0 0 0 0
1515912485.06 13881 8969 5607 2851 6431 18361 65 4 4 3212, 0 0 1 0 0 0 0 0 0 0
1515912486.07 13064 7724 4478 3284 5482 16755 85 4 3 3221, 0 0 1 0 0 0 0 0 0 0
1515912487.09 14861 6523 1855 2882 4292 15744 79 2 3 3557, 0 0 1 0 0 0 0 0 0 0
1515912488.1 16767 6890 1176 2233 4987 17966 76 3 6 3970, 0 0 1 0 0 0 0 0 0 0
1515912489.11 17224 6904 588 2057 4506 19190 58 3 2 4557, 0 0 1 0 0 0 0 0 0 0
1515912490.13 18150 6430 486 2404 4612 22342 96 5 6 4953, 0 0 1 0 0 0 0 0 0 0
1515912491.14 11530 2965 631 1936 3582 21236 54 0 1 3902, 0 0 1 0 0 0 0 0 0 0
1515912492.16 13182 3240 1908 5157 3130 19362 60 5 4 6100, 0 0 1 0 0 0 0 0 0 0
1515912493.18 10037 4483 5250 5986 2768 19280 60 1 1 5913, 0 0 1 0 0 0 0 0 0 0
1515912494.19 9427 6691 9165 6422 3485 14274 74 3 3 3624, 0 0 1 0 0 0 0 0 0 0
1515912495.2 6826 5287 10115 6864 2503 13912 65 5 3 4776, 0 0 1 0 0 0 0 0 0 0
1515912496.22 8496 7509 12760 11413 1607 14501 46 1 2 8794, 0 0 1 0 0 0 0 0 0 0
1515912497.23 7664 7111 12226 8860 2271 17235 45 3 3 6569, 0 0 1 0 0 0 0 0 0 0
1515912498.25 14981 10638 12408 7998 4610 18926 41 4 4 3621, 0 0 1 0 0 0 0 0 0 0
1515912499.26 17210 12127 12797 9741 2643 16647 54 3 2 6326, 0 0 1 0 0 0 0 0 0 0
1515912500.28 17993 12473 11739 6997 3364 17258 52 4 4 5598, 0 0 1 0 0 0 0 0 0 0
1515912501.29 22637 13416 12130 6276 3942 19311 55 2 1 4042, 0 0 1 0 0 0 0 0 0 0
1515912502.31 23713 16121 11544 5055 3865 20228 63 1 2 3915, 0 0 1 0 0 0 0 0 0 0
1515912503.33 21311 16751 12199 6929 5833 18614 57 0 1 3425, 0 0 1 0 0 0 0 0 0 0
1515912504.34 24374 16697 18147 11072 7963 29223 101 2 3 5348, 0 0 1 0 0 0 0 0 0 0
1515912505.37 21655 15864 12664 8815 6973 20569 79 0 0 5409, 0 0 1 0 0 0 0 0 0 0
1515912506.4 15274 9588 11397 9191 5603 20807 58 2 2 7125, 0 0 1 0 0 0 0 0 0 0
1515912507.42 11944 7656 9732 7503 3143 20175 42 1 1 7808, 0 0 1 0 0 0 0 0 0 0
1515912508.45 11300 8388 10239 8019 5331 23927 36 6 2 8078, 0 0 1 0 0 0 0 0 0 0
1515912509.48 13625 8774 12645 13331 5386 22777 44 6 2 10118, 0 0 1 0 0 0 0 0 0 0
1515912510.52 10282 8213 13018 13884 5268 25167 33 3 4 11949, 0 0 1 0 0 0 0 0 0 0
1515912511.54 13891 12598 11721 11050 5878 25520 48 6 2 11540, 0 0 1 0 0 0 0 0 0 0
1515912512.58 16977 14094 12092 10067 6059 26781 29 1 0 10870, 0 0 1 0 0 0 0 0 0 0
1515912513.61 17167 14065 10694 10911 5629 25426 24 3 0 13806, 0 0 1 0 0 0 0 0 0 0
1515912514.65 14132 14529 11034 9366 4845 22483 19 3 4 12646, 0 0 1 0 0 0 0 0 0 0
1515912515.68 15208 15793 12484 9018 4070 21928 20 5 1 11640, 0 0 1 0 0 0 0 0 0 0
1515912516.71 13373 13781 11315 7784 3382 20343 28 5 2 10306, 0 0 1 0 0 0 0 0 0 0
1515912517.75 16618 17194 12092 7871 5301 20367 17 6 3 9240, 0 0 1 0 0 0 0 0 0 0
1515912518.78 18716 15891 10005 8220 6948 23195 20 0 0 8432, 0 0 1 0 0 0 0 0 0 0
1515912519.82 18221 15588 7018 4963 5759 20484 28 4 3 6709, 0 0 1 0 0 0 0 0 0 0
1515912520.85 22582 16789 6816 3102 5131 21425 32 5 2 4339, 0 0 1 0 0 0 0 0 0 0
1515912521.87 19085 18568 9221 3499 4869 21722 34 8 3 5337, 0 0 1 0 0 0 0 0 0 0
1515912522.88 30819 23972 9311 6065 8588 30003 51 5 5 5277, 0 0 1 0 0 0 0 0 0 0
1515912523.89 22977 17764 5919 4260 9331 22618 41 2 2 3559, 0 0 1 0 0 0 0 0 0 0
1515912524.9 23902 18627 8698 3498 9732 23482 46 2 2 3283, 0 0 1 0 0 0 0 0 0 0
1515912525.92 20436 16129 8139 4376 9790 24868 38 2 1 4511, 0 0 1 0 0 0 0 0 0 0
1515912526.95 16476 14836 9619 6840 9695 20073 43 2 3 3992, 0 0 1 0 0 0 0 0 0 0
1515912527.97 17624 15047 11133 8840 13061 26772 49 2 3 6769, 0 0 1 0 0 0 0 0 0 0
1515912528.98 17120 14274 11413 8367 13693 27456 33 5 3 7480, 0 0 1 0 0 0 0 0 0 0
1515912530.0 20418 16135 10407 8010 13303 23781 46 4 5 6574, 0 0 1 0 0 0 0 0 0 0
1515912531.01 20498 14991 10314 11082 16086 25369 31 0 1 6440, 0 0 1 0 0 0 0 0 0 0
1515912532.03 17761 12499 10499 13734 15332 24865 18 1 0 7689, 0 0 1 0 0 0 0 0 0 0
1515912533.05 14488 10652 9942 13473 15492 23403 29 2 3 8231, 0 0 1 0 0 0 0 0 0 0
1515912534.06 15172 10372 9365 13586 13492 23601 22 1 1 8725, 0 0 1 0 0 0 0 0 0 0
1515912535.08 18474 15456 9724 10647 9830 19285 26 3 2 6767, 0 0 1 0 0 0 0 0 0 0
1515912536.09 14898 14408 8994 5283 8895 17258 65 3 4 4700, 0 0 1 0 0 0 0 0 0 0
1515912537.12 11064 12283 8815 4062 6998 11915 48 6 5 1149, 0 0 1 0 0 0 0 0 0 0
1515912538.13 15414 15427 10156 6153 7302 16491 33 4 3 3365, 0 0 1 0 0 0 0 0 0 0
1515912539.16 17222 16266 10483 7837 9206 21864 25 4 5 5920, 0 0 1 0 0 0 0 0 0 0
1515912540.17 20280 17587 10699 7042 8212 21618 21 4 4 4619, 0 0 1 0 0 0 0 0 0 0
1515912541.18 17645 18562 11514 6589 9501 22356 33 1 1 4588, 0 0 1 0 0 0 0 0 0 0
1515912542.2 14783 15220 12028 10216 10089 22268 35 2 1 7931, 0 0 1 0 0 0 0 0 0 0
1515912543.23 15092 15700 12023 7910 8371 20217 32 2 2 5541, 0 0 1 0 0 0 0 0 0 0
1515912544.25 18196 14401 8727 7197 9093 25299 24 3 2 6839, 0 0 1 0 0 0 0 0 0 0
1515912545.27 18552 13370 8172 8583 7673 25600 20 1 0 9963, 0 0 1 0 0 0 0 0 0 0
1515912546.3 21493 12146 7936 10140 8854 30098 24 2 1 12785, 0 0 1 0 0 0 0 0 0 0
1515912547.31 22172 11843 8280 10376 8221 29048 15 2 1 10981, 0 0 1 0 0 0 0 0 0 0
1515912548.33 20434 10841 7830 11626 7477 26850 9 6 3 13542, 0 0 1 0 0 0 0 0 0 0
1515912549.34 16850 10101 7427 9314 4058 20890 20 3 1 10152, 0 0 1 0 0 0 0 0 0 0
1515912550.36 12413 6846 7415 9374 3644 19403 25 5 5 8761, 0 0 1 0 0 0 0 0 0 0
1515912551.38 15942 9301 8419 11417 5423 24463 46 8 5 8831, 0 0 1 0 0 0 0 0 0 0
1515912552.39 19894 9422 5611 9123 4460 27561 42 5 6 5892, 0 0 1 0 0 0 0 0 0 0
1515912553.42 43254 19473 7740 7752 8602 41810 43 5 5 4891, 0 0 1 0 0 0 0 0 0 0
1515912554.43 27867 9621 3233 7416 3984 27568 50 4 1 6164, 0 0 1 0 0 0 0 0 0 0
1515912555.44 29947 12892 3556 4066 5315 26453 43 2 4 5728, 0 0 1 0 0 0 0 0 0 0
1515912556.45 28700 14846 5332 5646 4925 24866 32 1 2 4326, 0 0 1 0 0 0 0 0 0 0
1515912557.47 31129 18193 6137 3679 5943 24813 45 4 3 1932, 0 0 1 0 0 0 0 0 0 0
1515912558.48 28089 14821 4776 2365 4622 22500 46 1 2 2569, 0 0 1 0 0 0 0 0 0 0
1515912559.49 28322 15865 4709 3428 5589 22795 66 1 2 4236, 0 0 1 0 0 0 0 0 0 0
1515912560.53 29566 14954 5109 2792 9825 25327 48 2 2 1495, 0 0 1 0 0 0 0 0 0 0
1515912561.54 27140 14118 6075 3505 10260 26866 63 2 1 3313, 0 0 1 0 0 0 0 0 0 0
1515912562.57 19090 10636 6046 4473 6741 18596 47 8 4 3476, 0 0 1 0 0 0 0 0 0 0
1515912563.59 13916 8407 5278 5187 6180 16661 29 5 5 4681, 0 0 1 0 0 0 0 0 0 0
1515912564.61 16950 10256 5525 6143 7354 22089 26 3 5 6786, 0 0 1 0 0 0 0 0 0 0
1515912565.63 17385 12855 7333 6603 11589 26550 26 6 3 6871, 0 0 1 0 0 0 0 0 0 0
1515912566.66 18867 14309 9080 6255 9701 24374 34 3 3 4509, 0 0 1 0 0 0 0 0 0 0
1515912567.67 21051 15844 9355 5457 8426 20839 34 3 5 3512, 0 0 1 0 0 0 0 0 0 0
1515912568.69 18353 15122 8755 4212 7590 20225 29 6 4 3243, 0 0 1 0 0 0 0 0 0 0
1515912569.7 21448 16914 8544 3432 5320 19338 29 2 1 2212, 0 0 1 0 0 0 0 0 0 0
1515912570.74 22815 18054 7890 3761 6343 22286 20 3 2 3219, 0 0 1 0 0 0 0 0 0 0
1515912571.75 19357 15750 9846 5244 5664 20152 33 0 2 4000, 0 0 1 0 0 0 0 0 0 0
1515912572.79 18931 15443 9755 4867 4338 18230 30 3 2 4023, 0 0 1 0 0 0 0 0 0 0
1515912573.83 21456 16145 7840 3745 2978 17524 34 2 1 2659, 0 0 1 0 0 0 0 0 0 0
1515912574.88 18692 13440 6501 3905 2608 17214 29 3 2 3513, 0 0 1 0 0 0 0 0 0 0
1515912575.89 21693 14270 4519 4376 5233 20291 19 2 1 5203, 0 0 1 0 0 0 0 0 0 0
1515912576.91 21864 16115 6337 6450 9600 23979 23 4 2 4899, 0 0 1 0 0 0 0 0 0 0
1515912577.92 22395 15751 6667 6589 12021 28053 15 2 3 4221, 0 0 1 0 0 0 0 0 0 0
1515912578.96 22196 19240 12695 11238 18160 33012 20 2 1 7346, 0 0 1 0 0 0 0 0 0 0
1515912579.97 39613 24436 7441 8787 12329 34130 26 4 4 3309, 0 0 1 0 0 0 0 0 0 0
1515912580.99 25301 16375 6203 6946 11437 25072 16 6 6 3392, 0 0 1 0 0 0 0 0 0 0
1515912582.0 16358 11087 3520 4523 7416 17062 24 2 2 2722, 0 0 1 0 0 0 0 0 0 0
1515912583.04 19468 14206 4808 5239 4847 20376 31 4 4 4282, 0 0 1 0 0 0 0 0 0 0
1515912584.06 19678 15387 4673 7432 6579 20025 29 5 3 6209, 0 0 1 0 0 0 0 0 0 0
1515912585.11 20693 15220 5427 5669 10980 25655 49 5 5 6235, 0 0 1 0 0 0 0 0 0 0
1515912586.14 19991 20692 10029 6030 5215 22315 41 2 1 4831, 0 0 1 0 0 0 0 0 0 0
1515912587.15 18391 21680 12479 5658 2631 17895 33 4 3 4762, 0 0 1 0 0 0 0 0 0 0
1515912588.18 19094 21599 13337 5650 3855 19870 46 1 3 5157, 0 0 1 0 0 0 0 0 0 0
1515912589.21 18058 22599 15014 7435 2005 17682 38 3 5 6494, 0 0 1 0 0 0 0 0 0 0
1515912590.23 19206 18523 10488 5195 2752 17820 31 2 0 6012, 0 0 1 0 0 0 0 0 0 0
1515912591.25 14859 16927 11192 4256 2193 14348 25 3 2 3822, 0 0 1 0 0 0 0 0 0 0
1515912592.26 8613 10434 6238 3154 768 9840 17 5 2 7089, 0 0 1 0 0 0 0 0 0 0
1515912593.27 5743 6745 3893 3162 2519 7983 18 2 3 5295, 0 0 1 0 0 0 0 0 0 0
1515912594.28 7770 11779 6801 1803 3700 6677 20 4 1 1973, 0 0 1 0 0 0 0 0 0 0
1515912595.3 6608 10966 7598 2479 5208 5487 26 5 4 820, 0 0 1 0 0 0 0 0 0 0
1515912596.33 7162 9461 6376 2039 3225 3597 33 3 3 160, 0 0 1 0 0 0 0 0 0 0
1515912597.36 14415 11224 5738 1305 3888 9645 51 4 2 195, 0 0 1 0 0 0 0 0 0 0
1515912598.38 15846 11968 5284 2059 3817 8791 52 6 4 824, 0 0 1 0 0 0 0 0 0 0
1515912599.4 17081 11052 4494 839 3784 9800 54 9 6 432, 0 0 1 0 0 0 0 0 0 0
1515912600.41 17030 10153 7834 3982 3854 10661 55 5 2 993, 0 0 1 0 0 0 0 0 0 0
1515912601.42 13041 9304 9665 5970 3782 10082 46 4 2 1732, 0 0 1 0 0 0 0 0 0 0
1515912602.44 8090 5936 8236 6104 2132 7327 60 4 2 1537, 0 0 1 0 0 0 0 0 0 0
1515912603.46 6247 4065 6788 8481 1115 8088 44 1 0 5629, 0 0 1 0 0 0 0 0 0 0
1515912604.47 7755 3324 6290 9138 1753 9607 48 3 1 5628, 0 0 1 0 0 0 0 0 0 0
1515912605.48 5435 1792 4366 8680 1057 8533 36 6 4 6881, 0 0 1 0 0 0 0 0 0 0
1515912606.49 1055 1582 5298 11021 2328 6975 43 7 4 9658, 0 0 1 0 0 0 0 0 0 0
1515912607.51 1175 2599 7067 14214 2590 3568 19 8 6 6354, 0 0 1 0 0 0 0 0 0 0
1515912608.54 984 2906 5257 12358 3165 4379 12 3 4 6487, 0 0 1 0 0 0 0 0 0 0
1515912609.57 1076 3319 4547 10918 3471 3022 14 4 4 3350, 0 0 1 0 0 0 0 0 0 0
1515912610.57 2288 6287 8682 10980 2734 1828 23 5 7 1623, 0 0 1 0 0 0 0 0 0 0
1515912611.6 3869 8793 12934 13560 2613 1934 29 11 7 1733, 0 0 1 0 0 0 0 0 0 0
1515912612.61 11469 14334 14536 12807 3870 6753 15 8 8 649, 0 0 1 0 0 0 0 0 0 0
1515912613.63 11533 15578 14462 8978 1462 6294 20 5 3 139, 0 0 1 0 0 0 0 0 0 0
1515912614.64 9166 11909 10889 7327 2012 5326 29 5 2 130, 0 0 1 0 0 0 0 0 0 0
1515912615.67 9166 11909 10889 7327 2012 5326 29 5 2 130, 0 0 1 0 0 0 0 0 0 0
1515912616.67 8937 14786 13490 6073 1213 4641 39 6 5 139, 0 0 1 0 0 0 0 0 0 0
1515912617.68 6444 14936 14162 5885 1298 2344 34 5 3 119, 0 0 1 0 0 0 0 0 0 0
1515912618.69 6444 14936 14162 5885 1298 2344 34 5 3 119, 0 0 1 0 0 0 0 0 0 0
1515912619.71 4306 12688 15577 5388 989 2098 29 3 4 112, 0 0 1 0 0 0 0 0 0 0
1515912620.74 3343 12355 14422 4712 613 1126 12 5 5 67, 0 0 1 0 0 0 0 0 0 0
1515912621.76 3774 11394 10381 2044 575 1202 20 3 4 80, 0 0 1 0 0 0 0 0 0 0
1515912622.78 4158 9260 7593 1740 861 1799 29 2 4 120, 0 0 1 0 0 0 0 0 0 0
1515912623.78 4922 8593 7697 2365 574 1962 32 6 7 134, 0 0 1 0 0 0 0 0 0 0
1515912624.79 4922 10580 9518 2354 963 2552 32 6 7 132, 0 0 1 0 0 0 0 0 0 0
1515912625.82 6825 10908 7910 2308 1632 4617 21 4 9 91, 0 0 1 0 0 0 0 0 0 0
1515912626.84 8946 11507 8202 3990 2539 6882 16 8 9 787, 0 0 1 0 0 0 0 0 0 0
1515912627.86 11739 16930 12333 5579 2786 6854 22 6 5 217, 0 0 1 0 0 0 0 0 0 0
1515912628.88 12069 16575 13247 7780 3199 7198 15 3 5 496, 0 0 1 0 0 0 0 0 0 0
1515912629.9 10641 17084 14642 9962 2789 6258 9 5 5 1545, 0 0 1 0 0 0 0 0 0 0
1515912630.92 12734 19517 15688 10851 3324 7265 6 5 3 2468, 0 0 1 0 0 0 0 0 0 0
1515912631.94 13559 19408 16235 11325 3710 8631 5 3 3 2760, 0 0 1 0 0 0 0 0 0 0
1515912632.96 13067 15925 14968 12814 3423 7396 4 2 2 2516, 0 0 1 0 0 0 0 0 0 0
1515912633.99 12264 13882 14177 13477 3316 8338 3 5 4 4618, 0 0 1 0 0 0 0 0 0 0
1515912635.01 12957 13643 13424 12516 3031 7892 2 3 3 3788, 0 0 1 0 0 0 0 0 0 0
1515912636.09 17698 12944 14801 15834 8487 15793 5 6 2 5679, 0 0 1 0 0 0 0 0 0 0
1515912637.13 17102 10669 9505 10386 2508 9175 4 6 7 4430, 0 0 1 0 0 0 0 0 0 0
1515912638.16 14911 7217 6884 13098 4723 11334 2 3 4 6791, 0 0 1 0 0 0 0 0 0 0
1515912639.19 15062 5531 6117 13080 4224 13287 3 6 5 6271, 0 0 1 0 0 0 0 0 0 0
1515912640.21 12687 4605 6873 15011 6410 15714 3 4 5 8282, 0 0 1 0 0 0 0 0 0 0
1515912641.23 8517 4775 7758 14677 5785 11534 2 4 6 8334, 0 0 1 0 0 0 0 0 0 0
1515912642.25 4815 4601 7681 14501 4911 8575 5 8 7 8775, 0 0 1 0 0 0 0 0 0 0
1515912643.26 9071 10914 9599 15631 6579 12481 9 7 3 10115, 0 0 1 0 0 0 0 0 0 0
1515912644.31 9071 11906 11015 14285 4109 11774 2 7 3 8481, 0 0 1 0 0 0 0 0 0 0
1515912645.32 13560 18256 10228 13392 3754 13920 5 4 2 6971, 0 0 1 0 0 0 0 0 0 0
1515912646.33 16012 17949 11083 12778 3392 15075 5 4 3 6397, 0 0 1 0 0 0 0 0 0 0
1515912647.36 16012 17660 11160 13047 4216 17986 8 4 3 8579, 0 0 1 0 0 0 0 0 0 0
1515912648.39 16223 18814 10735 11990 3794 16492 5 6 3 7718, 0 0 1 0 0 0 0 0 0 0
1515912649.41 14594 17779 10906 11472 3121 15736 4 6 6 7259, 0 0 1 0 0 0 0 0 0 0
1515912650.44 14001 15624 9494 9840 4327 16285 10 3 2 5043, 0 0 1 0 0 0 0 0 0 0
1515912651.46 13393 14662 10722 8575 4910 14874 7 5 4 2883, 0 0 1 0 0 0 0 0 0 0
1515912652.47 9574 10952 8493 6553 3529 10136 10 5 5 2498, 0 0 1 0 0 0 0 0 0 0
1515912653.5 9168 12074 7980 4449 1218 7985 7 2 5 1999, 0 0 1 0 0 0 0 0 0 0
1515912654.51 5929 6997 9690 11252 3572 10272 10 6 6 7765, 0 0 1 0 0 0 0 0 0 0
1515912655.53 4877 6641 11142 13343 5068 10678 12 7 7 8309, 0 0 1 0 0 0 0 0 0 0
1515912656.56 5639 9944 17616 18663 8844 11360 7 7 9 8233, 0 0 1 0 0 0 0 0 0 0
1515912657.62 11508 8861 17762 16888 4792 18380 15 10 9 5358, 0 0 1 0 0 0 0 0 0 0
1515912658.67 6845 7514 12975 12723 3882 14706 6 5 5 4764, 0 0 1 0 0 0 0 0 0 0
1515912659.69 6604 8013 13424 11289 1862 13536 9 8 6 3584, 0 0 1 0 0 0 0 0 0 0
1515912660.71 8336 8038 12815 8636 1811 12008 1 2 3 1666, 0 0 1 0 0 0 0 0 0 0
1515912661.73 7205 7346 12066 10441 1616 12324 3 6 1 4562, 0 0 1 0 0 0 0 0 0 0
1515912662.74 7935 8150 10909 9194 1931 13389 8 4 4 4173, 0 0 1 0 0 0 0 0 0 0
1515912663.76 7510 7299 8012 7831 1068 14846 8 3 2 5350, 0 0 1 0 0 0 0 0 0 0
1515912664.78 8174 7544 8431 7854 1441 13003 3 6 1 5075, 0 0 1 0 0 0 0 0 0 0
1515912665.8 7651 6155 8494 8704 2791 11796 1 4 2 5151, 0 0 1 0 0 0 0 0 0 0
1515912666.83 2444 4540 8355 9933 3164 6875 7 7 7 6089, 0 0 1 0 0 0 0 0 0 0
1515912667.85 733 2944 7199 10020 1737 3748 3 8 6 4958, 0 0 1 0 0 0 0 0 0 0
1515912668.87 770 3314 7011 8816 2030 3097 5 8 7 3198, 0 0 1 0 0 0 0 0 0 0
1515912669.89 5080 8610 9498 10407 3412 6764 5 5 6 3682, 0 0 1 0 0 0 0 0 0 0
1515912670.92 6842 10455 9530 9785 4608 7739 11 6 6 3050, 0 0 1 0 0 0 0 0 0 0
1515912671.94 6963 13653 12527 10517 4559 6204 12 7 5 1817, 0 0 1 0 0 0 0 0 0 0
1515912672.96 7717 15479 13033 7411 5448 7478 9 8 5 2017, 0 0 1 0 0 0 0 0 0 0
1515912674.0 6874 13113 11582 4700 4413 6797 13 12 8 2632, 0 0 1 0 0 0 0 0 0 0
1515912675.04 7278 15074 12782 6549 5447 7142 12 9 4 2160, 0 0 1 0 0 0 0 0 0 0
1515912676.09 8930 13658 12516 3924 5200 8978 20 4 3 1609, 0 0 1 0 0 0 0 0 0 0
1515912677.12 11152 18174 17775 5821 7655 14511 21 5 1 2964, 0 0 1 0 0 0 0 0 0 0
1515912678.14 8784 12903 11807 5500 7216 14198 14 6 3 4011, 0 0 1 0 0 0 0 0 0 0
1515912679.16 9955 11244 10812 8191 4687 16070 15 6 2 6739, 0 0 1 0 0 0 0 0 0 0
1515912680.23 12493 8678 8635 7470 3661 17180 20 7 3 6202, 0 0 1 0 0 0 0 0 0 0
1515912681.28 15509 12285 10611 8737 5086 22207 13 6 4 8046, 0 0 1 0 0 0 0 0 0 0
1515912682.31 18865 13470 10020 8679 5358 25152 18 2 4 6767, 0 0 1 0 0 0 0 0 0 0
1515912683.34 19443 12841 8891 7798 4222 28356 32 4 5 8612, 0 0 1 0 0 0 0 0 0 0
1515912684.37 17997 12198 9432 8543 3051 25419 22 2 3 7423, 0 0 1 0 0 0 0 0 0 0
1515912685.4 17777 11679 8658 8419 3482 24900 21 3 3 7466, 0 0 1 0 0 0 0 0 0 0
1515912686.41 17204 11767 6148 8008 4421 22459 25 4 4 3395, 0 0 1 0 0 0 0 0 0 0
1515912687.44 19835 11019 7422 8643 3867 23380 33 3 4 3970, 0 0 1 0 0 0 0 0 0 0
1515912688.45 11689 8855 6784 7835 6776 21490 25 1 3 4709, 0 0 1 0 0 0 0 0 0 0
1515912689.46 11689 8505 6042 8531 7450 21045 34 1 3 5655, 0 0 1 0 0 0 0 0 0 0
1515912690.48 7699 4490 4750 9060 7585 20061 30 1 2 8463, 0 0 1 0 0 0 0 0 0 0
1515912691.48 5828 971 2329 7196 7139 20145 26 2 2 8110, 0 0 1 0 0 0 0 0 0 0
1515912692.5 6013 980 1740 6925 6625 20130 18 2 2 9352, 0 0 1 0 0 0 0 0 0 0
1515912693.52 6682 909 2124 7920 6125 18201 12 1 2 9720, 0 0 1 0 0 0 0 0 0 0
1515912694.53 4540 2750 3626 5930 5367 13005 11 5 5 7025, 0 0 1 0 0 0 0 0 0 0
1515912695.54 4711 4094 4889 4502 3973 9736 18 5 4 3318, 0 0 1 0 0 0 0 0 0 0
1515912696.57 4456 4890 3757 1626 2283 5612 20 6 7 731, 0 0 1 0 0 0 0 0 0 0
1515912697.6 3598 4503 4435 2661 2125 3887 23 6 7 460, 0 0 1 0 0 0 0 0 0 0
1515912698.62 4828 6596 14233 18463 4009 11137 43 9 6 10921, 0 0 1 0 0 0 0 0 0 0
1515912699.64 3567 4618 10211 15174 3161 7946 25 7 5 7956, 0 0 1 0 0 0 0 0 0 0
1515912700.65 4827 6572 12531 16593 3491 6655 23 10 7 5734, 0 0 1 0 0 0 0 0 0 0
1515912701.68 7728 8262 13218 16360 4094 8780 23 11 6 5931, 0 0 1 0 0 0 0 0 0 0
1515912702.69 9961 11346 13759 12338 2396 8525 20 9 5 4512, 0 0 1 0 0 0 0 0 0 0
1515912703.7 10196 9682 12634 12134 1629 7842 19 9 3 3568, 0 0 1 0 0 0 0 0 0 0
1515912704.72 9583 7079 11611 9587 3294 7994 30 8 5 2466, 0 0 1 0 0 0 0 0 0 0
1515912705.76 10657 9992 13183 12760 6976 12256 41 4 3 4947, 0 0 1 0 0 0 0 0 0 0
1515912706.77 11997 10545 12983 12694 7024 13472 29 5 3 5458, 0 0 1 0 0 0 0 0 0 0
1515912707.79 13994 10732 12826 12070 7379 14468 71 5 3 4359, 0 0 1 0 0 0 0 0 0 0
1515912708.81 15170 9074 12268 9902 9894 16455 35 3 5 4507, 0 0 1 0 0 0 0 0 0 0
1515912709.84 16389 9997 12785 11393 12922 17059 46 4 3 3296, 0 0 1 0 0 0 0 0 0 0
1515912710.89 15194 10581 12395 14324 13705 19220 33 2 2 5536, 0 0 1 0 0 0 0 0 0 0
1515912711.9 17479 8533 8735 12591 13876 22743 26 4 3 6438, 0 0 1 0 0 0 0 0 0 0
1515912712.91 18207 9050 8385 13188 15743 23817 32 5 2 6489, 0 0 1 0 0 0 0 0 0 0
1515912713.94 18560 11678 9210 13621 13374 22428 35 5 2 5984, 0 0 1 0 0 0 0 0 0 0
1515912714.96 16631 8874 7129 11896 11206 21726 29 1 2 6628, 0 0 1 0 0 0 0 0 0 0
1515912716.0 17489 10101 6325 8529 7914 20405 21 4 4 7626, 0 0 1 0 0 0 0 0 0 0
1515912717.02 15034 10101 8555 8327 5577 17885 16 3 4 7347, 0 0 1 0 0 0 0 0 0 0
1515912718.04 9193 6908 6135 6166 2682 10015 13 4 3 4167, 0 0 1 0 0 0 0 0 0 0
1515912719.05 2993 3731 3857 3706 1776 3751 11 10 7 2248, 0 0 1 0 0 0 0 0 0 0
1515912720.07 2881 5013 7705 6632 1710 3828 13 9 10 2940, 0 0 1 0 0 0 0 0 0 0
1515912721.09 4252 6083 9675 8634 4186 6431 21 6 4 3271, 0 0 1 0 0 0 0 0 0 0
1515912722.13 8044 7561 7522 5680 3104 9281 44 10 6 3964, 0 0 1 0 0 0 0 0 0 0
1515912723.14 6282 7524 11550 7182 3175 8853 44 8 6 2745, 0 0 1 0 0 0 0 0 0 0
1515912724.15 7668 7896 13792 12104 7542 11278 60 4 5 1580, 0 0 1 0 0 0 0 0 0 0
1515912725.16 5012 5886 9543 8010 6761 8456 43 6 6 1594, 0 0 1 0 0 0 0 0 0 0
1515912726.17 5728 5989 8452 7706 7238 9219 39 6 6 1501, 0 0 1 0 0 0 0 0 0 0
1515912727.18 3464 3829 7909 8549 8877 7782 41 2 4 1087, 0 0 1 0 0 0 0 0 0 0
1515912728.19 10264 4706 4712 6053 8558 11816 47 5 4 233, 0 0 1 0 0 0 0 0 0 0
1515912729.21 9209 4306 3665 4309 7515 9462 40 5 4 246, 0 0 1 0 0 0 0 0 0 0
1515912730.22 12152 5548 4044 4360 8015 12252 27 1 1 1646, 0 0 1 0 0 0 0 0 0 0
1515912731.24 12407 5891 3552 5065 12899 16438 38 7 4 3257, 0 0 1 0 0 0 0 0 0 0
1515912732.27 14289 5228 1980 4099 12723 18001 50 4 2 4290, 0 0 1 0 0 0 0 0 0 0
1515912733.29 14950 3829 1534 6528 13091 20927 47 6 5 7912, 0 0 1 0 0 0 0 0 0 0
1515912734.33 9980 2801 1891 4653 9867 18831 51 7 5 4792, 0 0 1 0 0 0 0 0 0 0
1515912735.33 9846 2821 1114 7094 13398 22651 28 2 1 6857, 0 0 1 0 0 0 0 0 0 0
1515912736.36 8919 1467 1199 7692 14068 22122 26 5 4 7324, 0 0 1 0 0 0 0 0 0 0
1515912737.38 6952 1780 817 4696 9768 19859 20 3 1 7181, 0 0 1 0 0 0 0 0 0 0
1515912738.4 6478 2513 822 3571 12385 18858 36 7 3 4635, 0 0 1 0 0 0 0 0 0 0
1515912739.42 7668 3808 4652 8871 10414 19398 35 5 3 7967, 0 0 1 0 0 0 0 0 0 0
1515912740.43 7930 4102 5401 10754 8566 18817 40 1 1 7683, 0 0 1 0 0 0 0 0 0 0
1515912741.45 7531 5589 6818 9960 11192 16514 41 4 2 5013, 0 0 1 0 0 0 0 0 0 0
1515912742.46 10949 6873 6200 10950 10355 16489 42 2 1 5164, 0 0 1 0 0 0 0 0 0 0
1515912743.49 14399 8777 5769 9848 12083 20439 37 2 2 7320, 0 0 1 0 0 0 0 0 0 0
1515912744.5 16827 8728 5527 8859 10994 18985 21 4 2 8324, 0 0 1 0 0 0 0 0 0 0
1515912745.53 20004 9055 4481 5460 8763 19511 31 4 3 6467, 0 0 1 0 0 0 0 0 0 0
1515912746.54 20740 8201 4209 6224 7110 21078 48 4 1 5022, 0 0 1 0 0 0 0 0 0 0
1515912747.56 19877 6395 4960 9131 8366 24849 48 2 1 7902, 0 0 1 0 0 0 0 0 0 0
1515912748.58 21333 9311 4383 8792 9433 26817 32 2 1 9118, 0 0 1 0 0 0 0 0 0 0
1515912749.59 19779 7105 5290 11136 10676 28541 31 4 4 9487, 0 0 1 0 0 0 0 0 0 0
1515912750.65 20972 7195 2486 8779 13252 29518 36 6 4 9254, 0 0 1 0 0 0 0 0 0 0
1515912751.67 19406 6572 4226 10761 12569 29700 29 3 3 9731, 0 0 1 0 0 0 0 0 0 0
1515912752.7 28675 10332 7242 14903 21601 45905 49 3 2 13542, 0 0 1 0 0 0 0 0 0 0
1515912753.71 17923 6663 4979 8792 9627 24191 21 4 2 8469, 0 0 1 0 0 0 0 0 0 0
1515912754.72 17147 4283 4448 6512 8476 26667 28 1 0 7880, 0 0 1 0 0 0 0 0 0 0
1515912755.74 11889 2418 2740 4999 9917 20606 26 2 4 4101, 0 0 1 0 0 0 0 0 0 0
1515912756.75 8235 1916 984 2141 5541 12410 18 3 5 2085, 0 0 1 0 0 0 0 0 0 0
1515912757.78 14609 9851 3624 2209 4864 13053 28 5 4 2082, 0 0 1 0 0 0 0 0 0 0
1515912758.81 20584 13419 7324 4959 6886 18017 35 2 4 2343, 0 0 1 0 0 0 0 0 0 0
1515912759.83 20269 12169 8592 9752 6684 22305 44 4 3 6770, 0 0 1 0 0 0 0 0 0 0
1515912760.9 16563 11902 9225 12103 5091 21263 43 4 5 9534, 0 0 1 0 0 0 0 0 0 0
1515912761.95 12179 7583 9069 13426 5845 22713 41 4 2 11911, 0 0 1 0 0 0 0 0 0 0
1515912762.99 11847 7652 9495 13604 5270 22842 28 7 4 10734, 0 0 1 0 0 0 0 0 0 0
1515912764.01 9774 8540 12657 14535 3017 21036 21 5 1 9646, 0 0 1 0 0 0 0 0 0 0
1515912765.03 11406 10550 11896 12536 3719 19607 22 7 3 9485, 0 0 1 0 0 0 0 0 0 0
1515912766.05 14741 14110 13181 14948 4078 19100 30 1 0 8717, 0 0 1 0 0 0 0 0 0 0
1515912767.06 14304 14483 14078 11158 2115 14541 19 6 3 6341, 0 0 1 0 0 0 0 0 0 0
1515912768.07 7649 10769 9924 7011 1410 8834 19 7 3 5992, 0 0 1 0 0 0 0 0 0 0
1515912769.08 7821 10658 8608 4893 1294 7486 25 5 3 4556, 0 0 1 0 0 0 0 0 0 0
1515912770.11 6013 12000 9987 3553 619 7099 42 9 7 1232, 0 0 1 0 0 0 0 0 0 0
1515912771.12 9238 11891 8594 2934 1159 5432 38 8 7 143, 0 0 1 0 0 0 0 0 0 0
1515912772.14 9635 11763 7468 2216 1595 5965 33 7 9 158, 0 0 1 0 0 0 0 0 0 0
1515912773.15 9114 12602 9964 5059 1338 5492 43 4 5 1963, 0 0 1 0 0 0 0 0 0 0
1515912774.16 10226 10681 12234 8991 2904 7140 50 9 6 3012, 0 0 1 0 0 0 0 0 0 0
1515912775.17 6757 9402 13683 11513 2833 6936 41 7 4 2988, 0 0 1 0 0 0 0 0 0 0
1515912776.19 6849 9227 11760 10595 2689 7285 41 1 6 4453, 0 0 1 0 0 0 0 0 0 0
1515912777.2 7861 10393 14450 10677 3965 8851 30 7 5 4693, 0 0 1 0 0 0 0 0 0 0
1515912778.21 7063 10729 14225 12509 4789 11578 23 6 8 7233, 0 0 1 0 0 0 0 0 0 0
1515912779.23 11430 7626 12476 13959 2799 11406 53 8 11 5125, 0 0 1 0 0 0 0 0 0 0
1515912780.26 10541 6525 9200 12662 4147 15179 32 5 4 6369, 0 0 1 0 0 0 0 0 0 0
1515912781.27 11494 5856 8678 12799 9029 20136 33 6 8 7544, 0 0 1 0 0 0 0 0 0 0
1515912782.31 12444 5885 6592 14049 6563 24137 36 13 8 10329, 0 0 1 0 0 0 0 0 0 0
1515912783.33 9174 5694 6596 12292 6606 20095 40 8 4 7306, 0 0 1 0 0 0 0 0 0 0
1515912784.35 8089 6060 7652 9307 6249 15965 48 10 6 6133, 0 0 1 0 0 0 0 0 0 0
1515912785.36 12962 7653 8927 10242 9790 21270 52 3 3 6554, 0 0 1 0 0 0 0 0 0 0
1515912786.39 12794 7085 7756 10357 7866 22488 50 3 6 8606, 0 0 1 0 0 0 0 0 0 0
1515912787.42 14144 7107 6460 8566 5847 24395 55 4 3 7467, 0 0 1 0 0 0 0 0 0 0
1515912788.45 16242 8199 6399 6907 6564 26941 38 6 4 7727, 0 0 1 0 0 0 0 0 0 0
1515912789.48 14136 6354 5854 4088 3958 25466 55 0 3 5320, 0 0 1 0 0 0 0 0 0 0
1515912790.5 13233 6192 6084 4768 4412 26579 47 1 1 7114, 0 0 1 0 0 0 0 0 0 0
1515912791.51 10256 3697 7791 5907 3882 27088 39 2 4 6479, 0 0 1 0 0 0 0 0 0 0
1515912792.53 14159 5372 6368 5444 5080 25626 33 5 2 6134, 0 0 1 0 0 0 0 0 0 0
1515912793.55 11980 3255 4204 3291 7450 24825 28 0 1 3959, 0 0 1 0 0 0 0 0 0 0
1515912794.58 12217 4329 2781 5546 4982 23696 31 2 3 6038, 0 0 1 0 0 0 0 0 0 0
1515912795.6 13630 4943 4416 9567 8507 30098 40 1 1 10272, 0 0 1 0 0 0 0 0 0 0
1515912796.66 12267 6585 6402 11818 5249 26391 45 2 3 10521, 0 0 1 0 0 0 0 0 0 0
1515912797.7 13321 7501 8398 11907 3616 25101 28 0 1 11696, 0 0 1 0 0 0 0 0 0 0
1515912798.72 14469 7938 6142 9204 2409 25991 29 4 3 10658, 0 0 1 0 0 0 0 0 0 0
1515912799.75 18397 8905 9456 15456 4019 38245 32 4 2 19135, 0 0 1 0 0 0 0 0 0 0
1515912800.76 14733 8081 4182 8697 3406 22317 15 5 3 13730, 0 0 1 0 0 0 0 0 0 0
1515912801.77 11309 7034 2666 6872 3837 19443 17 7 4 14023, 0 0 1 0 0 0 0 0 0 0
1515912802.8 12686 6272 2160 3567 5795 20638 14 3 4 8389, 0 0 1 0 0 0 0 0 0 0
1515912803.81 11109 5446 2217 2523 4528 19096 12 2 3 7342, 0 0 1 0 0 0 0 0 0 0
1515912804.82 12329 6254 1973 3490 3782 17793 12 4 1 7920, 0 0 1 0 0 0 0 0 0 0
1515912805.84 7503 4330 2336 2067 1948 12714 22 5 4 5585, 0 0 1 0 0 0 0 0 0 0
1515912806.85 7005 3644 904 475 1764 6271 24 6 4 889, 0 0 1 0 0 0 0 0 0 0
1515912807.89 16752 7416 1999 213 3499 14351 39 3 3 162, 0 0 1 0 0 0 0 0 0 0
1515912808.9 17736 7501 1415 507 2675 13409 48 4 4 980, 0 0 1 0 0 0 0 0 0 0
1515912809.92 18221 7550 2266 1055 2766 12482 51 4 3 1461, 0 0 1 0 0 0 0 0 0 0
1515912810.94 17628 9962 4148 3728 2526 14723 34 2 2 5001, 0 0 1 0 0 0 0 0 0 0
1515912811.96 13244 9715 7773 11734 7282 14883 39 1 2 6920, 0 0 1 0 0 0 0 0 0 0
1515912812.97 15604 10736 9357 14839 10077 17914 37 3 4 8365, 0 0 1 0 0 0 0 0 0 0
1515912813.99 13525 7746 7489 15902 11076 18963 36 3 1 8199, 0 0 1 0 0 0 0 0 0 0
1515912815.0 11002 8797 8000 14714 8468 13548 36 1 2 5396, 0 0 1 0 0 0 0 0 0 0
1515912816.03 14632 10986 7910 12799 7309 18558 36 0 0 6444, 0 0 1 0 0 0 0 0 0 0
1515912817.05 14591 11863 9883 12566 7251 19845 45 2 1 6094, 0 0 1 0 0 0 0 0 0 0
1515912818.07 14033 13525 10155 12653 6278 20060 27 0 0 9322, 0 0 1 0 0 0 0 0 0 0
1515912819.09 15819 11534 8784 13317 7351 21024 23 2 3 10240, 0 0 1 0 0 0 0 0 0 0
1515912820.11 16886 10060 6675 13751 6962 19119 22 3 1 8472, 0 0 1 0 0 0 0 0 0 0
1515912821.12 12687 8964 7975 10316 6279 14026 26 3 0 4828, 0 0 1 0 0 0 0 0 0 0
1515912822.13 14468 9075 7872 10127 5959 14656 29 3 0 4831, 0 0 1 0 0 0 0 0 0 0
1515912823.14 12944 8090 5878 9762 6136 17424 32 1 0 6984, 0 0 1 0 0 0 0 0 0 0
1515912824.16 11274 4364 2941 6767 4337 18047 41 3 4 6637, 0 0 1 0 0 0 0 0 0 0
1515912825.19 13528 5216 3274 5523 4407 18608 35 6 4 6067, 0 0 1 0 0 0 0 0 0 0
1515912826.2 14233 4986 1656 3577 3152 17423 42 2 2 5943, 0 0 1 0 0 0 0 0 0 0
1515912827.22 15700 4722 435 2507 3132 18342 36 2 4 5553, 0 0 1 0 0 0 0 0 0 0
1515912828.24 16968 4630 61 1656 4091 20374 18 3 3 4231, 0 0 1 0 0 0 0 0 0 0
1515912829.27 15647 4409 357 2062 3125 20781 16 2 2 4821, 0 0 1 0 0 0 0 0 0 0
1515912830.28 22907 6921 2539 4698 6673 33414 30 7 3 8088, 0 0 1 0 0 0 0 0 0 0
1515912831.3 18498 7079 2130 3053 3599 23748 16 2 6 4825, 0 0 1 0 0 0 0 0 0 0
1515912832.32 17476 5231 1241 2498 3856 25451 29 4 4 5464, 0 0 1 0 0 0 0 0 0 0
1515912833.33 12828 2285 1392 5830 3091 24417 31 3 2 8264, 0 0 1 0 0 0 0 0 0 0
1515912834.35 11182 2537 2398 5266 3305 20992 15 4 6 8244, 0 0 1 0 0 0 0 0 0 0
1515912835.4 11965 6826 6739 8152 3583 21883 19 1 2 9632, 0 0 1 0 0 0 0 0 0 0
1515912836.42 11055 4899 7475 9217 5788 25179 23 3 3 10520, 0 0 1 0 0 0 0 0 0 0
1515912837.44 11609 4790 8560 11071 5012 24627 28 3 2 10403, 0 0 1 0 0 0 0 0 0 0
1515912838.47 8845 5258 11712 11382 4107 23170 32 3 5 9460, 0 0 1 0 0 0 0 0 0 0
1515912839.51 10498 6648 11789 12555 3530 22560 21 2 3 10089, 0 0 1 0 0 0 0 0 0 0
1515912840.53 11423 5175 9032 11096 3211 23036 20 6 5 9958, 0 0 1 0 0 0 0 0 0 0
1515912841.59 10943 6303 11704 13187 4543 23758 22 3 3 9785, 0 0 1 0 0 0 0 0 0 0
1515912842.61 11818 5354 9742 14162 3877 21584 35 1 5 10593, 0 0 1 0 0 0 0 0 0 0
1515912843.62 14506 6436 9439 13211 7593 21226 43 2 2 4930, 0 0 1 0 0 0 0 0 0 0
1515912844.63 14221 4390 4228 8924 6845 22957 41 5 2 5538, 0 0 1 0 0 0 0 0 0 0
1515912845.65 14280 4624 4163 7643 6768 22410 40 1 1 6212, 0 0 1 0 0 0 0 0 0 0
1515912846.66 12988 4185 3225 7991 6249 21717 47 1 2 7544, 0 0 1 0 0 0 0 0 0 0
1515912847.68 11799 2633 3288 6874 2920 18561 53 2 3 6080, 0 0 1 0 0 0 0 0 0 0
1515912848.7 12936 3035 2420 7381 3916 20677 49 4 3 6983, 0 0 1 0 0 0 0 0 0 0
1515912849.72 14213 5231 3755 7279 6360 22765 43 1 1 7736, 0 0 1 0 0 0 0 0 0 0
1515912850.75 15690 5595 2614 6130 6515 21067 32 2 4 5006, 0 0 1 0 0 0 0 0 0 0
1515912851.76 17476 6200 2454 4785 4016 21837 31 0 1 6477, 0 0 1 0 0 0 0 0 0 0
1515912852.78 17476 6200 2454 5167 4016 21837 31 0 1 6191, 0 0 1 0 0 0 0 0 0 0
1515912853.8 16541 6145 2646 4098 2598 20182 31 1 6 6578, 0 0 1 0 0 0 0 0 0 0
1515912854.83 22299 8773 6826 9183 3709 33001 64 6 3 11470, 0 0 1 0 0 0 0 0 0 0
1515912855.86 17738 10202 6735 8976 4584 25095 59 4 6 7182, 0 0 1 0 0 0 0 0 0 0
1515912856.9 13446 11541 10467 13380 4939 21462 33 3 3 7121, 0 0 1 0 0 0 0 0 0 0
1515912857.91 14018 15898 13393 15069 4740 18716 25 1 1 7952, 0 0 1 0 0 0 0 0 0 0
1515912858.93 13577 17267 14061 14054 4581 17799 30 5 3 7799, 0 0 1 0 0 0 0 0 0 0
1515912859.95 12731 18001 15419 15163 5886 19983 17 5 1 9973, 0 0 1 0 0 0 0 0 0 0
1515912860.98 13876 17164 14442 13454 4567 17745 28 2 3 9390, 0 0 1 0 0 0 0 0 0 0
1515912862.01 11898 14472 12522 14138 3055 18070 32 6 2 9761, 0 0 1 0 0 0 0 0 0 0
1515912863.03 13807 13615 11734 12245 3947 19621 29 5 3 9781, 0 0 1 0 0 0 0 0 0 0
1515912864.06 13706 12256 12131 11037 2286 15624 46 3 2 10439, 0 0 1 0 0 0 0 0 0 0
1515912865.08 13623 10728 8854 8174 3654 17262 48 4 5 9047, 0 0 1 0 0 0 0 0 0 0
1515912866.1 16865 9391 4048 5363 4644 20553 30 6 6 9065, 0 0 1 0 0 0 0 0 0 0
1515912867.12 18164 11055 4989 4503 4162 21774 37 2 2 6023, 0 0 1 0 0 0 0 0 0 0
1515912868.13 18584 12889 5988 4053 5474 22751 34 3 4 5530, 0 0 1 0 0 0 0 0 0 0
1515912869.14 16458 11804 7601 5576 3746 22892 44 5 4 6076, 0 0 1 0 0 0 0 0 0 0
1515912870.15 14130 12043 8407 9133 4734 21715 37 3 4 7542, 0 0 1 0 0 0 0 0 0 0
1515912871.18 11805 12298 9876 12897 4688 19092 32 4 1 9363, 0 0 1 0 0 0 0 0 0 0
1515912872.2 7390 13115 12103 12854 4300 15583 42 6 4 8843, 0 0 1 0 0 0 0 0 0 0
1515912873.22 9522 12488 11441 13880 5233 15881 52 6 0 9572, 0 0 1 0 0 0 0 0 0 0
1515912874.23 12391 14758 12111 12666 3430 17108 43 5 0 6225, 0 0 1 0 0 0 0 0 0 0
1515912875.25 10336 13384 13059 12051 3489 17106 45 6 2 7203, 0 0 1 0 0 0 0 0 0 0
1515912876.27 10304 14180 16081 16252 4743 15632 47 6 1 8764, 0 0 1 0 0 0 0 0 0 0
1515912877.29 6846 9411 16305 20179 6501 16530 36 5 2 11975, 0 0 1 0 0 0 0 0 0 0
1515912878.32 10125 10832 15524 15925 5543 14931 43 5 4 6369, 0 0 1 0 0 0 0 0 0 0
1515912879.36 13099 13440 21231 20487 6824 24726 48 7 5 12070, 0 0 1 0 0 0 0 0 0 0
1515912880.41 10589 9514 11413 9905 4464 17857 27 5 3 6748, 0 0 1 0 0 0 0 0 0 0
1515912881.43 13477 10190 10528 7072 4149 21084 28 2 3 4586, 0 0 1 0 0 0 0 0 0 0
1515912882.46 12980 9497 8877 4363 4557 21727 40 6 3 6072, 0 0 1 0 0 0 0 0 0 0
1515912883.48 13205 8150 8302 5412 3569 25786 38 2 2 7301, 0 0 1 0 0 0 0 0 0 0
1515912884.5 10708 7682 6878 6617 3749 21709 27 3 3 9549, 0 0 1 0 0 0 0 0 0 0
1515912885.51 9961 6557 7491 9553 5724 23066 27 2 4 12903, 0 0 1 0 0 0 0 0 0 0
1515912886.55 9422 6366 8224 9638 4450 22076 38 4 2 11228, 0 0 1 0 0 0 0 0 0 0
1515912887.57 7671 9577 10427 8416 5136 22248 51 3 4 10598, 0 0 1 0 0 0 0 0 0 0
1515912888.61 12791 11246 7951 6082 5501 22505 88 3 3 7565, 0 0 1 0 0 0 0 0 0 0
1515912889.62 15532 14023 6874 4433 4097 21330 86 2 1 5906, 0 0 1 0 0 0 0 0 0 0
1515912890.66 16960 15397 8165 4289 5752 21401 55 2 4 6212, 0 0 1 0 0 0 0 0 0 0
1515912891.72 14420 12299 4769 2619 4953 18795 46 1 1 5024, 0 0 1 0 0 0 0 0 0 0
1515912892.75 10896 9182 1918 540 3553 15707 68 5 3 3099, 0 0 1 0 0 0 0 0 0 0
1515912893.8 9736 7281 1150 462 3617 14768 119 2 3 839, 0 0 1 0 0 0 0 0 0 0
1515912894.86 9117 6040 1741 134 4914 15734 90 5 6 284, 0 0 1 0 0 0 0 0 0 0
1515912895.9 19843 7959 1946 211 6906 25455 140 4 5 449, 0 0 1 0 0 0 0 0 0 0
1515912896.94 11681 2847 766 547 3728 19242 123 1 2 1205, 0 0 1 0 0 0 0 0 0 0
1515912897.96 13081 3042 392 1024 4697 20006 79 4 3 2281, 0 0 1 0 0 0 0 0 0 0
1515912898.98 12301 3271 56 518 4770 17370 73 4 2 1910, 0 0 1 0 0 0 0 0 0 0
1515912900.01 13063 6173 2499 2044 4148 16192 87 1 2 2616, 0 0 1 0 0 0 0 0 0 0
1515912901.05 15489 10696 6502 4293 5544 21517 64 3 2 5245, 0 0 1 0 0 0 0 0 0 0
1515912902.1 12521 10289 8498 3548 4272 21837 60 3 2 3521, 0 0 1 0 0 0 0 0 0 0
1515912903.13 10514 10673 11060 5201 4753 23949 36 2 1 3197, 0 0 1 0 0 0 0 0 0 0
1515912904.18 8135 7381 9295 3426 2469 20176 66 3 0 1699, 0 0 1 0 0 0 0 0 0 0
1515912905.21 10062 6896 8483 3339 2272 19573 81 4 1 2026, 0 0 1 0 0 0 0 0 0 0
1515912906.24 9887 8117 5428 1723 1988 21849 78 4 2 1653, 0 0 1 0 0 0 0 0 0 0
1515912907.27 13505 8987 6167 3045 3116 24133 115 2 2 2437, 0 0 1 0 0 0 0 0 0 0
1515912908.3 18786 13625 8940 5231 2541 22531 117 0 2 3003, 0 0 1 0 0 0 0 0 0 0
1515912909.32 19881 12848 8207 4615 6100 22511 116 1 4 2447, 0 0 1 0 0 0 0 0 0 0
1515912910.33 23356 15775 6616 4515 7147 21426 99 4 4 2821, 0 0 1 0 0 0 0 0 0 0
1515912911.36 24975 18392 6253 4755 9849 22054 106 1 1 3579, 0 0 1 0 0 0 0 0 0 0
1515912912.39 23037 16393 4431 4151 12076 23293 92 2 3 4236, 0 0 1 0 0 0 0 0 0 0
1515912913.41 32795 20092 4708 6345 15692 35319 77 4 6 9373, 0 0 1 0 0 0 0 0 0 0
1515912914.45 19076 10993 2938 3103 10179 22753 45 0 1 5326, 0 0 1 0 0 0 0 0 0 0
1515912915.48 21799 13692 5810 6272 10772 24169 32 2 6 5820, 0 0 1 0 0 0 0 0 0 0
1515912916.51 19451 14003 9130 7840 12313 26046 26 3 1 6126, 0 0 1 0 0 0 0 0 0 0
1515912917.53 19594 13399 9915 8452 10482 27570 28 3 3 6770, 0 0 1 0 0 0 0 0 0 0
1515912918.57 17973 15682 11705 8675 8343 23278 23 0 1 5143, 0 0 1 0 0 0 0 0 0 0
1515912919.6 20247 18063 12086 7141 7606 21132 33 3 1 3877, 0 0 1 0 0 0 0 0 0 0
1515912920.63 20462 18853 13807 8403 6017 20407 20 0 1 4823, 0 0 1 0 0 0 0 0 0 0
1515912921.65 19255 18912 13179 9423 5691 17901 19 1 1 5893, 0 0 1 0 0 0 0 0 0 0
1515912922.67 20527 18417 12581 7908 4020 18934 24 1 2 4306, 0 0 1 0 0 0 0 0 0 0
1515912923.73 19074 17403 12247 9807 6268 17787 22 1 2 3235, 0 0 1 0 0 0 0 0 0 0
1515912924.76 17482 14554 7963 7681 6064 17905 46 3 3 1855, 0 0 1 0 0 0 0 0 0 0
1515912925.78 18526 16400 8380 5694 5606 20939 53 4 4 4943, 0 0 1 0 0 0 0 0 0 0
1515912926.79 22065 17764 7018 3744 7917 24227 40 2 2 5505, 0 0 1 0 0 0 0 0 0 0
1515912927.8 22037 16579 5289 3953 7433 25063 21 4 4 7155, 0 0 1 0 0 0 0 0 0 0
1515912928.82 17334 11919 5690 5289 6658 21698 21 4 2 7798, 0 0 1 0 0 0 0 0 0 0
1515912929.84 17182 11529 6073 6099 8784 22706 37 2 3 7384, 0 0 1 0 0 0 0 0 0 0
1515912930.87 15522 10371 6922 7626 11737 24337 31 2 2 6564, 0 0 1 0 0 0 0 0 0 0
1515912931.9 11094 9142 6830 6670 11427 24606 24 3 1 7144, 0 0 1 0 0 0 0 0 0 0
1515912932.92 11816 9752 6362 7132 14386 33702 41 3 1 9121, 0 0 1 0 0 0 0 0 0 0
1515912933.96 13062 7001 1242 2063 10355 24565 30 4 2 6398, 0 0 1 0 0 0 0 0 0 0
1515912935.01 13000 6255 379 2983 7091 21449 22 1 1 7577, 0 0 1 0 0 0 0 0 0 0
1515912936.06 12520 8195 2134 3446 6334 20204 20 4 3 7351, 0 0 1 0 0 0 0 0 0 0
1515912937.1 13142 10023 3181 3475 4585 19858 23 3 5 7238, 0 0 1 0 0 0 0 0 0 0
1515912938.13 13009 9973 1588 2573 2341 20884 33 4 1 6182, 0 0 1 0 0 0 0 0 0 0
1515912939.17 17392 13717 1853 1645 2710 24122 33 5 2 5539, 0 0 1 0 0 0 0 0 0 0
1515912940.19 17453 14391 3423 1573 2772 20981 29 4 3 4303, 0 0 1 0 0 0 0 0 0 0
1515912941.22 13963 13713 3043 1377 2066 17264 37 4 4 3262, 0 0 1 0 0 0 0 0 0 0
1515912942.28 18160 16331 4530 2090 2564 19172 56 4 3 2638, 0 0 1 0 0 0 0 0 0 0
1515912943.32 15160 16549 6063 2842 2035 18167 86 4 3 3145, 0 0 1 0 0 0 0 0 0 0
1515912944.37 15218 15344 6056 2328 1789 17262 90 2 2 3446, 0 0 1 0 0 0 0 0 0 0
1515912945.38 12668 17685 9006 3264 2897 16664 85 3 3 3945, 0 0 1 0 0 0 0 0 0 0
1515912946.44 11831 16029 9323 3228 2575 15371 79 3 2 3262, 0 0 1 0 0 0 0 0 0 0
1515912947.48 13460 19358 15073 5902 2925 23226 122 2 2 4846, 0 0 1 0 0 0 0 0 0 0
1515912948.53 8777 14042 10664 4358 2512 15327 64 3 1 4549, 0 0 1 0 0 0 0 0 0 0
1515912949.54 12626 15667 10182 4451 3428 16810 46 1 3 3736, 0 0 1 0 0 0 0 0 0 0
1515912950.56 13417 13842 10692 5561 3802 15035 53 1 2 2355, 0 0 1 0 0 0 0 0 0 0
1515912951.58 16611 13943 10577 6129 8696 19361 55 2 2 3539, 0 0 1 0 0 0 0 0 0 0
1515912952.6 16163 13934 9425 4898 9422 20356 95 2 2 4821, 0 0 1 0 0 0 0 0 0 0
1515912953.63 22639 16983 7936 3415 11205 24143 64 2 2 3092, 0 0 1 0 0 0 0 0 0 0
1515912954.65 25630 19133 7722 4177 9246 24241 61 3 2 4025, 0 0 1 0 0 0 0 0 0 0
1515912955.67 26033 18208 5646 4353 11420 25490 56 2 1 3681, 0 0 1 0 0 0 0 0 0 0
1515912956.68 26649 16745 5955 5956 9156 26827 53 5 4 5613, 0 0 1 0 0 0 0 0 0 0
1515912957.7 28359 17154 5498 5266 7676 26358 32 2 4 6599, 0 0 1 0 0 0 0 0 0 0
1515912958.73 29515 17214 5021 4795 6444 25628 35 1 3 5967, 0 0 1 0 0 0 0 0 0 0
1515912959.74 26811 16832 6782 6658 6342 23651 22 3 3 6007, 0 0 1 0 0 0 0 0 0 0
1515912960.76 25966 15226 5533 4945 4975 23980 20 5 3 5827, 0 0 1 0 0 0 0 0 0 0
1515912961.77 26979 15561 5559 5241 4987 25343 23 8 4 6735, 0 0 1 0 0 0 0 0 0 0
1515912962.8 25746 15577 5582 5827 5775 25648 28 2 2 6904, 0 0 1 0 0 0 0 0 0 0
1515912963.82 25821 16419 5856 4546 5496 25291 23 4 2 6604, 0 0 1 0 0 0 0 0 0 0
1515912964.84 22498 14099 4898 3760 4479 25223 17 3 2 5761, 0 0 1 0 0 0 0 0 0 0
1515912965.86 27359 16667 5332 5041 5188 27791 18 1 4 6838, 0 0 1 0 0 0 0 0 0 0
1515912966.87 22428 15017 7927 9227 6677 23296 25 1 2 7937, 0 0 1 0 0 0 0 0 0 0
1515912967.89 16857 12432 9237 9947 6485 20800 25 2 3 7996, 0 0 1 0 0 0 0 0 0 0
1515912968.92 12736 12177 6684 9101 6068 17746 30 5 5 5669, 0 0 1 0 0 0 0 0 0 0
1515912969.95 16508 11705 4574 8581 8344 23800 31 2 6 8533, 0 0 1 0 0 0 0 0 0 0
1515912971.0 26335 21866 11743 15549 13322 39562 94 4 3 11802, 0 0 1 0 0 0 0 0 0 0
1515912972.04 16993 15562 7464 9640 7579 24952 44 2 4 8356, 0 0 1 0 0 0 0 0 0 0
1515912973.09 16250 15266 11046 10389 7100 27656 49 0 5 7724, 0 0 1 0 0 0 0 0 0 0
1515912974.11 14764 14267 10772 11006 6802 24706 33 4 1 9057, 0 0 1 0 0 0 0 0 0 0
1515912975.15 17493 14811 6324 8561 6778 25418 21 1 5 8558, 0 0 1 0 0 0 0 0 0 0
1515912976.19 21506 13619 3214 3174 5833 25562 20 4 3 4859, 0 0 1 0 0 0 0 0 0 0
1515912977.22 16988 14662 5444 4012 5828 21398 29 4 1 3822, 0 0 1 0 0 0 0 0 0 0
1515912978.26 16872 14564 8308 7466 4490 17907 30 0 2 2835, 0 0 1 0 0 0 0 0 0 0
1515912979.29 17992 14622 9444 8241 3460 16936 35 2 2 4100, 0 0 1 0 0 0 0 0 0 0
1515912980.32 18396 17019 10773 8445 4850 18347 32 1 1 4075, 0 0 1 0 0 0 0 0 0 0
1515912981.35 17113 13848 10433 9950 4629 21377 33 0 1 8109, 0 0 1 0 0 0 0 0 0 0
1515912982.38 15027 15283 13067 11118 4771 19757 30 1 0 6456, 0 0 1 0 0 0 0 0 0 0
1515912983.41 18124 17049 14178 13445 3737 18944 14 1 3 9232, 0 0 1 0 0 0 0 0 0 0
1515912984.44 17224 14961 14867 13179 3509 19122 21 3 3 8506, 0 0 1 0 0 0 0 0 0 0
1515912985.49 18827 17181 14572 11465 2691 18421 20 0 2 6652, 0 0 1 0 0 0 0 0 0 0
1515912986.56 27525 28743 22435 16509 3875 25735 33 1 2 11676, 0 0 1 0 0 0 0 0 0 0
1515912987.64 20032 16574 14150 10859 2897 20795 27 4 3 7517, 0 0 1 0 0 0 0 0 0 0
1515912988.67 17801 14301 11093 9954 2525 20707 39 3 2 6114, 0 0 1 0 0 0 0 0 0 0
1515912989.72 20613 13849 8672 8325 3252 21511 79 4 2 6011, 0 0 1 0 0 0 0 0 0 0
1515912990.76 21725 15021 8601 9890 5062 26421 37 2 1 8463, 0 0 1 0 0 0 0 0 0 0
1515912991.77 18317 14269 10407 10759 3983 23732 37 2 3 7439, 0 0 1 0 0 0 0 0 0 0
1515912992.79 19451 15353 8156 7116 4628 26498 25 2 4 6661, 0 0 1 0 0 0 0 0 0 0
1515912993.8 18711 15449 8409 9288 3949 23661 32 0 1 6995, 0 0 1 0 0 0 0 0 0 0
1515912994.81 17410 13902 7367 10172 4128 19684 39 3 2 7231, 0 0 1 0 0 0 0 0 0 0
1515912995.85 20009 12863 7565 9465 4474 23119 37 2 1 6351, 0 0 1 0 0 0 0 0 0 0
1515912996.86 17286 11966 7316 9220 7010 23357 34 3 2 8298, 0 0 1 0 0 0 0 0 0 0
1515912997.89 14275 10637 7666 10835 7002 23074 22 1 2 8180, 0 0 1 0 0 0 0 0 0 0
1515912998.91 14687 10323 9387 12705 7757 24024 22 2 3 9447, 0 0 1 0 0 0 0 0 0 0
1515912999.93 18034 13044 8436 12315 8065 25351 18 2 5 9772, 0 0 1 0 0 0 0 0 0 0
1515913000.94 16036 10214 8628 12285 6525 22945 19 2 1 8897, 0 0 1 0 0 0 0 0 0 0
1515913001.96 18312 11374 9423 12563 7598 23300 26 2 0 10044, 0 0 1 0 0 0 0 0 0 0
1515913003.0 20009 13760 8943 13578 6327 23491 24 4 3 11604, 0 0 1 0 0 0 0 0 0 0
1515913004.03 28243 20901 13675 20877 9263 34128 25 4 0 17997, 0 0 1 0 0 0 0 0 0 0
1515913005.08 17099 14946 9775 15170 4783 21422 13 0 1 13203, 0 0 1 0 0 0 0 0 0 0
1515913006.11 14201 14166 12167 16042 4371 19412 17 4 2 11453, 0 0 1 0 0 0 0 0 0 0
1515913007.13 13903 13238 13862 16619 5825 23794 8 2 4 11165, 0 0 1 0 0 0 0 0 0 0
1515913008.16 13224 15526 14928 17990 4548 20941 25 3 0 12136, 0 0 1 0 0 0 0 0 0 0
1515913009.18 11166 13561 14115 16147 5582 18064 17 2 2 9831, 0 0 1 0 0 0 0 0 0 0
1515913010.2 13527 17684 15922 16715 5459 15174 16 2 0 9405, 0 0 1 0 0 0 0 0 0 0
1515913011.25 17226 18679 15615 16520 5755 18606 13 2 1 8560, 0 0 1 0 0 0 0 0 0 0
1515913012.26 20061 19730 15101 13568 4749 20177 27 0 0 6166, 0 0 1 0 0 0 0 0 0 0
1515913013.3 17633 19469 14376 13499 4398 18583 24 3 2 9666, 0 0 1 0 0 0 0 0 0 0
1515913014.32 16877 16114 13221 13437 4960 21896 22 0 0 11920, 0 0 1 0 0 0 0 0 0 0
1515913015.34 17565 17212 15635 14643 4018 21889 15 0 2 11804, 0 0 1 0 0 0 0 0 0 0
1515913016.36 19313 16548 16500 15852 5071 24166 17 1 0 13195, 0 0 1 0 0 0 0 0 0 0
1515913017.39 20123 15698 14715 15246 6594 24991 19 2 0 10809, 0 0 1 0 0 0 0 0 0 0
1515913018.41 16321 13951 13666 15056 8213 26068 19 0 0 12440, 0 0 1 0 0 0 0 0 0 0
1515913019.45 17663 12107 14431 14786 8420 25885 23 2 1 11009, 0 0 1 0 0 0 0 0 0 0
1515913020.48 15612 12545 12639 13804 8956 23625 33 2 2 9132, 0 0 1 0 0 0 0 0 0 0
1515913021.52 15910 13444 11361 14502 10635 22499 38 3 4 8396, 0 0 1 0 0 0 0 0 0 0
1515913022.56 18903 12376 11299 14568 7503 24844 18 2 1 10506, 0 0 1 0 0 0 0 0 0 0
1515913023.58 34587 23963 17804 20528 8336 35546 24 3 4 14338, 0 0 1 0 0 0 0 0 0 0
1515913024.62 22814 16321 13109 12690 6333 24131 18 1 2 6860, 0 0 1 0 0 0 0 0 0 0
1515913025.63 23456 14791 11019 12606 7138 23691 20 3 2 7971, 0 0 1 0 0 0 0 0 0 0
1515913026.65 28111 17792 12239 11065 6331 26289 21 3 3 5987, 0 0 1 0 0 0 0 0 0 0
1515913027.68 30055 18362 10513 9459 6974 26063 53 1 2 4446, 0 0 1 0 0 0 0 0 0 0
1515913028.69 30938 18802 8838 7524 3330 24825 38 2 1 5745, 0 0 1 0 0 0 0 0 0 0
1515913029.72 32271 19062 9107 7015 3204 25046 42 1 2 4266, 0 0 1 0 0 0 0 0 0 0
1515913030.74 30709 17019 8960 8235 3159 23501 69 2 3 4978, 0 0 1 0 0 0 0 0 0 0
1515913031.77 31619 17556 7091 6623 3954 25047 82 2 3 4136, 0 0 1 0 0 0 0 0 0 0
1515913032.79 27467 16354 8291 7321 4801 25481 53 4 1 6333, 0 0 1 0 0 0 0 0 0 0
1515913033.81 27347 18764 9723 8458 4507 24056 47 1 3 7334, 0 0 1 0 0 0 0 0 0 0
1515913034.85 24696 16398 10508 7990 3802 24321 32 1 4 7968, 0 0 1 0 0 0 0 0 0 0
1515913035.88 25100 16766 10185 10037 5477 26326 28 1 1 7993, 0 0 1 0 0 0 0 0 0 0
1515913036.91 23805 16290 10065 12102 5346 22703 31 2 2 9780, 0 0 1 0 0 0 0 0 0 0
1515913037.96 24253 18522 10501 11992 4904 23175 21 1 2 10313, 0 0 1 0 0 0 0 0 0 0
1515913038.99 22082 18258 11074 14745 5110 24114 16 0 2 14570, 0 0 1 0 0 0 0 0 0 0
1515913040.03 24364 17922 10021 12678 6073 26414 21 1 0 13415, 0 0 1 0 0 0 0 0 0 0
1515913041.06 21925 14402 8163 11786 6410 25649 22 2 3 12682, 0 0 1 0 0 0 0 0 0 0
1515913042.07 22972 14372 9188 17151 13867 35101 33 1 1 20968, 0 0 1 0 0 0 0 0 0 0
1515913043.08 22974 14372 9191 6791 13867 24803 24 6 3 737, 0 0 1 0 0 0 0 0 0 0
1515913044.09 22974 14372 9191 6791 13867 24803 24 6 3 737, 0 0 1 0 0 0 0 0 0 0
1515913045.1 22974 14372 9191 6791 13867 24803 24 6 3 737, 0 0 1 0 0 0 0 0 0 0
1515913046.11 22974 14372 9191 6791 13867 24803 24 6 3 737, 0 0 1 0 0 0 0 0 0 0
1515913047.13 22974 14372 9191 6791 13867 24803 24 6 3 737, 0 0 1 0 0 0 0 0 0 0
1515913048.13 22974 14372 9191 6791 13867 24803 24 6 3 737, 0 0 1 0 0 0 0 0 0 0
1515913049.14 22974 14372 9191 6791 13867 24803 24 6 3 737, 0 0 1 0 0 0 0 0 0 0
